time,open,high,low,close,Fair Value,Bottom Band,Top Band,Likely Bottom,Likely Top,VLT SRI Bias Histogram,LT SRI Bias Histogram,ST SRI Bias Histogram,VST SRI Bias Histogram,VST Reversal Support,VST Reversal Robust Fit,VST Reversal Resistance,VST Fast Trackline,VST Slow Trackline,VST Stage 4 to 1,VST Stage 1 to 2,VST Stage 2 to 3,VST Stage 3 to 4,VLT Reversal Support,VLT Reversal Robust Fit,VLT Reversal Resistance,VLT Fast Trackline,VLT Slow Trackline,VLT Stage 4 to 1,VLT Stage 1 to 2,VLT Stage 2 to 3,VLT Stage 3 to 4,ST Reversal Support,ST Reversal Robust Fit,ST Reversal Resistance,ST Fast Trackline,ST Slow Trackline,ST Stage 4 to 1,ST Stage 1 to 2,ST Stage 2 to 3,ST Stage 3 to 4,LT Reversal Support,LT Reversal Robust Fit,LT Reversal Resistance,LT Fast Trackline,LT Slow Trackline,LT Stage 4 to 1,LT Stage 1 to 2,LT Stage 2 to 3,LT Stage 3 to 4,LOI,Deep Accumulate,Accumulate,Trim 25%,Trim 50%,Trim 75%,Exit 100%,LT Fast Trackline,LT Slow Trackline,AB2 Bull Put,AB2 Bear Call,AB2 Iron Condor,AB2 Conservative,LT Fast Trackline,LT Slow Trackline,AB1 Strong Bull,AB1 Strong Bear,AB1 Exit FTL,AB1 Exit Time,Stage 1 Armed
1624555800,350,350.44,349.19,349.85,68.06838966492184,54.45471173193747,102.10258449738276,,349.85,45,40,85,60,345.39763511238004,349.0803058823529,352.76297665232573,347.88611354769813,344.9946671707137,0,0,0,0,328.25663158165423,339.48338823529417,350.7101448889341,345.01929167911754,317.1430402467547,0,0,0,0,341.804534079941,347.92783529411753,354.05113650829406,347.88611354769813,344.9946671707137,0,0,0,0,331.51112437299633,338.98912941176474,346.46713445053314,347.01151795884954,325.42672534626286,0,0,0,0,22.04625627970523,,,,,,,347.01151795884954,325.42672534626286,0,0,0,0,347.01151795884954,325.42672534626286,0,0,0,0,0
1624627800,350.47,350.71,348.85,349.42,70.09441368107156,56.07553094485725,105.14162052160734,,349.42,25,20,50,40,345.8803844925754,349.5178117647056,353.1552390368358,347.88611354769813,344.9946671707137,0,0,0,0,328.25663158165423,339.48338823529417,350.7101448889341,345.01929167911754,317.1430402467547,0,0,0,0,342.26241013843605,348.4482117647056,354.63401339097516,347.88611354769813,344.9946671707137,0,0,0,0,331.51112437299633,338.98912941176474,346.46713445053314,347.01151795884954,325.42672534626286,0,0,0,0,22.04625627970523,,,,,,,347.01151795884954,325.42672534626286,0,0,0,0,347.01151795884954,325.42672534626286,0,0,0,0,0
1624642200,349.38,349.94,348.96,349.47,70.09441368107156,56.07553094485725,105.14162052160734,,349.47,30,60,55,45,346.309901467521,349.9064705882348,353.5030397089486,347.88611354769813,344.9946671707137,0,0,0,0,328.25663158165423,339.48338823529417,350.7101448889341,345.01929167911754,317.1430402467547,0,0,0,0,342.701340056636,348.9218352941176,355.1423305315992,347.88611354769813,344.9946671707137,0,0,0,0,332.6487616569092,340.3362117647057,348.0236618725022,347.01151795884954,328.1776735358155,0,0,0,0,22.250579452912948,,,,,,,347.01151795884954,328.1776735358155,0,0,0,0,347.01151795884954,328.1776735358155,0,0,0,0,0
1624887000,350.78,353.22,350.72,352.4,70.14418045034299,56.11534436027439,105.21627067551448,,352.4,25,35,40,40,346.9461142225834,350.57190588235227,354.19769754212115,350.7445955556911,344.9946671707137,0,0,0,0,328.25663158165423,339.48338823529417,350.7101448889341,345.01929167911754,317.1430402467547,0,0,0,0,343.23185628349916,349.52207058823507,355.812284892971,350.7445955556911,344.9946671707137,0,0,0,0,332.6487616569092,340.3362117647057,348.0236618725022,348.3138245632732,328.1776735358155,0,0,0,0,22.324985028922615,,,,,,,348.3138245632732,328.1776735358155,0,0,0,0,348.3138245632732,328.1776735358155,0,0,0,0,0
1624901400,352.37,353.85,352.36,353.69,70.14418045034299,56.11534436027439,105.21627067551448,,353.69,45,60,60,75,347.6284218423759,351.46117647058793,355.2939310988,351.80238086179486,346.68157526454394,0,0,0,0,329.56238963814764,341.3049176470589,353.0474456559702,346.6876035396473,317.1430402467547,0,0,0,0,343.7899940661786,350.1399999999996,356.49000593382056,351.80238086179486,346.68157526454394,0,0,0,0,333.95926201875943,342.0108235294117,350.062385040064,350.0192656658965,328.1776735358155,0,0,0,0,23.07997813537307,,,,,,,350.0192656658965,328.1776735358155,0,0,0,0,350.0192656658965,328.1776735358155,0,0,0,0,0
1624973400,353.53,354.7,352.68,354.36,69.72952447592436,55.7836195807395,104.59428671388655,,354.36,15,35,15,40,348.31338543362517,352.3425411764703,356.37169691931547,352.10332839613943,346.68157526454394,0,0,0,0,329.56238963814764,341.3049176470589,353.0474456559702,346.6876035396473,317.1430402467547,0,0,0,0,344.39941278841854,350.98263529411736,357.5658577998162,352.10332839613943,346.68157526454394,0,0,0,0,333.95926201875943,342.0108235294117,350.062385040064,350.36217526118963,328.1776735358155,0,0,0,0,23.099569824358106,,,,,,,350.36217526118963,328.1776735358155,0,0,0,0,350.36217526118963,328.1776735358155,0,0,0,0,0
1624987800,354.33,355.01,354.14,354.96,69.72952447592436,55.7836195807395,104.59428671388655,,354.96,20,65,75,85,349.02192981411645,353.2438823529409,357.4658348917653,353.30271683136516,348.7521841742194,0,0,0,0,329.56238963814764,341.3049176470589,353.0474456559702,348.76920328681535,317.1430402467547,0,0,0,0,345.0104132770409,351.8088235294115,358.60723378178204,353.30271683136516,348.7521841742194,0,0,0,0,335.1501620264422,343.63209411764706,352.1140262088519,351.9255913139618,328.1776735358155,0,0,0,0,23.540699625700217,,,,,,,351.9255913139618,328.1776735358155,0,0,0,0,351.9255913139618,328.1776735358155,0,0,0,0,0
1625059800,354.83,355.22,353.83,354.43,72.63542039716532,58.10833631773226,108.95313059574798,,354.43,15,20,40,50,349.6552460267622,353.98249411764675,358.3097422085313,353.30271683136516,348.7521841742194,0,0,0,0,329.56238963814764,341.3049176470589,353.0474456559702,348.76920328681535,317.1430402467547,0,0,0,0,345.58966863194473,352.55708235294077,359.5244960739368,353.30271683136516,348.7521841742194,0,0,0,0,335.1501620264422,343.63209411764706,352.1140262088519,351.9255913139618,328.1776735358155,0,0,0,0,23.540699625700217,,,,,,,351.9255913139618,328.1776735358155,0,0,0,0,351.9255913139618,328.1776735358155,0,0,0,0,0
1625074200,354.44,355.07,354.09,354.43,72.63542039716532,58.10833631773226,108.95313059574798,,354.43,45,35,60,60,350.2802743819572,354.7314117647056,359.18254914745404,353.30271683136516,350.0920281617751,0,0,0,0,331.067669753461,343.31724705882374,355.56682436418646,350.0992601948999,317.1430402467547,0,0,0,0,346.14862184262637,353.25555294117623,360.3624840397261,353.30271683136516,350.0920281617751,0,0,0,0,336.2095261706369,345.07317647058835,353.9368267705398,352.018443530916,328.1776735358155,0,0,0,0,23.30918631564128,,,,,,,352.018443530916,328.1776735358155,0,0,0,0,352.018443530916,328.1776735358155,0,0,0,0,0
1625146200,354.07,355.08,352.71,353.46,70.86086077844655,56.68868862275724,106.29129116766983,,353.46,10,20,25,25,350.7772551053913,355.2917176470588,359.80618018872633,353.30271683136516,350.0920281617751,0,0,0,0,331.067669753461,343.31724705882374,355.56682436418646,350.0992601948999,317.1430402467547,0,0,0,0,346.6608634894112,353.8741647058819,361.08746592235264,353.30271683136516,350.0920281617751,0,0,0,0,336.2095261706369,345.07317647058835,353.9368267705398,352.018443530916,328.1776735358155,0,0,0,0,23.30918631564128,,,,,,,352.018443530916,328.1776735358155,0,0,0,0,352.018443530916,328.1776735358155,0,0,0,0,0
1625160600,353.48,354.69,353.45,354.59,70.86086077844655,56.68868862275724,106.29129116766983,,354.59,25,20,40,40,351.28599021939857,355.82560000000007,360.36520978060156,353.30271683136516,350.0920281617751,0,0,0,0,331.067669753461,343.31724705882374,355.56682436418646,350.0992601948999,317.1430402467547,0,0,0,0,347.2005948816345,354.53296470588225,361.86533453013,353.30271683136516,350.0920281617751,0,0,0,0,337.38391617106066,346.5979294117647,355.81194265246876,352.018443530916,328.1776735358155,0,0,0,0,22.75925171047139,,,,,,,352.018443530916,328.1776735358155,0,0,0,0,352.018443530916,328.1776735358155,0,0,0,0,0
1625232600,356.54,358.07,356.29,357.78,67.77816731368186,54.222533850945496,101.66725097052279,,357.78,20,10,10,25,351.983716495449,356.6394117647056,361.29510703396215,355.3177410331849,350.0920281617751,0,0,0,0,331.067669753461,343.31724705882374,355.56682436418646,350.0992601948999,317.1430402467547,0,0,0,0,347.84969566999814,355.38872941176476,362.9277631535314,355.3177410331849,350.0920281617751,0,0,0,0,337.38391617106066,346.5979294117647,355.81194265246876,354.15461386203447,328.1776735358155,0,0,0,0,22.881298994422597,,,,,,,354.15461386203447,328.1776735358155,0,0,0,0,354.15461386203447,328.1776735358155,0,0,0,0,0
1625247000,357.8,358.965,357.8,358.66,67.77816731368186,54.222533850945496,101.66725097052279,,358.66,70,70,70,70,352.73503767567615,357.5325411764706,362.33004467726505,357.1284603806543,352.58282020071425,0,0,0,0,332.8034831614466,345.6881882352941,358.5728933091416,352.60349475988824,322.837108800558,0,0,0,0,348.4963766496359,356.2124470588232,363.9285174680105,357.1284603806543,352.58282020071425,0,0,0,0,338.53133204460613,348.23915294117626,357.9469738377464,355.73249858617487,338.923553997543,0,0,0,0,20.862866516393225,,,,,,,355.73249858617487,338.923553997543,0,0,0,0,355.73249858617487,338.923553997543,0,0,0,0,0
1625578200,359.26,360.47,356.5,358.72,68.11141817557304,54.48913454045843,102.16712726335956,,358.72,35,35,35,35,353.4464853089497,358.2434352941177,363.0403852792857,357.3578560677504,352.58282020071425,0,0,0,0,332.8034831614466,345.6881882352941,358.5728933091416,352.60349475988824,322.837108800558,0,0,0,0,349.1471178735239,357.0493647058821,364.95161153824034,357.3578560677504,352.58282020071425,0,0,0,0,338.53133204460613,348.23915294117626,357.9469738377464,355.73249858617487,338.923553997543,0,0,0,0,20.862866516393225,,,,,,,355.73249858617487,338.923553997543,0,0,0,0,355.73249858617487,338.923553997543,0,0,0,0,0
1625592600,358.74,360.33,358.59,360.16,68.11141817557304,54.48913454045843,102.16712726335956,,360.16,40,55,55,80,354.2745377446655,359.31960000000015,364.3646622553348,358.5640232437492,352.7719044720918,0,0,0,0,332.8034831614466,345.6881882352941,358.5728933091416,352.7932451341819,322.837108800558,0,0,0,0,349.8202795081713,357.9085647058821,365.9968499035929,358.5640232437492,352.7719044720918,0,0,0,0,339.8893694603288,350.11437647058824,360.3393834808477,356.4197054135895,338.923553997543,0,0,0,0,20.579821193042743,,,,,,,356.4197054135895,338.923553997543,0,0,0,0,356.4197054135895,338.923553997543,0,0,0,0,0
1625664600,362.52,362.76,358.94,360.54,69.20584398494047,55.36467518795238,103.8087659774107,,360.54,35,40,35,45,355.0585602198837,360.2899058823531,365.52125154482246,358.5640232437492,352.7719044720918,0,0,0,0,332.8034831614466,345.6881882352941,358.5728933091416,352.7932451341819,322.837108800558,0,0,0,0,350.47366507421646,358.69802352941184,366.9223819846072,358.5640232437492,352.7719044720918,0,0,0,0,339.8893694603288,350.11437647058824,360.3393834808477,356.6518693126188,338.923553997543,0,0,0,0,20.59266501299995,,,,,,,356.6518693126188,338.923553997543,0,0,0,0,356.6518693126188,338.923553997543,0,0,0,0,0
1625679000,360.51,361.4,360.16,360.83,69.20584398494047,55.36467518795238,103.8087659774107,,360.83,55,55,65,70,355.760597950159,360.9573411764705,366.15408440278196,359.09172891151394,355.2146255812281,0,0,0,0,334.6572766429427,348.22216470588245,361.7870527688222,355.22515619602603,322.837108800558,0,0,0,0,351.11265349631725,359.4440705882352,367.77548768015316,359.09172891151394,355.2146255812281,0,0,0,0,341.3653686973097,352.0881411764706,362.81091365563145,357.946735790289,338.923553997543,0,0,0,0,21.11364687773857,,,,,,,357.946735790289,338.923553997543,0,0,0,0,357.946735790289,338.923553997543,0,0,0,0,0
1625751000,355.74,359.31,354.42,359.2,68.49072899275279,54.79258319420224,102.73609348912919,,359.2,20,25,20,35,356.12309519316443,361.08171764705884,366.04034010095324,359.09172891151394,355.2146255812281,0,0,0,0,334.6572766429427,348.22216470588245,361.7870527688222,355.22515619602603,322.837108800558,0,0,0,0,351.64852087865034,359.97929411764693,368.3100673566435,359.09172891151394,355.2146255812281,0,0,0,0,341.3653686973097,352.0881411764706,362.81091365563145,357.946735790289,338.923553997543,0,0,0,0,21.11364687773857,,,,,,,357.946735790289,338.923553997543,0,0,0,0,357.946735790289,338.923553997543,0,0,0,0,0
1625765400,359.23,359.64,357.34,358.86,68.49072899275279,54.79258319420224,102.73609348912919,,358.86,25,25,40,40,356.47737244606435,361.1869176470585,365.8964628480527,359.09172891151394,355.2146255812281,0,0,0,0,334.6572766429427,348.22216470588245,361.7870527688222,355.22515619602603,322.837108800558,0,0,0,0,352.1471661890307,360.4674117647058,368.78765734038086,359.09172891151394,355.2146255812281,0,0,0,0,342.6802504656911,353.7879764705879,364.89570247548477,357.946735790289,338.923553997543,0,0,0,0,20.799106574319875,,,,,,,357.946735790289,338.923553997543,0,0,0,0,357.946735790289,338.923553997543,0,0,0,0,0
1625837400,358.17,361.48,357.57,360.88,66.44771327547639,53.158170620381114,99.67156991321458,,360.88,20,10,10,10,357.0169365829951,361.5206823529416,366.02442812288814,359.09172891151394,355.2146255812281,0,0,0,0,334.6572766429427,348.22216470588245,361.7870527688222,355.22515619602603,322.837108800558,0,0,0,0,352.7027109870177,360.9709647058825,369.2392184247473,359.09172891151394,355.2146255812281,0,0,0,0,342.6802504656911,353.7879764705879,364.89570247548477,357.946735790289,338.923553997543,0,0,0,0,20.799106574319875,,,,,,,357.946735790289,338.923553997543,0,0,0,0,357.946735790289,338.923553997543,0,0,0,0,0
1625851800,360.89,361.4,360.66,360.98,66.44771327547639,53.158170620381114,99.67156991321458,,360.98,25,50,15,15,357.52261384031266,361.9261411764706,366.32966851262853,359.09172891151394,355.2146255812281,0,0,0,0,336.54651584624446,350.7371529411766,364.9277900361087,355.22515619602603,322.837108800558,0,0,0,0,353.2393728910989,361.3517176470587,369.4640624030185,359.09172891151394,355.2146255812281,0,0,0,0,344.02041791933107,355.57192941176453,367.123440904198,358.1940782722419,342.8704429977185,0,0,0,0,20.58468091503388,,,,,,,358.1940782722419,342.8704429977185,0,0,0,0,358.1940782722419,342.8704429977185,0,0,0,0,0
1626096600,362.45,362.88,360.83,361.56,69.24588337759852,55.396706702078816,103.86882506639778,,361.56,10,35,10,25,358.02660671294495,362.37552941176517,366.7244521105854,359.7131533263359,355.2146255812281,0,0,0,0,336.54651584624446,350.7371529411766,364.9277900361087,355.22515619602603,322.837108800558,0,0,0,0,353.78589291933923,361.92750588235276,370.0691188453663,359.7131533263359,355.2146255812281,0,0,0,0,344.02041791933107,355.57192941176453,367.123440904198,358.39378696708167,342.8704429977185,0,0,0,0,20.595602060629016,,,,,,,358.39378696708167,342.8704429977185,0,0,0,0,358.39378696708167,342.8704429977185,0,0,0,0,0
1626111000,361.57,362.5,361.32,362.45,69.24588337759852,55.396706702078816,103.86882506639778,,362.45,15,55,30,45,358.55668138459674,362.84458823529405,367.13249508599137,360.566545470157,357.0372749278273,0,0,0,0,336.54651584624446,350.7371529411766,364.9277900361087,357.05513781438384,322.837108800558,0,0,0,0,354.3466085643007,362.5201647058823,370.69372084746385,360.566545470157,357.0372749278273,0,0,0,0,345.44758557936234,357.46237647058837,369.4771673618144,358.973516469433,342.8704429977185,0,0,0,0,22.21436859734539,,,,,,,358.973516469433,342.8704429977185,0,0,0,0,358.973516469433,342.8704429977185,0,0,0,0,0
1626183000,362.03,365.46,361.78,363.3,66.89713575310749,53.517708602485996,100.34570362966124,,363.3,10,40,10,25,359.1991495464902,363.4815764705886,367.764003394687,361.0168682880435,357.0372749278273,0,0,0,0,336.54651584624446,350.7371529411766,364.9277900361087,357.05513781438384,322.837108800558,0,0,0,0,354.91489305724264,363.0986352941175,371.2823775309924,361.0168682880435,357.0372749278273,0,0,0,0,345.44758557936234,357.46237647058837,369.4771673618144,359.3382652930449,342.8704429977185,0,0,0,0,22.234315024873325,,,,,,,359.3382652930449,342.8704429977185,0,0,0,0,359.3382652930449,342.8704429977185,0,0,0,0,0
1626197400,363.26,363.37,361.54,362.35,66.89713575310749,53.517708602485996,100.34570362966124,,362.35,40,45,70,55,359.6389606364989,363.8820000000005,368.12503936350214,361.0168682880435,357.73782671869685,0,0,0,0,338.3418184435115,353.1788941176474,368.01596979178333,357.7547708276422,322.837108800558,0,0,0,0,355.41909382418925,363.5889411764706,371.75878852875195,361.0168682880435,357.73782671869685,0,0,0,0,346.76854160118785,359.21138823529424,371.6542348694006,359.3382652930449,342.8704429977185,0,0,0,0,22.461125532678057,,,,,,,359.3382652930449,342.8704429977185,0,0,0,0,359.3382652930449,342.8704429977185,0,0,0,0,0
1626269400,364.83,365.48,362.22,363.16,66.1302745846253,52.90421966770024,99.19541187693795,,363.16,20,20,35,50,360.1052780588023,364.2512941176472,368.3973101764921,361.53174913587156,357.73782671869685,0,0,0,0,338.3418184435115,353.1788941176474,368.01596979178333,357.7547708276422,322.837108800558,0,0,0,0,355.9329748923331,364.076211764706,372.21944863707887,361.53174913587156,357.73782671869685,0,0,0,0,346.76854160118785,359.21138823529424,371.6542348694006,359.76039201288063,342.8704429977185,0,0,0,0,22.484209692186585,,,,,,,359.76039201288063,342.8704429977185,0,0,0,0,359.76039201288063,342.8704429977185,0,0,0,0,0
1626283800,363.11,364.29,362.69,363.03,66.1302745846253,52.90421966770024,99.19541187693795,,363.03,25,35,65,55,360.49915801896327,364.4512705882353,368.4033831575073,361.53174913587156,358.4558390959328,0,0,0,0,338.3418184435115,353.1788941176474,368.01596979178333,358.4722871970963,322.837108800558,0,0,0,0,356.41420240264694,364.5004470588237,372.5866917150004,361.53174913587156,358.4558390959328,0,0,0,0,348.02939763306335,360.8813882352943,373.73337883752527,360.2917925833891,342.8704429977185,0,0,0,0,22.22611610256264,,,,,,,360.2917925833891,342.8704429977185,0,0,0,0,360.2917925833891,342.8704429977185,0,0,0,0,0
1626355800,362.98,363.16,359.1,359.68,66.31667264261459,53.05333811409167,99.47500896392188,,359.68,0,0,15,-10,360.52755920436266,364.0900705882353,364.0900705882353,361.53174913587156,358.4558390959328,0,0,0,0,338.3418184435115,353.1788941176474,368.01596979178333,358.4722871970963,322.837108800558,0,0,0,0,356.69813343036,364.659717647059,372.621301863758,361.53174913587156,358.4558390959328,0,0,0,0,348.02939763306335,360.8813882352943,373.73337883752527,360.2917925833891,342.8704429977185,0,0,0,0,22.22611610256264,,,,,,,360.2917925833891,342.8704429977185,0,0,0,0,360.2917925833891,342.8704429977185,0,0,0,0,0
1626370200,359.62,360.7,358.47,360.44,66.31667264261459,53.05333811409167,99.47500896392188,,360.44,5,10,20,-5,360.49264643371896,363.85025882352954,363.85025882352954,361.53174913587156,358.4558390959328,0,0,0,0,339.7084620004776,355.00143529411787,370.29440858775814,358.4722871970963,322.837108800558,0,0,0,0,356.9963281656807,364.7776000000001,372.5588718343195,361.53174913587156,358.4558390959328,0,0,0,0,348.9733843909757,362.0481411764705,375.1228979619653,360.2917925833891,342.8704429977185,0,0,0,0,22.22611610256264,,,,,,,360.2917925833891,342.8704429977185,0,0,0,0,360.2917925833891,342.8704429977185,0,0,0,0,0
1626442200,361.41,362.4,358.18,359.72,64.35186460832031,51.481491686656256,96.52779691248047,,359.72,-10,10,-10,-10,360.2762307998819,363.46392941176475,363.46392941176475,361.53174913587156,358.4558390959328,0,0,0,0,339.7084620004776,355.00143529411787,370.29440858775814,358.4722871970963,322.837108800558,0,0,0,0,357.2405734742229,364.9000705882354,372.5595677022479,361.53174913587156,358.4558390959328,0,0,0,0,348.9733843909757,362.0481411764705,375.1228979619653,360.2917925833891,342.8704429977185,0,0,0,0,22.22611610256264,,,,,,,360.2917925833891,342.8704429977185,0,0,0,0,360.2917925833891,342.8704429977185,0,0,0,0,0
1626456600,359.73,359.73,357.24,357.6,64.35186460832031,51.481491686656256,96.52779691248047,,357.6,35,55,-5,-20,359.8113501744963,362.8432235294116,362.8432235294116,359.8941995340599,358.4558390959328,0,0,0,0,339.7084620004776,355.00143529411787,370.29440858775814,358.4722871970963,337.55302960051813,0,0,0,0,357.3341813701757,364.83534117647105,364.83534117647105,359.8941995340599,358.4558390959328,0,0,0,0,349.70397410017483,362.87228235294094,376.04059060570705,360.2917925833891,345.9261256407386,0,0,0,0,16.001069560150583,,,,,,,360.2917925833891,345.9261256407386,0,0,0,0,360.2917925833891,345.9261256407386,0,0,0,0,0
1626701400,354.05,355.17,352.05,352.43,64.20365104184367,51.36292083347494,96.3054765627655,,352.43,15,35,-10,-55,358.43302481243126,361.57430588235303,361.57430588235303,357.2660424244842,358.4558390959328,0,0,0,0,339.7084620004776,355.00143529411787,370.29440858775814,358.4722871970963,337.55302960051813,0,0,0,0,357.0347998293566,364.3274117647055,364.3274117647055,357.2660424244842,358.4558390959328,0,0,0,0,349.70397410017483,362.87228235294094,376.04059060570705,357.9902552997555,345.9261256407386,0,0,0,0,0.8763208902193981,,,,,,,357.9902552997555,345.9261256407386,0,0,1,0,357.9902552997555,345.9261256407386,0,0,0,0,0
1626715800,352.4,354.7,352.1,354.65,64.20365104184367,51.36292083347494,96.3054765627655,,354.65,20,35,-5,-30,357.1332632007279,360.3392941176468,360.3392941176468,356.035873314989,358.4558390959328,0,0,0,0,340.8070773862712,356.3477411764707,371.88840496667024,358.4722871970963,337.55302960051813,0,0,0,0,356.8954906748107,363.997388235294,363.997388235294,356.035873314989,358.4558390959328,0,0,0,0,350.2832218324132,363.500894117647,376.71856640288087,357.5045227783444,345.9261256407386,0,0,0,0,0.4248603287369175,,,,,,,357.5045227783444,345.9261256407386,0,0,0,0,357.5045227783444,345.9261256407386,0,0,0,0,0
1626787800,355.66,359.36,353.81,358.79,62.25798050399342,49.80638440319474,93.38697075599013,,358.79,15,35,-10,-20,356.7257995449385,359.8065411764703,362.8872828080021,356.035873314989,358.4558390959328,0,0,0,0,340.8070773862712,356.3477411764707,371.88840496667024,358.4722871970963,337.55302960051813,0,0,0,0,357.03177143696234,364.01232941176437,370.9928873865664,356.035873314989,358.4558390959328,0,0,0,0,350.2832218324132,363.500894117647,376.71856640288087,357.5045227783444,345.9261256407386,0,0,0,0,0.4248603287369175,,,,,,,357.5045227783444,345.9261256407386,0,0,0,0,357.5045227783444,345.9261256407386,0,0,0,0,0
1626802200,358.77,360.26,358.59,358.745,62.25798050399342,49.80638440319474,93.38697075599013,,358.745,20,35,-5,0,356.5045687851717,359.34001176470605,362.17545474424037,356.5355892620222,358.4558390959328,0,0,0,0,340.8070773862712,356.3477411764707,371.88840496667024,358.4722871970963,337.55302960051813,0,0,0,0,357.1641685001901,364.06278823529397,370.96140797039783,356.5355892620222,358.4558390959328,0,0,0,0,351.12457717627535,364.502517647059,377.88045811784264,357.5045227783444,345.9261256407386,0,0,0,0,0.26232487489975786,,,,,,,357.5045227783444,345.9261256407386,0,0,0,0,357.5045227783444,345.9261256407386,0,0,0,0,0
1626874200,358.35,360.39,358.12,360.05,60.145076960530595,48.11606156842448,90.2176154407959,,360.05,-10,10,-10,-5,356.36978343987045,359.0090235294116,361.64826361895274,357.05874788409056,358.4558390959328,0,0,0,0,340.8070773862712,356.3477411764707,371.88840496667024,358.4722871970963,337.55302960051813,0,0,0,0,357.33793144429666,364.0914352941176,370.8449391439386,357.05874788409056,358.4558390959328,0,0,0,0,351.12457717627535,364.502517647059,377.88045811784264,357.5045227783444,345.9261256407386,0,0,0,0,0.26232487489975786,,,,,,,357.5045227783444,345.9261256407386,0,0,0,0,357.5045227783444,345.9261256407386,0,0,0,0,0
1626888600,360.03,361.54,359.9,361.47,60.145076960530595,48.11606156842448,90.2176154407959,,361.47,-5,15,-5,10,356.4031411833416,359.0029058823533,361.602670581365,358.22731322658825,358.4558390959328,0,0,0,0,341.9793680805325,357.7575764705884,373.5357848606443,358.4722871970963,337.55302960051813,0,0,0,0,357.5752793468309,364.1860588235298,370.79683830022867,358.22731322658825,358.4558390959328,0,0,0,0,351.8980297747939,365.3237647058824,378.74949963697094,357.5045227783444,345.9261256407386,0,0,0,0,0.09563484379089765,,,,,,,357.5045227783444,345.9261256407386,0,0,0,0,357.5045227783444,345.9261256407386,0,0,0,0,0
1626960600,361.81,363.74,361.78,363.31,64.92049130954871,51.93639304763897,97.38073696432306,,363.31,-10,10,-10,35,356.73528524983806,359.3978235294114,362.0603618089848,360.0348517106807,358.4558390959328,0,0,0,0,341.9793680805325,357.7575764705884,373.5357848606443,358.4722871970963,337.55302960051813,0,0,0,0,357.8935980359403,364.36818823529416,370.84277843464804,360.0348517106807,358.4558390959328,0,0,0,0,351.8980297747939,365.3237647058824,378.74949963697094,359.0429020535717,345.9261256407386,0,0,0,0,15.179018575959391,,,,,,,359.0429020535717,345.9261256407386,0,0,0,0,359.0429020535717,345.9261256407386,0,0,0,0,0
1626975000,363.29,363.96,363.22,363.93,64.92049130954871,51.93639304763897,97.38073696432306,,363.93,-5,10,-5,20,357.1404962181747,359.89542352941106,362.65035084064743,361.67336703625017,358.4558390959328,0,0,0,0,341.9793680805325,357.7575764705884,373.5357848606443,358.4722871970963,337.55302960051813,0,0,0,0,358.22966383624134,364.50777647058806,370.78588910493477,361.67336703625017,358.4558390959328,0,0,0,0,352.7382921718601,366.228352941176,379.7184137104919,360.62555190688806,345.9261256407386,0,0,0,0,15.264801876352553,,,,,,,360.62555190688806,345.9261256407386,0,0,0,0,360.62555190688806,345.9261256407386,0,0,0,0,0
1627047000,365.31,368.38,364.04,368.15,65.23950502165926,52.19160401732741,97.85925753248888,,368.15,10,10,10,35,357.89767482615093,361.0054470588232,364.1132192914955,365.1826991281953,358.4558390959328,0,0,0,0,341.9793680805325,357.7575764705884,373.5357848606443,358.4722871970963,337.55302960051813,0,0,0,0,358.738767029177,365.10491764705876,371.4710682649405,365.1826991281953,358.4558390959328,0,0,0,0,352.7382921718601,366.228352941176,379.7184137104919,361.3130124849675,345.9261256407386,0,0,0,0,15.302063837458018,,,,,,,361.3130124849675,345.9261256407386,0,0,0,0,361.3130124849675,345.9261256407386,0,0,0,0,0
1627061400,368.14,368.48,367.65,368.08,65.23950502165926,52.19160401732741,97.85925753248888,,368.08,30,25,30,55,358.682508998804,362.111588235294,365.540667471784,366.20452118706635,359.8402391577687,0,0,0,0,343.4419755692091,359.7418117647059,376.04164796020274,359.97554245370577,337.55302960051813,0,0,0,0,359.22361534813973,365.6357999999998,372.04798465185985,366.20452118706635,359.8402391577687,0,0,0,0,353.68773499261897,367.035223529412,380.38271206620504,365.05851159318405,345.9261256407386,0,0,0,0,19.692355921463406,,,,,,,365.05851159318405,345.9261256407386,0,0,0,0,365.05851159318405,345.9261256407386,0,0,0,0,0
1627306200,367.49,368.88,366.61,368.5,71.65360621079536,57.32288496863629,107.48040931619303,,368.5,10,10,10,20,359.5183004227482,363.2468823529411,366.975464283134,366.20452118706635,359.8402391577687,0,0,0,0,343.4419755692091,359.7418117647059,376.04164796020274,359.97554245370577,337.55302960051813,0,0,0,0,359.702559304937,366.06698823529405,372.4314171656511,366.20452118706635,359.8402391577687,0,0,0,0,353.68773499261897,367.035223529412,380.38271206620504,365.05851159318405,345.9261256407386,0,0,0,0,19.692355921463406,,,,,,,365.05851159318405,345.9261256407386,0,0,0,0,365.05851159318405,345.9261256407386,0,0,0,0,0
1627320600,368.5,368.65,367.89,368.45,71.65360621079536,57.32288496863629,107.48040931619303,,368.45,15,40,70,80,360.1817111070192,364.1131882352943,368.0446653635693,366.4448594237766,362.6531435036423,0,0,0,0,343.4419755692091,359.7418117647059,376.04164796020274,362.6737179927268,337.55302960051813,0,0,0,0,360.1650521676709,366.40516470588216,372.6452772440934,366.4448594237766,362.6531435036423,0,0,0,0,354.6052433218325,367.84188235294107,381.0785213840496,365.4506554043271,345.9261256407386,0,0,0,0,20.71277830724543,,,,,,,365.4506554043271,345.9261256407386,0,0,0,0,365.4506554043271,345.9261256407386,0,0,0,0,0
1627392600,368.14,368.18,360.16,360.72,75.42576972654251,60.340615781234014,113.13865458981377,,360.72,-10,20,15,0,359.97545697370873,363.8596588235294,363.8596588235294,364.3871110070498,362.6531435036423,0,0,0,0,343.4419755692091,359.7418117647059,376.04164796020274,362.6737179927268,337.55302960051813,0,0,0,0,360.17874958777884,366.132352941176,366.132352941176,364.3871110070498,362.6531435036423,0,0,0,0,354.6052433218325,367.84188235294107,381.0785213840496,365.4506554043271,345.9261256407386,0,0,0,0,20.71277830724543,,,,,,,365.4506554043271,345.9261256407386,0,0,0,0,365.4506554043271,345.9261256407386,0,0,0,0,0
1627407000,360.65,364.51,360.46,364.44,75.42576972654251,60.340615781234014,113.13865458981377,,364.44,-5,20,20,20,360.2220136328654,364.12655294117644,368.0310922494875,364.3871110070498,362.6531435036423,0,0,0,0,344.573345870116,360.74414117647063,376.9149364828253,362.6737179927268,337.55302960051813,0,0,0,0,360.41243075980947,366.1263411764702,371.8402515931309,364.3871110070498,362.6531435036423,0,0,0,0,355.3134423144753,368.4996470588233,381.6858518031713,365.4506554043271,345.9261256407386,0,0,0,0,20.71277830724543,,,,,,,365.4506554043271,345.9261256407386,0,0,0,0,365.4506554043271,345.9261256407386,0,0,0,0,0
1627479000,365.6,367.43,363.25,364.82,79.97559317370056,63.98047453896045,119.96338976055084,,364.82,-10,20,15,15,360.63855265804716,364.6020117647057,368.56547087136425,364.3871110070498,362.6531435036423,0,0,0,0,344.573345870116,360.74414117647063,376.9149364828253,362.6737179927268,337.55302960051813,0,0,0,0,360.6435854228697,366.19007058823547,371.73655575360124,364.3871110070498,362.6531435036423,0,0,0,0,355.3134423144753,368.4996470588233,381.6858518031713,365.4506554043271,345.9261256407386,0,0,0,0,20.71277830724543,,,,,,,365.4506554043271,345.9261256407386,0,0,0,0,365.4506554043271,345.9261256407386,0,0,0,0,0
1627493400,364.82,366.63,363.77,365.79,79.97559317370056,63.98047453896045,119.96338976055084,,365.79,-5,20,20,20,361.13469989409907,365.17434117647025,369.21398245884143,364.3871110070498,362.6531435036423,0,0,0,0,344.573345870116,360.74414117647063,376.9149364828253,362.6737179927268,337.55302960051813,0,0,0,0,360.9098676470064,366.3272117647061,371.74455588240573,364.3871110070498,362.6531435036423,0,0,0,0,356.0349462684899,369.09741176470584,382.1598772609218,365.4506554043271,345.9261256407386,0,0,0,0,20.71277830724543,,,,,,,365.4506554043271,345.9261256407386,0,0,0,0,365.4506554043271,345.9261256407386,0,0,0,0,0
1627565400,365.27,367.67,365.27,367.16,81.08864864352407,64.87091891481926,121.6329729652861,,367.16,-10,10,-10,5,361.79616016250213,365.9541999999999,370.11223983749767,364.7013384617397,362.6531435036423,0,0,0,0,344.573345870116,360.74414117647063,376.9149364828253,362.6737179927268,337.55302960051813,0,0,0,0,361.2284687644688,366.5505647058825,371.8726606472962,364.7013384617397,362.6531435036423,0,0,0,0,356.0349462684899,369.09741176470584,382.1598772609218,365.4506554043271,345.9261256407386,0,0,0,0,20.71277830724543,,,,,,,365.4506554043271,345.9261256407386,0,0,0,0,365.4506554043271,345.9261256407386,0,0,0,0,0
1627579800,367.21,367.4,366.37,366.5,81.08864864352407,64.87091891481926,121.6329729652861,,366.5,10,15,-5,-5,362.5233495529182,366.73699999999974,370.9506504470813,364.7013384617397,362.6531435036423,0,0,0,0,345.764147720294,361.59729411764727,377.43044051500056,362.6737179927268,337.55302960051813,0,0,0,0,361.5016412248443,366.6586235294119,371.8156058339795,364.7013384617397,362.6531435036423,0,0,0,0,356.7435204754713,369.560588235294,382.3776559951167,365.4506554043271,345.9261256407386,0,0,0,0,20.71277830724543,,,,,,,365.4506554043271,345.9261256407386,0,0,0,0,365.4506554043271,345.9261256407386,0,0,0,0,0
1627651800,362.45,365.15,362.42,364.73,81.09583304733653,64.87666643786922,121.64374957100479,,364.73,-10,10,-10,-10,362.7984327469094,367.02935294117634,367.02935294117634,364.7013384617397,362.6531435036423,0,0,0,0,345.764147720294,361.59729411764727,377.43044051500056,362.6737179927268,337.55302960051813,0,0,0,0,361.6574992484814,366.6820235294116,371.7065478103418,364.7013384617397,362.6531435036423,0,0,0,0,356.7435204754713,369.560588235294,382.3776559951167,365.4506554043271,345.9261256407386,0,0,0,0,20.71277830724543,,,,,,,365.4506554043271,345.9261256407386,0,0,0,0,365.4506554043271,345.9261256407386,0,0,0,0,0
1627666200,364.66,365.1,363.86,364.54,81.09583304733653,64.87666643786922,121.64374957100479,,364.54,-10,50,-10,-10,363.1422254335572,367.3866941176468,367.3866941176468,364.7013384617397,362.6531435036423,0,0,0,0,345.764147720294,361.59729411764727,377.43044051500056,362.6737179927268,337.55302960051813,0,0,0,0,361.7892053323429,366.6481294117647,371.5070534911866,364.7013384617397,362.6531435036423,0,0,0,0,357.31565359635596,369.7861176470588,382.25658169776165,365.4506554043271,348.69035833308584,0,0,0,0,20.221744539765922,,,,,,,365.4506554043271,348.69035833308584,0,0,0,0,365.4506554043271,348.69035833308584,0,0,0,0,0
1627911000,366.29,366.83,364.11,365.67,80.76232758153304,64.60986206522644,121.14349137229956,,365.67,-10,35,-10,-10,363.67211427139836,367.9736823529408,372.2752504344832,364.7013384617397,362.6531435036423,0,0,0,0,345.764147720294,361.59729411764727,377.43044051500056,362.6737179927268,337.55302960051813,0,0,0,0,361.9784858299356,366.6502117647057,371.3219376994758,364.7013384617397,362.6531435036423,0,0,0,0,357.31565359635596,369.7861176470588,382.25658169776165,365.4506554043271,348.69035833308584,0,0,0,0,20.221744539765922,,,,,,,365.4506554043271,348.69035833308584,0,0,0,0,365.4506554043271,348.69035833308584,0,0,0,0,0
1627925400,365.78,365.83,363.99,364.52,80.76232758153304,64.60986206522644,121.14349137229956,,364.52,-5,35,-5,-5,363.7780311237229,368.0643176470587,368.0643176470587,364.7013384617397,362.6531435036423,0,0,0,0,346.80215028349494,362.58550588235295,378.36886148121096,362.6737179927268,337.55302960051813,0,0,0,0,362.09357989024403,366.5267647058824,370.95994952152074,364.7013384617397,362.6531435036423,0,0,0,0,357.8596230016838,370.1647999999999,382.469976998316,365.4506554043271,348.69035833308584,0,0,0,0,19.622244171879828,,,,,,,365.4506554043271,348.69035833308584,0,0,0,0,365.4506554043271,348.69035833308584,0,0,0,0,0
1627997400,365.31,366.53,362.01,366.04,79.30056323377559,63.44045058702048,118.95084485066339,,366.04,-10,35,-10,-10,363.8177633733407,368.0892117647057,372.36066015607065,364.7013384617397,362.6531435036423,0,0,0,0,346.80215028349494,362.58550588235295,378.36886148121096,362.6737179927268,337.55302960051813,0,0,0,0,362.27391016464605,366.60312941176454,370.93234865888303,364.7013384617397,362.6531435036423,0,0,0,0,357.8596230016838,370.1647999999999,382.469976998316,365.4506554043271,348.69035833308584,0,0,0,0,19.622244171879828,,,,,,,365.4506554043271,348.69035833308584,0,0,0,0,365.4506554043271,348.69035833308584,0,0,0,0,0
1628011800,366.12,366.91,365.53,366.77,79.30056323377559,63.44045058702048,118.95084485066339,,366.77,-5,40,10,-5,364.06835729717733,368.3153529411764,372.56234858517547,364.7013384617397,362.6531435036423,0,0,0,0,346.80215028349494,362.58550588235295,378.36886148121096,362.6737179927268,337.55302960051813,0,0,0,0,362.48283959786556,366.755682352941,371.0285251080164,364.7013384617397,362.6531435036423,0,0,0,0,358.47638418865546,370.5581176470584,382.63985110546133,365.4506554043271,348.69035833308584,0,0,0,0,19.622244171879828,,,,,,,365.4506554043271,348.69035833308584,0,0,0,0,365.4506554043271,348.69035833308584,0,0,0,0,0
1628083800,366.77,368.19,365.64,367.84,77.29632450094105,61.837059600752845,115.94448675141157,,367.84,-10,10,-10,-10,364.26998085114815,368.4161529411765,372.56232503120486,364.7013384617397,362.6531435036423,0,0,0,0,346.80215028349494,362.58550588235295,378.36886148121096,362.6737179927268,337.55302960051813,0,0,0,0,362.73489562013685,366.9873411764703,371.23978673280374,364.7013384617397,362.6531435036423,0,0,0,0,358.47638418865546,370.5581176470584,382.63985110546133,365.4506554043271,348.69035833308584,0,0,0,0,19.622244171879828,,,,,,,365.4506554043271,348.69035833308584,0,0,0,0,365.4506554043271,348.69035833308584,0,0,0,0,0
1628098200,367.89,368.31,367.23,367.38,77.29632450094105,61.837059600752845,115.94448675141157,,367.38,-5,10,-5,10,364.51372360033804,368.1197999999998,371.7258763996616,365.59768303524305,362.6531435036423,0,0,0,0,347.9373646649614,363.84327058823527,379.7491765115091,362.6737179927268,337.55302960051813,0,0,0,0,362.9531033372519,367.17556470588227,371.39802607451264,365.59768303524305,362.6531435036423,0,0,0,0,359.10393425845876,371.11894117647046,383.13394809448215,365.4506554043271,348.69035833308584,0,0,0,0,19.622244171879828,,,,,,,365.4506554043271,348.69035833308584,0,0,0,0,365.4506554043271,348.69035833308584,0,0,0,0,0
1628170200,368.18,369.74,367.46,369.3,80.47553450760685,64.38042760608549,120.71330176141028,,369.3,-10,10,-10,15,365.00909056349815,368.00410588235286,370.9991212012076,367.3004001681432,362.6531435036423,0,0,0,0,347.9373646649614,363.84327058823527,379.7491765115091,362.6737179927268,337.55302960051813,0,0,0,0,363.246287089186,367.4624470588234,371.67860702846076,367.3004001681432,362.6531435036423,0,0,0,0,359.10393425845876,371.11894117647046,383.13394809448215,365.4506554043271,348.69035833308584,0,0,0,0,19.622244171879828,,,,,,,365.4506554043271,348.69035833308584,0,0,0,0,365.4506554043271,348.69035833308584,0,0,0,0,0
1628184600,369.27,369.9,369.11,369.76,80.47553450760685,64.38042760608549,120.71330176141028,,369.76,-5,25,10,35,365.3579987303403,368.12864705882373,370.8992953873072,367.54631443069496,363.5472026269643,0,0,0,0,347.9373646649614,363.84327058823527,379.7491765115091,363.5840613474895,337.55302960051813,0,0,0,0,363.54565227686544,367.75005882352923,371.954465370193,367.54631443069496,363.5472026269643,0,0,0,0,359.8111387543408,371.7971294117647,383.78312006918856,366.63865376810537,348.69035833308584,0,0,0,0,20.023237213385126,,,,,,,366.63865376810537,348.69035833308584,0,0,0,0,366.63865376810537,348.69035833308584,0,0,0,0,0
1628256600,368.37,369.32,366.91,367.98,82.86420086618058,66.29136069294447,124.29630129927088,,367.98,-10,10,-10,0,365.50107827783995,368.0245176470585,370.547957016277,367.54631443069496,363.5472026269643,0,0,0,0,347.9373646649614,363.84327058823527,379.7491765115091,363.5840613474895,337.55302960051813,0,0,0,0,363.7488889714155,367.8245882352943,371.9002874991731,367.54631443069496,363.5472026269643,0,0,0,0,359.8111387543408,371.7971294117647,383.78312006918856,366.63865376810537,348.69035833308584,0,0,0,0,20.023237213385126,,,,,,,366.63865376810537,348.69035833308584,0,0,0,0,366.63865376810537,348.69035833308584,0,0,0,0,0
1628271000,367.95,368.29,367.51,368.07,82.86420086618058,66.29136069294447,124.29630129927088,,368.07,20,30,35,5,365.6280413287447,367.90712941176486,370.186217494785,367.54631443069496,363.5472026269643,0,0,0,0,349.1081842213038,365.2388941176474,381.369604013991,363.5840613474895,337.55302960051813,0,0,0,0,363.942234585162,367.9171411764706,371.89204776777916,367.54631443069496,363.5472026269643,0,0,0,0,360.4036926327599,372.3095764705881,384.21546030841637,366.63865376810537,350.7846184521511,0,0,0,0,19.905533635729427,,,,,,,366.63865376810537,350.7846184521511,0,0,0,0,366.63865376810537,350.7846184521511,0,0,0,0,0
1628515800,368.52,369.09,367.4,368.38,88.94368883300717,71.15495106640574,133.41553324951076,,368.38,0,10,15,-10,365.7781930255854,367.8554117647055,369.9326305038256,367.54631443069496,363.5472026269643,0,0,0,0,349.1081842213038,365.2388941176474,381.369604013991,363.5840613474895,337.55302960051813,0,0,0,0,364.15451113541144,368.1296470588233,372.1047829822352,367.54631443069496,363.5472026269643,0,0,0,0,360.4036926327599,372.3095764705881,384.21546030841637,366.63865376810537,350.7846184521511,0,0,0,0,19.905533635729427,,,,,,,366.63865376810537,350.7846184521511,0,0,0,0,366.63865376810537,350.7846184521511,0,0,0,0,0
1628530200,368.33,369.26,368.32,368.7,88.94368883300717,71.15495106640574,133.41553324951076,,368.7,5,25,35,10,365.93954989453783,367.9643058823525,369.9890618701672,367.54631443069496,363.7071543059029,0,0,0,0,349.1081842213038,365.2388941176474,381.369604013991,363.736103916968,337.55302960051813,0,0,0,0,364.3820739404966,368.3772588235295,372.37244370656236,367.54631443069496,363.7071543059029,0,0,0,0,360.98414114387515,372.74501176470585,384.50588238553655,366.63865376810537,350.7846184521511,0,0,0,0,19.9618368518709,,,,,,,366.63865376810537,350.7846184521511,0,0,0,0,366.63865376810537,350.7846184521511,0,0,0,0,0
1628602200,369.26,369.55,365.62,366.95,93.99376053886141,75.19500843108914,140.9906408082921,,366.95,0,10,15,-10,365.8153512416227,367.7663058823528,367.7663058823528,367.54631443069496,363.7071543059029,0,0,0,0,349.1081842213038,365.2388941176474,381.369604013991,363.736103916968,337.55302960051813,0,0,0,0,364.49861214020825,368.4677647058823,372.43691727155635,367.54631443069496,363.7071543059029,0,0,0,0,360.98414114387515,372.74501176470585,384.50588238553655,366.63865376810537,350.7846184521511,0,0,0,0,19.9618368518709,,,,,,,366.63865376810537,350.7846184521511,0,0,0,0,366.63865376810537,350.7846184521511,0,0,0,0,0
1628616600,366.97,367.14,366.24,366.83,93.99376053886141,75.19500843108914,140.9906408082921,,366.83,5,10,20,-5,365.9294668019541,367.8690588235297,367.8690588235297,367.54631443069496,363.7071543059029,0,0,0,0,350.1002108160322,366.0872705882352,382.0743303604382,363.736103916968,337.55302960051813,0,0,0,0,364.62203045159225,368.5871882352937,372.55234601899514,367.54631443069496,363.7071543059029,0,0,0,0,361.42805907319917,372.99134117647077,384.5546232797424,366.63865376810537,350.7846184521511,0,0,0,0,19.9618368518709,,,,,,,366.63865376810537,350.7846184521511,0,0,0,0,366.63865376810537,350.7846184521511,0,0,0,0,0
1628688600,368.14,368.65,364.84,366.23,92.5660496968704,74.05283975749632,138.8490745453056,,366.23,-10,10,-10,-10,365.9414639635744,367.867317647059,367.867317647059,367.54631443069496,363.7071543059029,0,0,0,0,350.1002108160322,366.0872705882352,382.0743303604382,363.736103916968,337.55302960051813,0,0,0,0,364.70449843722247,368.6595294117644,372.6145603863064,367.54631443069496,363.7071543059029,0,0,0,0,361.42805907319917,372.99134117647077,384.5546232797424,366.63865376810537,350.7846184521511,0,0,0,0,19.9618368518709,,,,,,,366.63865376810537,350.7846184521511,0,0,0,0,366.63865376810537,350.7846184521511,0,0,0,0,0
1628703000,366.23,366.39,365.49,366.23,92.5660496968704,74.05283975749632,138.8490745453056,,366.23,-10,15,-10,-10,366.06456045142374,367.9566823529412,367.9566823529412,367.54631443069496,363.7071543059029,0,0,0,0,350.1002108160322,366.0872705882352,382.0743303604382,363.736103916968,337.55302960051813,0,0,0,0,364.7837527658923,368.73008235294117,372.67641193999003,367.54631443069496,363.7071543059029,0,0,0,0,361.79810155308235,373.0669176470586,384.3357337410348,366.63865376810537,350.7846184521511,0,0,0,0,19.9618368518709,,,,,,,366.63865376810537,350.7846184521511,0,0,0,0,366.63865376810537,350.7846184521511,0,0,0,0,0
1628775000,365.69,367.51,364.295,366.82,92.47210136483965,73.97768109187172,138.70815204725946,,366.82,-10,10,-10,-10,366.32510008295617,368.1728705882354,368.1728705882354,367.54631443069496,363.7071543059029,0,0,0,0,350.1002108160322,366.0872705882352,382.0743303604382,363.736103916968,337.55302960051813,0,0,0,0,364.8597922193736,368.7685411764703,372.677290133567,367.54631443069496,363.7071543059029,0,0,0,0,361.79810155308235,373.0669176470586,384.3357337410348,366.63865376810537,350.7846184521511,0,0,0,0,19.9618368518709,,,,,,,366.63865376810537,350.7846184521511,0,0,0,0,366.63865376810537,350.7846184521511,0,0,0,0,0
1628789400,366.88,367.89,366.84,367.58,92.47210136483965,73.97768109187172,138.70815204725946,,367.58,-10,10,-10,-10,366.3959126799264,367.96454117647085,369.53316967301527,367.54631443069496,363.7071543059029,0,0,0,0,351.1061850703838,367.12308235294086,383.1399796354979,363.736103916968,337.55302960051813,0,0,0,0,364.96708533560894,368.8344823529407,372.7018793702725,367.54631443069496,363.7071543059029,0,0,0,0,362.2128490385764,373.192423529412,384.1719980202476,366.63865376810537,350.7846184521511,0,0,0,0,19.75957010970002,,,,,,,366.63865376810537,350.7846184521511,0,0,0,0,366.63865376810537,350.7846184521511,0,0,0,0,0
1628861400,367.87,369.15,367.38,368.53,90.14348403391462,72.1147872271317,135.21522605087193,,368.53,-10,10,-10,-10,366.51556994103623,368.0194352941175,369.52330064719877,367.54631443069496,363.7071543059029,0,0,0,0,351.1061850703838,367.12308235294086,383.1399796354979,363.736103916968,337.55302960051813,0,0,0,0,365.1513048578473,369.0344705882352,372.91763631862307,367.54631443069496,363.7071543059029,0,0,0,0,362.2128490385764,373.192423529412,384.1719980202476,366.63865376810537,350.7846184521511,0,0,0,0,19.75957010970002,,,,,,,366.63865376810537,350.7846184521511,0,0,0,0,366.63865376810537,350.7846184521511,0,0,0,0,0
1628875800,368.49,368.86,368.03,368.83,90.14348403391462,72.1147872271317,135.21522605087193,,368.83,30,65,5,5,366.66703193763345,368.17630588235295,369.68557982707244,367.54631443069496,363.8156972129033,0,0,0,0,351.1061850703838,367.12308235294086,383.1399796354979,363.8317350575938,345.77393878820186,0,0,0,0,365.34266108253115,369.2437529411763,373.14484479982144,367.54631443069496,363.8156972129033,0,0,0,0,362.69237761095053,373.1991529411764,383.7059282714023,366.63865376810537,353.5046457055689,0,0,0,0,16.440902519369512,,,,,,,366.63865376810537,353.5046457055689,0,0,0,0,366.63865376810537,353.5046457055689,0,0,0,0,0
1629120600,367.82,368.44,363.71,366.68,95.50303942527111,76.4024315402169,143.25455913790665,,366.68,15,35,-10,-10,366.37703453532174,367.90865882352955,367.90865882352955,367.54631443069496,363.8156972129033,0,0,0,0,351.1061850703838,367.12308235294086,383.1399796354979,363.8317350575938,345.77393878820186,0,0,0,0,365.40209619908416,369.2908235294117,373.1795508597392,367.54631443069496,363.8156972129033,0,0,0,0,362.69237761095053,373.1991529411764,383.7059282714023,366.63865376810537,353.5046457055689,0,0,0,0,16.440902519369512,,,,,,,366.63865376810537,353.5046457055689,0,0,0,0,366.63865376810537,353.5046457055689,0,0,0,0,0
1629135000,366.69,369.02,366.65,368.97,95.50303942527111,76.4024315402169,143.25455913790665,,368.97,15,40,-10,-10,366.6367161666052,368.2088235294116,369.78093089221795,367.54631443069496,363.8156972129033,0,0,0,0,352.10097910586916,367.88677647058825,383.67257383530733,363.8317350575938,345.77393878820186,0,0,0,0,365.6170323015588,369.53925882352917,373.4614853454995,367.54631443069496,363.8156972129033,0,0,0,0,363.12655548090555,373.3509647058824,383.57537393085926,366.63865376810537,353.5046457055689,0,0,0,0,16.407120589684627,,,,,,,366.63865376810537,353.5046457055689,0,0,0,0,366.63865376810537,353.5046457055689,0,0,0,0,0
1629207000,366.15,367.14,363.23,364.55,93.22324184628475,74.57859347702781,139.83486276942713,,364.55,15,35,-10,-10,366.2241113429098,367.8468235294118,367.8468235294118,367.54631443069496,363.8156972129033,0,0,0,0,352.10097910586916,367.88677647058825,383.67257383530733,363.8317350575938,345.77393878820186,0,0,0,0,365.5464080056929,369.4631529411767,369.4631529411767,367.54631443069496,363.8156972129033,0,0,0,0,363.12655548090555,373.3509647058824,383.57537393085926,366.63865376810537,353.5046457055689,0,0,0,0,16.407120589684627,,,,,,,366.63865376810537,353.5046457055689,0,0,0,0,366.63865376810537,353.5046457055689,0,0,0,0,0
1629221400,364.55,365.75,363.39,365.71,93.22324184628475,74.57859347702781,139.83486276942713,,365.71,15,35,-10,-25,365.8290422570141,367.40047058823535,367.40047058823535,367.35959436559415,363.8156972129033,0,0,0,0,352.10097910586916,367.88677647058825,383.67257383530733,363.8317350575938,345.77393878820186,0,0,0,0,365.5331899615594,369.43617647058807,369.43617647058807,367.35959436559415,363.8156972129033,0,0,0,0,363.3432017096228,373.21188235294136,383.0805629962599,366.63865376810537,353.5046457055689,0,0,0,0,16.407120589684627,,,,,,,366.63865376810537,353.5046457055689,0,0,0,0,366.63865376810537,353.5046457055689,0,0,0,0,0
1629293400,365.22,366.61,364.69,365.11,90.67190254150809,72.53752203320647,136.00785381226214,,365.11,-10,10,-10,-25,365.3869932688071,366.91720000000004,366.91720000000004,367.3229879086044,363.8156972129033,0,0,0,0,352.10097910586916,367.88677647058825,383.67257383530733,363.8317350575938,345.77393878820186,0,0,0,0,365.4916068270797,369.3871058823528,369.3871058823528,367.3229879086044,363.8156972129033,0,0,0,0,363.3432017096228,373.21188235294136,383.0805629962599,366.63865376810537,353.5046457055689,0,0,0,0,16.407120589684627,,,,,,,366.63865376810537,353.5046457055689,0,0,0,0,366.63865376810537,353.5046457055689,0,0,0,0,0
1629307800,365.08,366.41,361.87,362.2,90.67190254150809,72.53752203320647,136.00785381226214,,362.2,-15,10,-15,-30,364.579666716515,366.27894117647037,366.27894117647037,366.26716814568437,363.8156972129033,0,0,0,0,352.6993986915036,368.15562352941174,383.6118483673199,363.8317350575938,345.77393878820186,0,0,0,0,365.19709217029396,369.10229411764686,369.10229411764686,366.26716814568437,363.8156972129033,0,0,0,0,363.30970754761984,372.7373411764706,372.7373411764706,366.63865376810537,353.5046457055689,0,0,0,0,16.407120589684627,,,,,,,366.63865376810537,353.5046457055689,0,0,0,0,366.63865376810537,353.5046457055689,0,0,0,0,0
1629379800,360.22,365.66,359.98,364.36,90.71721528796408,72.57377223037126,136.0758229319461,,364.36,0,10,0,0,363.8985990978172,365.63665882352893,365.63665882352893,366.26716814568437,363.8156972129033,0,0,0,0,352.6993986915036,368.15562352941174,383.6118483673199,363.8317350575938,345.77393878820186,0,0,0,0,365.0184127296782,368.8531529411761,368.8531529411761,366.26716814568437,363.8156972129033,0,0,0,0,363.30970754761984,372.7373411764706,372.7373411764706,366.63865376810537,353.5046457055689,0,0,0,0,16.407120589684627,,,,,,,366.63865376810537,353.5046457055689,0,0,0,0,366.63865376810537,353.5046457055689,0,0,0,0,0
1629394200,364.33,365.2,362.26,363.96,90.71721528796408,72.57377223037126,136.0758229319461,,363.96,-10,15,-10,-10,363.35311362555603,365.06750588235303,365.06750588235303,366.26716814568437,363.8156972129033,0,0,0,0,352.6993986915036,368.15562352941174,383.6118483673199,363.8317350575938,345.77393878820186,0,0,0,0,364.8096386703674,368.59234117647054,368.59234117647054,366.26716814568437,363.8156972129033,0,0,0,0,363.38468165130917,372.34199999999964,381.2993183486901,366.63865376810537,353.5046457055689,0,0,0,0,16.407120589684627,,,,,,,366.63865376810537,353.5046457055689,0,0,0,0,366.63865376810537,353.5046457055689,0,0,0,0,0
1629466200,365.06,368.08,364.745,367.26,94.96988052019012,75.97590441615209,142.45482078028516,,367.26,-10,10,-10,-10,363.36696147489135,365.0815294117647,366.796097348638,366.26716814568437,363.8156972129033,0,0,0,0,352.6993986915036,368.15562352941174,383.6118483673199,363.8317350575938,345.77393878820186,0,0,0,0,364.8337682014359,368.5506823529416,372.2675965044473,366.26716814568437,363.8156972129033,0,0,0,0,363.38468165130917,372.34199999999964,381.2993183486901,366.63865376810537,353.5046457055689,0,0,0,0,16.407120589684627,,,,,,,366.63865376810537,353.5046457055689,0,0,0,0,366.63865376810537,353.5046457055689,0,0,0,0,0
1629480600,367.275,368.135,366.86,367.75,94.96988052019012,75.97590441615209,142.45482078028516,,367.75,-10,10,-10,-10,363.502588745505,365.21738823529444,366.93218772508385,366.26716814568437,363.8156972129033,0,0,0,0,353.5454750315722,368.6771529411763,383.8088308507804,363.8317350575938,345.77393878820186,0,0,0,0,364.8740162820255,368.44452941176496,372.01504254150444,366.26716814568437,363.8156972129033,0,0,0,0,363.66186901575264,372.3159764705884,380.97008392542415,366.63865376810537,353.5046457055689,0,0,0,0,18.307846192132207,,,,,,,366.63865376810537,353.5046457055689,0,0,0,0,366.63865376810537,353.5046457055689,0,0,0,0,0
1629725400,368.8,373.69,368.79,373.22,100.18598904930711,80.1487912394457,150.27898357396066,,373.22,10,10,10,35,364.0905762456244,366.15543529411804,368.2202943426117,370.26224769176633,363.8156972129033,0,0,0,0,353.5454750315722,368.6771529411763,383.8088308507804,363.8317350575938,345.77393878820186,0,0,0,0,365.3027596940228,368.532423529412,371.7620873648011,370.26224769176633,363.8156972129033,0,0,0,0,363.66186901575264,372.3159764705884,380.97008392542415,366.63865376810537,353.5046457055689,0,0,0,0,18.307846192132207,,,,,,,366.63865376810537,353.5046457055689,0,0,0,0,366.63865376810537,353.5046457055689,0,0,0,0,0
1629739800,373.23,373.92,373.04,373.21,100.18598904930711,80.1487912394457,150.27898357396066,,373.21,15,25,30,55,364.92323309271165,367.28701176470594,369.6507904367002,371.1632135709618,364.5927292290676,0,0,0,0,353.5454750315722,368.6771529411763,383.8088308507804,364.61018748719835,345.77393878820186,0,0,0,0,365.67785870376076,368.6594235294121,371.6409883550634,371.1632135709618,364.5927292290676,0,0,0,0,364.2039012505313,372.68818823529426,381.1724752200572,370.1334389348907,353.5046457055689,0,0,0,0,18.774627399827736,,,,,,,370.1334389348907,353.5046457055689,0,0,0,0,370.1334389348907,353.5046457055689,0,0,0,0,0
1629811800,373.84,374.99,373.36,374.05,100.68541764394121,80.54833411515297,151.0281264659118,,374.05,10,10,10,35,365.81634003887484,368.49877647058855,371.18121290230226,371.9492249667987,364.5927292290676,0,0,0,0,353.5454750315722,368.6771529411763,383.8088308507804,364.61018748719835,345.77393878820186,0,0,0,0,365.9842320191053,368.9735764705885,371.9629209220717,371.9492249667987,364.5927292290676,0,0,0,0,364.2039012505313,372.68818823529426,381.1724752200572,370.53390758239846,353.5046457055689,0,0,0,0,18.79586838557428,,,,,,,370.53390758239846,353.5046457055689,0,0,0,0,370.53390758239846,353.5046457055689,0,0,0,0,0
1629826200,374.07,374.78,374.06,374.37,100.68541764394121,80.54833411515297,151.0281264659118,,374.37,30,40,40,80,366.59513809860243,369.6136000000002,372.63206190139795,372.47734193565805,369.3368199984199,0,0,0,0,354.68591548492316,369.9985882352943,385.3112609856654,369.3516026666842,345.77393878820186,0,0,0,0,366.2955000171913,369.2748705882356,372.25424115927996,372.47734193565805,369.3368199984199,0,0,0,0,364.7687266722846,373.2044470588233,381.640167445362,371.38362846937,353.5046457055689,0,0,0,0,20.554996755234747,,,,,,,371.38362846937,353.5046457055689,0,0,0,0,371.38362846937,353.5046457055689,0,0,0,0,0
1629898200,374.63,375.38,373.86,374.21,96.92952013214266,77.54361610571414,145.39428019821398,,374.21,10,20,20,45,367.3599463323227,370.6445411764707,373.92913602061867,372.47734193565805,369.3368199984199,0,0,0,0,354.68591548492316,369.9985882352943,385.3112609856654,369.3516026666842,345.77393878820186,0,0,0,0,366.58280180115617,369.5791764705886,372.57555114002105,372.47734193565805,369.3368199984199,0,0,0,0,364.7687266722846,373.2044470588233,381.640167445362,371.38362846937,353.5046457055689,0,0,0,0,20.554996755234747,,,,,,,371.38362846937,353.5046457055689,0,0,0,0,371.38362846937,353.5046457055689,0,0,0,0,0
1629912600,374.23,375.065,374.2,374.57,96.92952013214266,77.54361610571414,145.39428019821398,,374.57,15,35,40,70,368.1589459050115,371.68948235294135,375.22001880087123,373.0868139062976,370.00954714138993,0,0,0,0,354.68591548492316,369.9985882352943,385.3112609856654,370.02934533334957,345.77393878820186,0,0,0,0,366.8696632759553,369.9349176470591,373.00017201816286,373.0868139062976,370.00954714138993,0,0,0,0,365.3313161116973,373.5938352941179,381.85635447653857,371.72971026185473,353.5046457055689,0,0,0,0,20.818362352327885,,,,,,,371.72971026185473,353.5046457055689,0,0,0,0,371.72971026185473,353.5046457055689,0,0,0,0,0
1629984600,373.92,374.62,371.97,373.46,99.58933336981858,79.67146669585486,149.38400005472786,,373.46,-10,20,0,15,368.8539115750046,372.52884705882377,376.20378254264295,373.0868139062976,370.00954714138993,0,0,0,0,354.68591548492316,369.9985882352943,385.3112609856654,370.02934533334957,345.77393878820186,0,0,0,0,367.1210544608558,370.2472470588238,373.3734396567918,373.0868139062976,370.00954714138993,0,0,0,0,365.3313161116973,373.5938352941179,381.85635447653857,371.72971026185473,353.5046457055689,0,0,0,0,20.818362352327885,,,,,,,371.72971026185473,353.5046457055689,0,0,0,0,371.72971026185473,353.5046457055689,0,0,0,0,0
1629999000,373.46,373.8,372.22,372.41,99.58933336981858,79.67146669585486,149.38400005472786,,372.41,15,20,0,15,369.27203391426923,373.0145176470587,376.7570013798482,373.0868139062976,370.00954714138993,0,0,0,0,355.7728291892552,371.3014352941176,386.83004139898,370.02934533334957,345.77393878820186,0,0,0,0,367.3242574675466,370.47896470588256,373.6336719442185,373.0868139062976,370.00954714138993,0,0,0,0,365.77289252154657,373.6718588235298,381.57082512551307,371.72971026185473,353.5046457055689,0,0,0,0,20.818362352327885,,,,,,,371.72971026185473,353.5046457055689,0,0,0,0,371.72971026185473,353.5046457055689,0,0,0,0,0
1630071000,373.07,376.33,372.57,376.19,95.165166574816,76.13213325985281,142.747749862224,,376.19,20,10,10,25,369.9661155919918,373.92654117647066,377.8869667609495,373.43639305851553,370.00954714138993,0,0,0,0,355.7728291892552,371.3014352941176,386.83004139898,370.02934533334957,345.77393878820186,0,0,0,0,367.7832794810647,371.153035294118,374.5227911071713,373.43639305851553,370.00954714138993,0,0,0,0,365.77289252154657,373.6718588235298,381.57082512551307,371.72971026185473,353.5046457055689,0,0,0,0,20.818362352327885,,,,,,,371.72971026185473,353.5046457055689,0,0,0,0,371.72971026185473,353.5046457055689,0,0,0,0,0
1630085400,376.21,376.52,375.93,376.08,95.165166574816,76.13213325985281,142.747749862224,,376.08,25,55,55,30,370.62404500120044,374.77167058823557,378.9192961752707,374.5881654433119,370.00954714138993,0,0,0,0,355.7728291892552,371.3014352941176,386.83004139898,370.02934533334957,345.77393878820186,0,0,0,0,368.2371810295993,371.79684705882397,375.35651308804864,374.5881654433119,370.00954714138993,0,0,0,0,366.3347783482899,374.1302588235295,381.92573929876914,373.5424168260317,358.2544394093936,0,0,0,0,20.651827542237626,,,,,,,373.5424168260317,358.2544394093936,0,0,0,0,373.5424168260317,358.2544394093936,0,0,0,0,0
1630330200,376.85,380.28,376.83,380.24,99.17557742191428,79.34046193753143,148.76336613287143,,380.24,20,35,35,35,371.53843407424756,376.10677647058833,380.6751188669291,377.962601836325,370.00954714138993,0,0,0,0,355.7728291892552,371.3014352941176,386.83004139898,370.02934533334957,345.77393878820186,0,0,0,0,368.81385144105764,372.76164705882314,376.70944267658865,377.962601836325,370.00954714138993,0,0,0,0,366.3347783482899,374.1302588235295,381.92573929876914,374.31295848131515,358.2544394093936,0,0,0,0,20.692155461300914,,,,,,,374.31295848131515,358.2544394093936,0,0,0,0,374.31295848131515,358.2544394093936,0,0,0,0,0
1630344600,380.27,380.76,380.18,380.32,99.17557742191428,79.34046193753143,148.76336613287143,,380.32,40,50,55,80,372.49073874885937,377.4456470588231,382.40055536878685,378.78433525683124,372.9650838446187,0,0,0,0,357.231405338766,373.28555294117666,389.3397005435873,372.9928650500616,345.77393878820186,0,0,0,0,369.41045495594705,373.7030352941178,377.99561563228855,378.78433525683124,372.9650838446187,0,0,0,0,367.061929646424,374.7356941176471,382.40945858887017,377.80131858979263,358.2544394093936,0,0,0,0,21.77721182035434,,,,,,,377.80131858979263,358.2544394093936,0,0,0,0,377.80131858979263,358.2544394093936,0,0,0,0,0
1630416600,380.51,380.57,378.38,379.56,95.44797691752467,76.35838153401974,143.171965376287,,379.56,10,35,35,45,373.3642646668926,378.5814117647058,383.79855886251903,378.78433525683124,372.9650838446187,0,0,0,0,357.231405338766,373.28555294117666,389.3397005435873,372.9928650500616,345.77393878820186,0,0,0,0,369.831807464565,374.2482823529413,378.66475724131766,378.78433525683124,372.9650838446187,0,0,0,0,367.061929646424,374.7356941176471,382.40945858887017,377.80131858979263,358.2544394093936,0,0,0,0,21.77721182035434,,,,,,,377.80131858979263,358.2544394093936,0,0,0,0,377.80131858979263,358.2544394093936,0,0,0,0,0
1630431000,379.55,380.39,379.47,379.87,95.44797691752467,76.35838153401974,143.171965376287,,379.87,15,50,55,65,374.2491934861994,379.70927058823565,385.16934769027193,378.78433525683124,374.61264928428875,0,0,0,0,357.231405338766,373.28555294117666,389.3397005435873,374.6605175464858,345.77393878820186,0,0,0,0,370.29377706257753,374.9220705882355,379.55036411389347,378.78433525683124,374.61264928428875,0,0,0,0,367.74296576497665,375.29771764705885,382.85246952914105,377.80131858979263,358.2544394093936,0,0,0,0,21.35164598122801,,,,,,,377.80131858979263,358.2544394093936,0,0,0,0,377.80131858979263,358.2544394093936,0,0,0,0,0
1630503000,381.04,382.7,380.88,382.33,95.74743135889655,76.59794508711724,143.62114703834482,,382.33,10,20,20,60,375.30717617501875,381.12461176470583,386.9420473543929,380.6205420170234,374.61264928428875,0,0,0,0,357.231405338766,373.28555294117666,389.3397005435873,374.6605175464858,345.77393878820186,0,0,0,0,370.8302739663788,375.7657647058822,380.7012554453856,380.6205420170234,374.61264928428875,0,0,0,0,367.74296576497665,375.29771764705885,382.85246952914105,378.57745150939303,358.2544394093936,0,0,0,0,21.392266530875627,,,,,,,378.57745150939303,358.2544394093936,0,0,0,0,378.57745150939303,358.2544394093936,0,0,0,0,0
1630517400,382.34,382.45,380.37,380.58,95.74743135889655,76.59794508711724,143.62114703834482,,380.58,40,40,80,55,376.05048565011805,381.9706823529412,387.89087905576434,380.6205420170234,376.693174335411,0,0,0,0,358.6994789792647,375.2518117647056,391.80414455014653,376.7140520074511,345.77393878820186,0,0,0,0,371.3312501520813,376.4711764705882,381.6111027890951,380.6205420170234,376.693174335411,0,0,0,0,368.4019834364803,375.9533176470587,383.50465185763716,378.57745150939303,358.2544394093936,0,0,0,0,21.987629814592783,,,,,,,378.57745150939303,358.2544394093936,0,0,0,0,378.57745150939303,358.2544394093936,0,0,0,0,0
1630589400,381.97,382.3,380.09,380.22,99.28349997110405,79.42679997688325,148.92524995665607,,380.22,20,20,35,35,376.8352203320378,382.9153176470585,388.99541496207917,380.6205420170234,376.693174335411,0,0,0,0,358.6994789792647,375.2518117647056,391.80414455014653,376.7140520074511,345.77393878820186,0,0,0,0,371.8435994970869,377.1686352941175,382.4936710911481,380.6205420170234,376.693174335411,0,0,0,0,368.4019834364803,375.9533176470587,383.50465185763716,378.57745150939303,358.2544394093936,0,0,0,0,21.987629814592783,,,,,,,378.57745150939303,358.2544394093936,0,0,0,0,378.57745150939303,358.2544394093936,0,0,0,0,0
1630603800,380.19,380.47,379.17,380.42,99.28349997110405,79.42679997688325,148.92524995665607,,380.42,25,20,40,40,377.33585888209177,383.332094117647,389.3283293532022,380.6205420170234,376.693174335411,0,0,0,0,358.6994789792647,375.2518117647056,391.80414455014653,376.7140520074511,345.77393878820186,0,0,0,0,372.3342807010594,377.82449411764753,383.31470753423565,380.6205420170234,376.693174335411,0,0,0,0,369.03360176179933,376.52407058823536,384.0145394146714,378.57745150939303,358.2544394093936,0,0,0,0,21.987629814592783,,,,,,,378.57745150939303,358.2544394093936,0,0,0,0,378.57745150939303,358.2544394093936,0,0,0,0,0
1630675800,379.22,381.96,379.21,381.66,100.18674360654029,80.14939488523224,150.28011540981043,,381.66,20,10,35,10,377.90598892281616,383.8398823529413,389.7737757830664,380.6205420170234,376.693174335411,0,0,0,0,358.6994789792647,375.2518117647056,391.80414455014653,376.7140520074511,345.77393878820186,0,0,0,0,372.8227020436467,378.47308235294145,384.1234626622362,380.6205420170234,376.693174335411,0,0,0,0,369.03360176179933,376.52407058823536,384.0145394146714,378.57745150939303,358.2544394093936,0,0,0,0,21.987629814592783,,,,,,,378.57745150939303,358.2544394093936,0,0,0,0,378.57745150939303,358.2544394093936,0,0,0,0,0
1630690200,381.66,381.98,381.275,381.59,100.18674360654029,80.14939488523224,150.28011540981043,,381.59,40,50,40,15,378.4048024022664,384.1959294117645,389.9870564212626,380.6205420170234,376.693174335411,0,0,0,0,360.1618978331805,377.1852235294116,394.2085492256427,376.7140520074511,345.77393878820186,0,0,0,0,373.2892329020576,379.06879999999995,384.8483670979423,380.6205420170234,376.693174335411,0,0,0,0,369.67768943457,377.19482352941174,384.71195762425344,379.135741289487,366.5705508801512,0,0,0,0,21.566688829595748,,,,,,,379.135741289487,366.5705508801512,0,0,0,0,379.135741289487,366.5705508801512,0,0,0,0,0
1631021400,381.67,382.77,380.49,382.56,107.2395574306672,85.79164594453377,160.8593361460008,,382.56,10,35,10,10,378.87604916596774,384.2998823529413,389.7237155399149,380.6205420170234,376.693174335411,0,0,0,0,360.1618978331805,377.1852235294116,394.2085492256427,376.7140520074511,345.77393878820186,0,0,0,0,373.79964904423787,379.74491764705886,385.69018624987984,380.6205420170234,376.693174335411,0,0,0,0,369.67768943457,377.19482352941174,384.71195762425344,379.135741289487,366.5705508801512,0,0,0,0,21.566688829595748,,,,,,,379.135741289487,366.5705508801512,0,0,0,0,379.135741289487,366.5705508801512,0,0,0,0,0
1631035800,382.54,382.755,382.04,382.11,107.2395574306672,85.79164594453377,160.8593361460008,,382.11,15,55,70,45,379.31411540664817,384.3124235294116,389.31073165217504,380.88380935570945,377.00178156519604,0,0,0,0,360.1618978331805,377.1852235294116,394.2085492256427,377.0234884330795,345.77393878820186,0,0,0,0,374.25352898146684,380.3003529411766,386.3471769008863,380.88380935570945,377.00178156519604,0,0,0,0,370.32233958783354,377.8157647058824,385.3091898239312,379.99313917307813,366.5705508801512,0,0,0,0,21.0796068189358,,,,,,,379.99313917307813,366.5705508801512,0,0,0,0,379.99313917307813,366.5705508801512,0,0,0,0,0
1631107800,381.93,381.93,378.47,380.32,95.2056124516546,76.16448996132368,142.8084186774819,,380.32,10,35,35,10,379.48361977167536,383.88369411764705,388.28376846361874,380.88380935570945,377.00178156519604,0,0,0,0,360.1618978331805,377.1852235294116,394.2085492256427,377.0234884330795,345.77393878820186,0,0,0,0,374.62936178786185,380.7362117647061,386.8430617415504,380.88380935570945,377.00178156519604,0,0,0,0,370.32233958783354,377.8157647058824,385.3091898239312,379.99313917307813,366.5705508801512,0,0,0,0,21.0796068189358,,,,,,,379.99313917307813,366.5705508801512,0,0,0,0,379.99313917307813,366.5705508801512,0,0,0,0,0
1631122200,380.36,380.88,380.09,380.85,95.2056124516546,76.16448996132368,142.8084186774819,,380.85,15,35,40,15,379.65294862587785,383.59607058823536,387.5391925505929,380.88380935570945,377.00178156519604,0,0,0,0,361.6855013698116,379.1712705882352,396.65703980665876,377.0234884330795,345.77393878820186,0,0,0,0,375.02755924451935,381.20882352941175,387.39008781430414,380.88380935570945,377.00178156519604,0,0,0,0,370.89065815286637,378.4266117647059,385.96256537654546,379.99313917307813,366.5705508801512,0,0,0,0,20.717885118132823,,,,,,,379.99313917307813,366.5705508801512,0,0,0,0,379.99313917307813,366.5705508801512,0,0,0,0,0
1631194200,381.01,382.14,379.48,379.93,93.55352135091998,74.84281708073598,140.33028202637996,,379.93,10,10,35,10,379.77065196325486,383.1826352941179,383.1826352941179,380.88380935570945,377.00178156519604,0,0,0,0,361.6855013698116,379.1712705882352,396.65703980665876,377.0234884330795,345.77393878820186,0,0,0,0,375.3824506145847,381.61967058823535,387.856890561886,380.88380935570945,377.00178156519604,0,0,0,0,370.89065815286637,378.4266117647059,385.96256537654546,379.99313917307813,366.5705508801512,0,0,0,0,20.717885118132823,,,,,,,379.99313917307813,366.5705508801512,0,0,0,0,379.99313917307813,366.5705508801512,0,0,0,0,0
1631208600,379.88,380.47,379.23,379.41,93.55352135091998,74.84281708073598,140.33028202637996,,379.41,15,10,40,15,379.74257596644804,382.9852705882353,382.9852705882353,380.88380935570945,377.00178156519604,0,0,0,0,361.6855013698116,379.1712705882352,396.65703980665876,377.0234884330795,345.77393878820186,0,0,0,0,375.67891100039486,381.94329411764727,388.2076772348997,380.88380935570945,377.00178156519604,0,0,0,0,371.3834093284862,378.9232470588232,386.46308478916023,379.99313917307813,366.5705508801512,0,0,0,0,20.27246379716179,,,,,,,379.99313917307813,366.5705508801512,0,0,0,0,379.99313917307813,366.5705508801512,0,0,0,0,0
1631280600,381.24,381.94,378.58,379.94,94.20261230327257,75.36208984261806,141.30391845490885,,379.94,10,10,10,10,379.6480557094322,382.72668235294157,385.80530899645095,380.88380935570945,377.00178156519604,0,0,0,0,361.6855013698116,379.1712705882352,396.65703980665876,377.0234884330795,345.77393878820186,0,0,0,0,376.03456199790577,382.3565647058829,388.67856741386,380.88380935570945,377.00178156519604,0,0,0,0,371.3834093284862,378.9232470588232,386.46308478916023,379.99313917307813,366.5705508801512,0,0,0,0,20.27246379716179,,,,,,,379.99313917307813,366.5705508801512,0,0,0,0,379.99313917307813,366.5705508801512,0,0,0,0,0
1631295000,379.91,380.27,376.25,376.51,94.20261230327257,75.36208984261806,141.30391845490885,,376.51,35,15,-5,-20,379.128531137556,382.0854823529414,382.0854823529414,379.25130855516164,377.00178156519604,0,0,0,0,362.82057006576633,380.51675294117655,398.21293581658676,377.0234884330795,360.67185538370467,0,0,0,0,376.173904888529,382.49687058823565,382.49687058823565,379.25130855516164,377.00178156519604,0,0,0,0,371.702478764761,379.1162588235295,386.530038882298,379.99313917307813,366.5705508801512,0,0,0,0,14.642579779352939,,,,,,,379.99313917307813,366.5705508801512,0,0,0,0,379.99313917307813,366.5705508801512,0,0,0,0,0
1631539800,378.99,379.43,374.3,375.55,93.47309998177349,74.7784799854188,140.20964997266023,,375.55,15,10,-10,-25,378.2910970697188,381.20734117647044,381.20734117647044,378.49510788684853,377.00178156519604,0,0,0,0,362.82057006576633,380.51675294117655,398.21293581658676,377.0234884330795,360.67185538370467,0,0,0,0,376.1878383675296,382.47555294117706,382.47555294117706,378.49510788684853,377.00178156519604,0,0,0,0,371.702478764761,379.1162588235295,386.530038882298,379.99313917307813,366.5705508801512,0,0,0,0,14.642579779352939,,,,,,,379.99313917307813,366.5705508801512,0,0,0,0,379.99313917307813,366.5705508801512,0,0,0,0,0
1631554200,375.55,376.36,374.22,376.36,93.47309998177349,74.7784799854188,140.20964997266023,,376.36,15,10,-10,-35,377.61054563105574,380.4360941176473,380.4360941176473,377.88331446635937,377.00178156519604,0,0,0,0,362.82057006576633,380.51675294117655,398.21293581658676,377.0234884330795,360.67185538370467,0,0,0,0,376.2463082745907,382.5029176470592,382.5029176470592,377.88331446635937,377.00178156519604,0,0,0,0,371.9845360483536,379.2425411764705,386.50054630458743,378.8122031449674,366.5705508801512,0,0,0,0,14.582175171088823,,,,,,,378.8122031449674,366.5705508801512,0,0,0,0,378.8122031449674,366.5705508801512,0,0,0,0,0
1631626200,377.87,378.6,375.27,376.06,91.25123950757241,73.00099160605792,136.87685926135862,,376.06,15,10,-10,-20,376.9567202151608,379.6964235294118,379.6964235294118,377.88331446635937,377.00178156519604,0,0,0,0,362.82057006576633,380.51675294117655,398.21293581658676,377.0234884330795,360.67185538370467,0,0,0,0,376.276044729764,382.4998823529416,382.4998823529416,377.88331446635937,377.00178156519604,0,0,0,0,371.9845360483536,379.2425411764705,386.50054630458743,378.8122031449674,366.5705508801512,0,0,0,0,14.582175171088823,,,,,,,378.8122031449674,366.5705508801512,0,0,0,0,378.8122031449674,366.5705508801512,0,0,0,0,0
1631640600,375.97,376.39,374.28,375.18,91.25123950757241,73.00099160605792,136.87685926135862,,375.18,20,10,-5,-30,375.96332754453175,378.6081647058821,378.6081647058821,377.065093465814,377.00178156519604,0,0,0,0,363.80550054439044,381.6160235294113,399.4265465144321,377.0234884330795,360.67185538370467,0,0,0,0,376.23602012265405,382.42324705882345,382.42324705882345,377.065093465814,377.00178156519604,0,0,0,0,372.2088047218239,379.39734117647095,386.58587763111797,378.8122031449674,366.5705508801512,0,0,0,0,14.515056949271804,,,,,,,378.8122031449674,366.5705508801512,0,0,0,0,378.8122031449674,366.5705508801512,0,0,0,0,0
1631712600,375.73,376.84,373.37,376.71,95.68838516071597,76.55070812857278,143.53257774107396,,376.71,-10,10,-10,-10,375.13927227044223,377.5545882352944,377.5545882352944,377.065093465814,377.00178156519604,0,0,0,0,363.80550054439044,381.6160235294113,399.4265465144321,377.0234884330795,360.67185538370467,0,0,0,0,376.2571702587439,382.3801647058823,382.3801647058823,377.065093465814,377.00178156519604,0,0,0,0,372.2088047218239,379.39734117647095,386.58587763111797,378.8122031449674,366.5705508801512,0,0,0,0,14.515056949271804,,,,,,,378.8122031449674,366.5705508801512,0,0,0,0,378.8122031449674,366.5705508801512,0,0,0,0,0
1631727000,376.69,378.39,376.64,378,95.68838516071597,76.55070812857278,143.53257774107396,,378,-5,15,-5,-5,374.7748833154873,377.09011764705895,379.4053519786306,377.065093465814,377.00178156519604,0,0,0,0,363.80550054439044,381.6160235294113,399.4265465144321,377.0234884330795,360.67185538370467,0,0,0,0,376.3469766795714,382.40948235294104,388.47198802631067,377.065093465814,377.00178156519604,0,0,0,0,372.58746896697323,379.7916705882356,386.995872209498,378.8122031449674,366.5705508801512,0,0,0,0,14.515056949271804,,,,,,,378.8122031449674,366.5705508801512,0,0,0,0,378.8122031449674,366.5705508801512,0,0,0,0,0
1631799000,376.68,377.44,374.7,376.54,97.83273102961911,78.2661848236953,146.74909654442865,,376.54,-10,-10,-10,-10,373.99372523643115,376.33160000000004,376.33160000000004,377.065093465814,377.00178156519604,0,0,0,0,363.80550054439044,381.6160235294113,399.4265465144321,377.0234884330795,360.67185538370467,0,0,0,0,376.31190858598944,382.2751529411764,382.2751529411764,377.065093465814,377.00178156519604,0,0,0,0,372.58746896697323,379.7916705882356,386.995872209498,378.8122031449674,366.5705508801512,0,0,0,0,14.515056949271804,,,,,,,378.8122031449674,366.5705508801512,0,0,0,0,378.8122031449674,366.5705508801512,0,0,0,0,0
1631813400,376.55,378.89,376.14,378.34,97.83273102961911,78.2661848236953,146.74909654442865,,378.34,-5,10,-5,-5,373.88880761505465,376.22997647058816,378.57114532612167,377.065093465814,377.00178156519604,0,0,0,0,365.0385374314035,383.11505882352907,401.19158021565465,377.0234884330795,360.67185538370467,0,0,0,0,376.38388997319043,382.2563294117648,388.12876885033916,377.065093465814,377.00178156519604,0,0,0,0,372.96758401130006,380.19456470588267,387.4215454004653,378.8122031449674,366.5705508801512,0,0,0,0,14.515056949271804,,,,,,,378.8122031449674,366.5705508801512,0,0,0,0,378.8122031449674,366.5705508801512,0,0,0,0,0
1631885400,377.84,377.87,373.11,373.81,97.03879054348266,77.63103243478614,145.558185815224,,373.81,-10,-10,-10,-45,373.0064332563067,375.5417411764706,375.5417411764706,376.9534631707686,377.00178156519604,0,0,0,0,365.0385374314035,383.11505882352907,401.19158021565465,377.0234884330795,360.67185538370467,0,0,0,0,376.11363720994444,381.8808705882348,381.8808705882348,376.9534631707686,377.00178156519604,0,0,0,0,372.96758401130006,380.19456470588267,387.4215454004653,378.8122031449674,366.5705508801512,0,0,0,0,-0.4849430507281946,,,,,,,378.8122031449674,366.5705508801512,0,0,1,0,378.8122031449674,366.5705508801512,0,0,0,0,0
1631899800,373.85,374.28,372.76,373.78,97.03879054348266,77.63103243478614,145.558185815224,,373.78,-10,-10,-10,-25,372.03871353220705,374.77701176470595,374.77701176470595,375.92678722999943,377.00178156519604,0,0,0,0,365.0385374314035,383.11505882352907,401.19158021565465,377.0234884330795,360.67185538370467,0,0,0,0,375.8396570224448,381.5170352941178,381.5170352941178,375.92678722999943,377.00178156519604,0,0,0,0,373.0283776268459,380.1215529411763,380.1215529411763,376.95123737258064,366.5705508801512,0,0,0,0,2.797799385504526,,,,,,,376.95123737258064,366.5705508801512,0,0,0,0,376.95123737258064,366.5705508801512,0,0,0,0,0
1632144600,367.46,369.24,362.79,364.1,95.97191140940762,76.77752912752611,143.95786711411142,,364.1,-10,-10,-10,-35,369.0435079736169,372.8239294117648,372.8239294117648,369.17663321585593,377.00178156519604,0,0,0,0,365.0385374314035,383.11505882352907,401.19158021565465,377.0234884330795,360.67185538370467,0,0,0,0,374.6160282595642,380.42498823529417,380.42498823529417,369.17663321585593,377.00178156519604,0,0,0,0,373.0283776268459,380.1215529411763,380.1215529411763,372.5054347031106,366.5705508801512,0,0,0,0,2.5703975938100894,,,,,,,372.5054347031106,366.5705508801512,0,0,0,0,372.5054347031106,366.5705508801512,0,0,0,0,0
1632159000,364.05,365.92,360.94,365.74,95.97191140940762,76.77752912752611,143.95786711411142,,365.74,-15,-30,-40,-80,366.4696987085298,371.0428941176472,371.0428941176472,366.93973084329485,373.8942816809041,0,0,0,0,365.4186373586721,383.4434588235291,383.4434588235291,373.8659270490332,360.67185538370467,0,0,0,0,373.5946628492534,379.48270588235323,379.48270588235323,366.93973084329485,373.8942816809041,0,0,0,0,372.4623779423874,379.4714352941175,379.4714352941175,369.30790365288846,366.5705508801512,0,0,0,0,1.3125114455585503,,,,,,,369.30790365288846,366.5705508801512,0,0,0,0,369.30790365288846,366.5705508801512,0,0,0,0,0
1632231000,367.58,368.81,365,366.12,87.23215434819163,69.78572347855331,130.84823152228745,,366.12,-15,-20,-25,-50,364.6922573401282,369.67298823529393,369.67298823529393,366.93973084329485,373.8942816809041,0,0,0,0,365.4186373586721,383.4434588235291,383.4434588235291,373.8659270490332,360.67185538370467,0,0,0,0,372.5873283042722,378.49119999999994,378.49119999999994,366.93973084329485,373.8942816809041,0,0,0,0,372.4623779423874,379.4714352941175,379.4714352941175,369.30790365288846,366.5705508801512,0,0,0,0,1.3125114455585503,,,,,,,369.30790365288846,366.5705508801512,0,0,0,0,369.30790365288846,366.5705508801512,0,0,0,0,0
1632245400,366.11,368.1,365.67,366.08,87.23215434819163,69.78572347855331,130.84823152228745,,366.08,-20,-35,-45,-70,363.23350267428987,368.49978823529415,368.49978823529415,366.93973084329485,373.3954044179824,0,0,0,0,365.4186373586721,383.4434588235291,383.4434588235291,373.37764654553087,360.67185538370467,0,0,0,0,371.6158209760665,377.58950588235314,377.58950588235314,366.93973084329485,373.3954044179824,0,0,0,0,371.9511097383402,378.9016235294116,378.9016235294116,369.30790365288846,366.5705508801512,0,0,0,0,1.1432854246569257,,,,,,,369.30790365288846,366.5705508801512,0,0,0,0,369.30790365288846,366.5705508801512,0,0,0,0,0
1632317400,367.09,370.47,365.96,369.14,82.44406366392944,65.95525093114355,123.66609549589415,,369.14,-15,-20,-25,-50,362.3557360317784,367.7352470588234,367.7352470588234,366.93973084329485,373.3954044179824,0,0,0,0,365.4186373586721,383.4434588235291,383.4434588235291,373.37764654553087,360.67185538370467,0,0,0,0,370.9039195618957,376.75541176470585,376.75541176470585,366.93973084329485,373.3954044179824,0,0,0,0,371.9511097383402,378.9016235294116,378.9016235294116,369.30790365288846,366.5705508801512,0,0,0,0,1.1432854246569257,,,,,,,369.30790365288846,366.5705508801512,0,0,1,0,369.30790365288846,366.5705508801512,0,0,0,0,0
1632331800,369.085,371.07,367.58,369.55,82.44406366392944,65.95525093114355,123.66609549589415,,369.55,-20,-20,-30,-45,361.95041419407545,367.31463529411747,367.31463529411747,366.93973084329485,373.3954044179824,0,0,0,0,365.9758861365809,383.9691294117649,401.9623726869489,373.37764654553087,360.67185538370467,0,0,0,0,370.23212709267995,375.98875294117653,375.98875294117653,366.93973084329485,373.3954044179824,0,0,0,0,371.71828837576265,378.5885882352939,378.5885882352939,369.30790365288846,366.5705508801512,0,0,0,0,1.1432854246569257,,,,,,,369.30790365288846,366.5705508801512,0,0,0,0,369.30790365288846,366.5705508801512,0,0,0,0,0
1632403800,370.76,373.82,370.13,373.78,88.39284665774998,70.71427732619999,132.58926998662497,,373.78,0,-10,0,25,362.30037483685226,367.5210352941177,372.7416957513832,369.72439230237075,373.3954044179824,0,0,0,0,365.9758861365809,383.9691294117649,401.9623726869489,373.37764654553087,360.67185538370467,0,0,0,0,369.928369047422,375.5175058823531,381.10664271728416,369.72439230237075,373.3954044179824,0,0,0,0,371.71828837576265,378.5885882352939,378.5885882352939,369.30790365288846,366.5705508801512,0,0,0,0,1.1432854246569257,,,,,,,369.30790365288846,366.5705508801512,0,0,0,0,369.30790365288846,366.5705508801512,0,0,0,0,0
1632418200,373.78,374.03,372.84,372.91,88.39284665774998,70.71427732619999,132.58926998662497,,372.91,-10,-5,-10,15,362.78161826638575,367.8120941176469,372.84256996890804,370.7119357093443,373.3954044179824,0,0,0,0,365.9758861365809,383.9691294117649,401.9623726869489,373.37764654553087,360.67185538370467,0,0,0,0,369.5505607944161,374.841905882353,374.841905882353,370.7119357093443,373.3954044179824,0,0,0,0,371.73763969166396,378.5495058823526,385.36137207304125,369.30790365288846,366.5705508801512,0,0,0,0,1.1432854246569257,,,,,,,369.30790365288846,366.5705508801512,0,0,0,0,369.30790365288846,366.5705508801512,0,0,0,0,0
1632490200,370.65,372.84,370.28,372.81,91.11745756627715,72.89396605302173,136.67618634941573,,372.81,-10,-10,-10,0,363.18838407889416,368.0053176470587,372.8222512152232,370.7119357093443,373.3954044179824,0,0,0,0,365.9758861365809,383.9691294117649,401.9623726869489,373.37764654553087,360.67185538370467,0,0,0,0,369.1477281008221,374.21974117647096,374.21974117647096,370.7119357093443,373.3954044179824,0,0,0,0,371.73763969166396,378.5495058823526,385.36137207304125,369.30790365288846,366.5705508801512,0,0,0,0,1.1432854246569257,,,,,,,369.30790365288846,366.5705508801512,0,0,0,0,369.30790365288846,366.5705508801512,0,0,0,0,0
1632504600,372.78,373.74,371.96,373.31,91.11745756627715,72.89396605302173,136.67618634941573,,373.31,-15,-10,-15,10,363.6751687187395,368.34016470588244,373.0051606930254,370.9241133629767,373.3954044179824,0,0,0,0,366.5833802893737,384.39844705882325,402.2135138282728,373.37764654553087,360.67185538370467,0,0,0,0,368.7877915963124,373.6005176470585,378.4132436978046,370.9241133629767,373.3954044179824,0,0,0,0,371.72737366547165,378.41228235294113,385.0971910404106,369.30790365288846,366.5705508801512,0,0,0,0,1.1432854246569257,,,,,,,369.30790365288846,366.5705508801512,0,0,0,0,369.30790365288846,366.5705508801512,0,0,0,0,0
1632749400,370.17,371.07,367.75,370.35,87.60887648128046,70.08710118502437,131.4133147219207,,370.35,-10,-10,-10,0,363.78190281769423,368.298,368.298,370.9241133629767,373.3954044179824,0,0,0,0,366.5833802893737,384.39844705882325,402.2135138282728,373.37764654553087,360.67185538370467,0,0,0,0,368.1369535838734,372.8614588235295,372.8614588235295,370.9241133629767,373.3954044179824,0,0,0,0,371.72737366547165,378.41228235294113,385.0971910404106,369.30790365288846,366.5705508801512,0,0,0,0,1.1432854246569257,,,,,,,369.30790365288846,366.5705508801512,0,0,0,0,369.30790365288846,366.5705508801512,0,0,0,0,0
1632763800,370.35,371.25,369.9,370.35,87.60887648128046,70.08710118502437,131.4133147219207,,370.35,-15,-10,-15,-15,364.0818728896394,368.4105647058822,368.4105647058822,370.9241133629767,373.3954044179824,0,0,0,0,366.5833802893737,384.39844705882325,402.2135138282728,373.37764654553087,360.67185538370467,0,0,0,0,367.4836485739863,372.1347294117646,372.1347294117646,370.9241133629767,373.3954044179824,0,0,0,0,371.4665150172173,377.8967294117647,377.8967294117647,369.30790365288846,366.5705508801512,0,0,0,0,1.799885323619187,,,,,,,369.30790365288846,366.5705508801512,0,0,0,0,369.30790365288846,366.5705508801512,0,0,0,0,0
1632835800,365.69,366.34,359.45,361.03,85.51437467422303,68.41149973937843,128.27156201133454,,361.03,-15,-10,-15,-40,362.3316765096019,367.0727764705883,367.0727764705883,364.56961568449424,373.3954044179824,0,0,0,0,366.5833802893737,384.39844705882325,402.2135138282728,373.37764654553087,360.67185538370467,0,0,0,0,365.82237443386714,370.8970117647057,370.8970117647057,364.56961568449424,373.3954044179824,0,0,0,0,371.4665150172173,377.8967294117647,377.8967294117647,369.30790365288846,366.5705508801512,0,0,0,0,1.799885323619187,,,,,,,369.30790365288846,366.5705508801512,0,0,0,0,369.30790365288846,366.5705508801512,0,0,0,0,0
1632850200,361.04,362.6,359.35,359.86,85.51437467422303,68.41149973937843,128.27156201133454,,359.86,-20,-10,-55,-45,360.758189968639,365.8209647058824,365.8209647058824,364.16145434020166,373.3954044179824,0,0,0,0,366.25673741393007,383.7358117647059,383.7358117647059,371.3884900243012,360.67185538370467,0,0,0,0,364.07930132980994,369.59672941176456,369.59672941176456,364.16145434020166,373.3954044179824,0,0,0,0,370.21110141249846,376.42023529411813,376.42023529411813,366.315020217787,366.5705508801512,0,0,0,0,-6.441057126460719,,,,,,,366.315020217787,366.5705508801512,0,0,0,0,366.315020217787,366.5705508801512,0,0,0,0,0
1632922200,361.17,363.36,358.96,359.46,83.16905412093907,66.53524329675126,124.7535811814086,,359.46,-15,-10,-15,-40,359.1106604610095,364.518352941177,364.518352941177,363.7866111402759,373.3954044179824,0,0,0,0,366.25673741393007,383.7358117647059,383.7358117647059,371.3884900243012,360.67185538370467,0,0,0,0,362.39101760453485,368.33039999999994,368.33039999999994,363.7866111402759,373.3954044179824,0,0,0,0,370.21110141249846,376.42023529411813,376.42023529411813,366.315020217787,366.5705508801512,0,0,0,0,-6.441057126460719,,,,,,,366.315020217787,366.5705508801512,0,0,0,0,366.315020217787,366.5705508801512,0,0,0,0,0
1632936600,359.45,362.02,358.64,359.36,83.16905412093907,66.53524329675126,124.7535811814086,,359.36,-20,-35,-45,-70,357.52176473490886,363.2412941176473,363.2412941176473,363.7866111402759,368.41120866307796,0,0,0,0,366.25673741393007,383.7358117647059,383.7358117647059,368.38502645113687,360.67185538370467,0,0,0,0,360.77841242937353,367.10343529411745,367.10343529411745,363.7866111402759,368.41120866307796,0,0,0,0,368.8598954390169,375.050494117647,375.050494117647,365.7565225347244,366.5705508801512,0,0,0,0,-7.510550806768224,,,,,,,365.7565225347244,366.5705508801512,0,0,0,0,365.7565225347244,366.5705508801512,0,0,0,0,0
1633008600,360.98,362.67,357.93,359.1,84.18869366640419,67.35095493312336,126.28304049960629,,359.1,-15,-20,-25,-50,356.27218790848076,362.1887294117647,362.1887294117647,363.7866111402759,368.41120866307796,0,0,0,0,366.25673741393007,383.7358117647059,383.7358117647059,368.38502645113687,360.67185538370467,0,0,0,0,359.19850021912634,365.8852000000006,365.8852000000006,363.7866111402759,368.41120866307796,0,0,0,0,368.8598954390169,375.050494117647,375.050494117647,365.7565225347244,366.5705508801512,0,0,0,0,-7.510550806768224,,,,,,,365.7565225347244,366.5705508801512,0,0,0,0,365.7565225347244,366.5705508801512,0,0,0,0,0
1633023000,359.05,361.475,357.59,357.72,84.18869366640419,67.35095493312336,126.28304049960629,,357.72,-45,-35,-45,-60,354.9816598922878,361.09658823529423,361.09658823529423,363.7866111402759,367.7596937585724,0,0,0,0,365.7065351486746,382.62814117647076,382.62814117647076,367.69895313319853,360.67185538370467,0,0,0,0,357.53245944473383,364.6097647058828,364.6097647058828,363.7866111402759,367.7596937585724,0,0,0,0,367.3710085426869,373.6879058823531,373.6879058823531,365.28868524677773,366.5705508801512,0,0,0,0,-7.772256726021296,,,,,,,365.28868524677773,366.5705508801512,0,0,0,0,365.28868524677773,366.5705508801512,0,0,0,0,0
1633095000,358.58,359.16,354.38,358.14,88.90101741483426,71.1208139318674,133.35152612225139,,358.14,-25,-20,-25,-55,353.50448917165477,359.87164705882367,359.87164705882367,361.43164249882733,367.7596937585724,0,0,0,0,365.7065351486746,382.62814117647076,382.62814117647076,367.69895313319853,360.67185538370467,0,0,0,0,355.94662016807854,363.3621882352941,363.3621882352941,361.43164249882733,367.7596937585724,0,0,0,0,367.3710085426869,373.6879058823531,373.6879058823531,363.0427077291508,366.5705508801512,0,0,0,0,-7.8871379633558085,,,,,,,363.0427077291508,366.5705508801512,0,0,0,0,363.0427077291508,366.5705508801512,0,0,0,0,0
1633109400,358.2,361.25,358.17,360.15,88.90101741483426,71.1208139318674,133.35152612225139,,360.15,-30,-40,-45,-60,352.8615143835847,359.23343529411727,359.23343529411727,361.43164249882733,366.4575727758172,0,0,0,0,365.7065351486746,382.62814117647076,382.62814117647076,366.4104564808272,360.67185538370467,0,0,0,0,354.61337623474094,362.26472941176456,362.26472941176456,361.43164249882733,366.4575727758172,0,0,0,0,366.1831386815763,372.6017647058825,372.6017647058825,363.0427077291508,366.5705508801512,0,0,0,0,-8.333699232671018,,,,,,,363.0427077291508,366.5705508801512,0,0,0,0,363.0427077291508,366.5705508801512,0,0,0,0,0
1633354200,358.52,358.85,350.34,351,98.0091091303671,78.40728730429367,147.01366369555063,,351,-25,-10,-15,-40,350.87334081353936,357.6240470588234,357.6240470588234,355.5512120316797,366.4575727758172,0,0,0,0,365.7065351486746,382.62814117647076,382.62814117647076,366.4104564808272,360.67185538370467,0,0,0,0,352.3803029173857,360.6368470588235,360.6368470588235,355.5512120316797,366.4575727758172,0,0,0,0,366.1831386815763,372.6017647058825,372.6017647058825,363.0427077291508,366.5705508801512,0,0,0,0,-8.333699232671018,,,,,,,363.0427077291508,366.5705508801512,0,0,0,0,363.0427077291508,366.5705508801512,0,0,0,0,0
1633368600,351,353.45,350.97,352.69,98.0091091303671,78.40728730429367,147.01366369555063,,352.69,-45,-35,-45,-70,349.0914103908841,356.14837647058795,356.14837647058795,355.5512120316797,364.399889006116,0,0,0,0,364.73990788888193,380.6752705882353,380.6752705882353,364.3425667321967,360.67185538370467,0,0,0,0,350.4820650785782,359.19505882352956,359.19505882352956,355.5512120316797,364.399889006116,0,0,0,0,364.21809449915514,371.10748235294164,371.10748235294164,357.5780608166706,366.5705508801512,0,0,0,0,-9.329894434333653,,,,,,,357.5780608166706,366.5705508801512,0,0,0,0,357.5780608166706,366.5705508801512,0,0,0,0,0
1633440600,353.74,359.16,353.51,358.79,100.08870919136896,80.07096735309517,150.13306378705346,,358.79,-15,-25,-25,-50,349.3627157068376,356.07218823529394,356.07218823529394,355.5512120316797,364.399889006116,0,0,0,0,364.73990788888193,380.6752705882353,380.6752705882353,364.3425667321967,360.67185538370467,0,0,0,0,349.6033945467226,358.4483529411763,358.4483529411763,355.5512120316797,364.399889006116,0,0,0,0,364.21809449915514,371.10748235294164,371.10748235294164,357.5780608166706,366.5705508801512,0,0,0,0,-9.329894434333653,,,,,,,357.5780608166706,366.5705508801512,0,0,0,0,357.5780608166706,366.5705508801512,0,0,0,0,0
1633455000,358.79,359.68,357.23,357.39,100.08870919136896,80.07096735309517,150.13306378705346,,357.39,-20,-25,-30,-55,349.1788533403576,355.75625882352927,355.75625882352927,355.5512120316797,364.399889006116,0,0,0,0,364.73990788888193,380.6752705882353,380.6752705882353,364.3425667321967,360.67185538370467,0,0,0,0,348.65169729932285,357.6466117647057,357.6466117647057,355.5512120316797,364.399889006116,0,0,0,0,362.911339098712,370.0310588235295,370.0310588235295,357.5780608166706,366.5705508801512,0,0,0,0,-8.916258779470835,,,,,,,357.5780608166706,366.5705508801512,0,0,0,0,357.5780608166706,366.5705508801512,0,0,0,0,0
1633527000,354.12,358.1,353.15,357.23,104.76341702377708,83.81073361902168,157.1451255356656,,357.23,-15,-15,-15,-25,348.8906139216872,355.3492470588238,355.3492470588238,355.5512120316797,364.399889006116,0,0,0,0,364.73990788888193,380.6752705882353,380.6752705882353,364.3425667321967,360.67185538370467,0,0,0,0,347.7170562776885,356.85600000000017,356.85600000000017,355.5512120316797,364.399889006116,0,0,0,0,362.911339098712,370.0310588235295,370.0310588235295,357.5780608166706,366.5705508801512,0,0,0,0,-8.916258779470835,,,,,,,357.5780608166706,366.5705508801512,0,0,0,0,357.5780608166706,366.5705508801512,0,0,0,0,0
1633541400,357.26,359.945,357.19,359.67,104.76341702377708,83.81073361902168,157.1451255356656,,359.67,-45,0,-60,-20,348.334309291154,354.8331294117644,361.3319495323748,355.5512120316797,364.399889006116,0,0,0,0,364.27359155518,379.5657411764707,379.5657411764707,364.3425667321967,360.67185538370467,0,0,0,0,347.1312996348983,356.319788235294,356.319788235294,355.5512120316797,364.399889006116,0,0,0,0,361.77045838703856,368.9961882352939,368.9961882352939,357.5780608166706,366.5705508801512,0,0,0,0,-8.291702788686141,,,,,,,357.5780608166706,366.5705508801512,0,0,0,0,357.5780608166706,366.5705508801512,0,0,0,0,0
1633613400,362.8,365.68,362.28,365.25,112.71349177710832,90.17079342168665,169.0702376656625,,365.25,0,-10,-25,25,348.6657125673176,355.16402352941145,361.6623344915053,361.8783222469409,364.399889006116,0,0,0,0,364.27359155518,379.5657411764707,379.5657411764707,364.3425667321967,360.67185538370467,0,0,0,0,347.2966338531554,356.3627764705884,365.4289190880214,361.8783222469409,364.399889006116,0,0,0,0,361.77045838703856,368.9961882352939,368.9961882352939,358.02956272906357,366.5705508801512,0,0,0,0,-8.268608568932148,,,,,,,358.02956272906357,366.5705508801512,0,0,0,0,358.02956272906357,366.5705508801512,0,0,0,0,0
1633627800,365.26,365.29,362.495,362.93,112.71349177710832,90.17079342168665,169.0702376656625,,362.93,-15,-10,-40,-5,348.9720747620782,355.4406588235297,361.9092428849812,361.8783222469409,364.399889006116,0,0,0,0,364.27359155518,379.5657411764707,379.5657411764707,364.3425667321967,360.67185538370467,0,0,0,0,347.1914492575843,356.19581176470564,356.19581176470564,361.8783222469409,364.399889006116,0,0,0,0,361.0151346403334,368.2847529411768,368.2847529411768,358.02956272906357,366.5705508801512,0,0,0,0,-8.125942879671106,,,,,,,358.02956272906357,366.5705508801512,0,0,0,0,358.02956272906357,366.5705508801512,0,0,0,0,0
1633699800,364.08,364.28,360.61,360.84,109.51878426889498,87.61502741511599,164.27817640334246,,360.84,-10,-10,-35,0,349.03051862746776,355.4634352941175,361.8963519607673,361.8783222469409,364.399889006116,0,0,0,0,364.27359155518,379.5657411764707,379.5657411764707,364.3425667321967,360.67185538370467,0,0,0,0,346.92066320052663,355.89369411764727,355.89369411764727,361.8783222469409,364.399889006116,0,0,0,0,361.0151346403334,368.2847529411768,368.2847529411768,358.02956272906357,366.5705508801512,0,0,0,0,-8.125942879671106,,,,,,,358.02956272906357,366.5705508801512,0,0,0,0,358.02956272906357,366.5705508801512,0,0,0,0,0
1633714200,360.75,362.53,360.705,361.09,109.51878426889498,87.61502741511599,164.27817640334246,,361.09,-15,-10,-40,-5,349.4152310870009,355.7340941176472,362.0529571482935,361.8783222469409,364.399889006116,0,0,0,0,363.93458842707287,378.3268,378.3268,364.3425667321967,360.67185538370467,0,0,0,0,346.74942132717337,355.664588235294,355.664588235294,361.8783222469409,364.399889006116,0,0,0,0,360.1077380143128,367.4655058823527,367.4655058823527,358.02956272906357,366.5705508801512,0,0,0,0,-7.85800611808198,,,,,,,358.02956272906357,366.5705508801512,0,0,0,0,358.02956272906357,366.5705508801512,0,0,0,0,0
1633959000,359.58,363.18,358.95,360.16,111.3803792753535,89.1043034202828,167.07056891303026,,360.16,-10,-10,-10,0,349.9443351096298,356.09708235294147,356.09708235294147,361.8783222469409,364.399889006116,0,0,0,0,363.93458842707287,378.3268,378.3268,364.3425667321967,360.67185538370467,0,0,0,0,346.6354009975453,355.45835294117666,355.45835294117666,361.8783222469409,364.399889006116,0,0,0,0,360.1077380143128,367.4655058823527,367.4655058823527,358.02956272906357,366.5705508801512,0,0,0,0,-7.85800611808198,,,,,,,358.02956272906357,366.5705508801512,0,0,0,0,358.02956272906357,366.5705508801512,0,0,0,0,0
1633973400,360.19,361.21,358.3,358.39,111.3803792753535,89.1043034202828,167.07056891303026,,358.39,-15,-15,-15,-15,350.7179908670908,356.4842117647063,356.4842117647063,361.8783222469409,364.399889006116,0,0,0,0,363.93458842707287,378.3268,378.3268,364.3425667321967,360.67185538370467,0,0,0,0,346.41499272318225,355.1624705882351,355.1624705882351,361.8783222469409,364.399889006116,0,0,0,0,358.87165523627357,366.36729411764685,366.36729411764685,358.02956272906357,366.5705508801512,0,0,0,0,-7.42799826237533,,,,,,,358.02956272906357,366.5705508801512,0,0,0,0,358.02956272906357,366.5705508801512,0,0,0,0,0
1634045400,359.85,360.32,356.8,357.36,117.17856099568635,93.74284879654908,175.76784149352955,,357.36,-10,-10,-10,-25,351.42540748757165,356.76117647058857,356.76117647058857,361.7534602451976,364.399889006116,0,0,0,0,363.93458842707287,378.3268,378.3268,364.3425667321967,360.67185538370467,0,0,0,0,346.2416954788791,354.8799999999996,354.8799999999996,361.7534602451976,364.399889006116,0,0,0,0,358.87165523627357,366.36729411764685,366.36729411764685,358.02956272906357,366.5705508801512,0,0,0,0,-7.42799826237533,,,,,,,358.02956272906357,366.5705508801512,0,0,0,0,358.02956272906357,366.5705508801512,0,0,0,0,0
1634059800,357.34,358.87,356.5,357.12,117.17856099568635,93.74284879654908,175.76784149352955,,357.12,-20,-15,-20,-35,352.1298592850007,357.04778823529387,357.04778823529387,360.35844276244075,364.399889006116,0,0,0,0,363.2219101638767,376.9484941176472,376.9484941176472,364.3425667321967,360.67185538370467,0,0,0,0,346.1007269284055,354.6201882352943,354.6201882352943,360.35844276244075,364.399889006116,0,0,0,0,357.5197838921378,365.1877647058822,365.1877647058822,358.02956272906357,366.5705508801512,0,0,0,0,-7.42799826237533,,,,,,,358.02956272906357,366.5705508801512,0,0,0,0,358.02956272906357,366.5705508801512,0,0,0,0,0
1634131800,359.51,360.28,357.43,359.48,114.09712473960056,91.27769979168045,171.14568710940085,,359.48,0,0,0,0,353.6256894686002,357.826211764706,357.826211764706,360.35844276244075,364.399889006116,0,0,0,0,363.2219101638767,376.9484941176472,376.9484941176472,364.3425667321967,360.67185538370467,0,0,0,0,346.1486313674837,354.5308235294121,354.5308235294121,360.35844276244075,364.399889006116,0,0,0,0,357.5197838921378,365.1877647058822,365.1877647058822,358.02956272906357,366.5705508801512,0,0,0,0,-7.42799826237533,,,,,,,358.02956272906357,366.5705508801512,0,0,0,0,358.02956272906357,366.5705508801512,0,0,0,0,0
1634146200,359.49,360.67,358.93,360.02,114.09712473960056,91.27769979168045,171.14568710940085,,360.02,-15,-10,-15,-15,354.92013531750075,358.59112941176465,362.26212350602856,360.35844276244075,364.399889006116,0,0,0,0,363.2219101638767,376.9484941176472,376.9484941176472,364.3425667321967,360.67185538370467,0,0,0,0,346.35916035239046,354.5536235294119,354.5536235294119,360.35844276244075,364.399889006116,0,0,0,0,356.56103220303805,364.3362588235294,364.3362588235294,358.02956272906357,366.5705508801512,0,0,0,0,-7.42799826237533,,,,,,,358.02956272906357,366.5705508801512,0,0,0,0,358.02956272906357,366.5705508801512,0,0,0,0,0
1634218200,363.69,366.73,363.01,366.15,116.93640397980626,93.54912318384501,175.4046059697094,,366.15,10,-10,10,25,357.25403326855104,360.4464705882356,363.6389079079202,362.90587077454256,364.399889006116,0,0,0,0,363.2219101638767,376.9484941176472,376.9484941176472,364.3425667321967,360.67185538370467,0,0,0,0,347.09818825352363,355.0646117647059,363.03103527588814,362.90587077454256,364.399889006116,0,0,0,0,356.56103220303805,364.3362588235294,364.3362588235294,359.2103145935381,366.5705508801512,0,0,0,0,-7.3676030740391685,,,,,,,359.2103145935381,366.5705508801512,0,0,0,0,359.2103145935381,366.5705508801512,0,0,0,0,0
1634232600,366.21,366.85,365.97,366.6,116.93640397980626,93.54912318384501,175.4046059697094,,366.6,10,-10,10,25,358.1653127712719,361.63934117647057,365.11336958166925,363.87902286207526,364.399889006116,0,0,0,0,363.19687579403603,376.3876470588237,389.57841832361134,364.3425667321967,360.67185538370467,0,0,0,0,347.88138412511887,355.6221647058825,363.3629452866461,363.87902286207526,364.399889006116,0,0,0,0,356.25712248342745,364.0367764705882,371.816430457749,362.37886355114256,366.5705508801512,0,0,0,0,-7.205532518146347,,,,,,,362.37886355114256,366.5705508801512,0,0,0,0,362.37886355114256,366.5705508801512,0,0,0,0,0
1634304600,368.1,368.59,366.83,367.8,116.89615965150391,93.51692772120313,175.34423947725585,,367.8,10,-10,10,55,359.1363269604762,362.9763764705885,366.8164259807008,365.0135142959108,364.399889006116,0,0,0,0,363.19687579403603,376.3876470588237,389.57841832361134,364.3425667321967,360.67185538370467,0,0,0,0,348.8396086394677,356.32423529411795,363.8088619487682,365.0135142959108,364.399889006116,0,0,0,0,356.25712248342745,364.0367764705882,371.816430457749,363.3532304403466,366.5705508801512,0,0,0,0,7.844306125816486,,,,,,,363.3532304403466,366.5705508801512,0,0,0,0,363.3532304403466,366.5705508801512,0,0,0,0,0
1634319000,367.87,369.05,367.87,368.96,116.89615965150391,93.51692772120313,175.34423947725585,,368.96,5,-10,5,30,360.1337186698497,364.3407529411767,368.54778721250364,366.29287712249453,364.399889006116,0,0,0,0,363.19687579403603,376.3876470588237,389.57841832361134,364.3425667321967,360.67185538370467,0,0,0,0,349.6676145045709,357.00774117647046,364.34786784837,366.29287712249453,364.399889006116,0,0,0,0,356.231705585995,364.0115294117648,371.7913532375346,364.5522854088933,366.5705508801512,0,0,0,0,7.905637513747868,,,,,,,364.5522854088933,366.5705508801512,0,0,0,0,364.5522854088933,366.5705508801512,0,0,0,0,0
1634563800,367.6,371.67,367,371.63,125.56531312880831,100.45225050304666,188.34796969321246,,371.63,10,-10,10,35,361.2729666284447,365.97075294117633,370.66853925390797,368.3434501719468,364.399889006116,0,0,0,0,363.19687579403603,376.3876470588237,389.57841832361134,364.3425667321967,360.67185538370467,0,0,0,0,350.624435001512,357.87792941176485,365.1314238220177,368.3434501719468,364.399889006116,0,0,0,0,356.231705585995,364.0115294117648,371.7913532375346,364.5522854088933,366.5705508801512,0,0,0,0,7.905637513747868,,,,,,,364.5522854088933,366.5705508801512,0,0,1,0,364.5522854088933,366.5705508801512,0,0,0,0,0
1634578200,371.66,372.86,371.52,372.65,125.56531312880831,100.45225050304666,188.34796969321246,,372.65,15,-10,15,40,362.51562990626076,367.7465882352942,372.97754656432767,370.35991366866847,364.399889006116,0,0,0,0,363.5319687443721,376.2787529411763,389.02553713798056,364.3425667321967,360.67185538370467,0,0,0,0,351.7086672264397,358.86894117647046,366.02921512650124,370.35991366866847,364.399889006116,0,0,0,0,356.42062453286985,364.21127058823544,372.001916643601,368.25385833726,366.5705508801512,0,0,0,0,15.594972124071125,,,,,,,368.25385833726,366.5705508801512,0,0,0,0,368.25385833726,366.5705508801512,0,0,0,0,1
1634650200,373.75,375.365,373.06,375.05,126.63878763283304,101.31103010626644,189.95818144924957,,375.05,10,-10,10,35,363.8071377951366,369.65117647058787,375.49521514603913,372.73273168369883,364.399889006116,0,0,0,0,363.5319687443721,376.2787529411763,389.02553713798056,364.3425667321967,360.67185538370467,0,0,0,0,352.9114574575161,360.04303529411715,367.17461313071817,372.73273168369883,364.399889006116,0,0,0,0,356.42062453286985,364.21127058823544,372.001916643601,369.8332255988843,366.5705508801512,0,0,0,0,15.675756398979063,,,,,,,369.8332255988843,366.5705508801512,0,0,0,0,369.8332255988843,366.5705508801512,0,0,0,0,0
1634664600,375.1,375.52,374.53,375.46,126.63878763283304,101.31103010626644,189.95818144924957,,375.46,15,40,40,80,365.03523859753017,371.38317647058847,377.73111434364677,373.1838349721689,367.62127904028426,0,0,0,0,363.5319687443721,376.2787529411763,389.02553713798056,368.0133132146371,360.67185538370467,0,0,0,0,354.07677502817035,361.2161411764706,368.3555073247709,373.1838349721689,367.62127904028426,0,0,0,0,356.8116676890442,364.64635294117613,372.48103819330805,371.462995198964,366.5705508801512,0,0,0,0,17.03130924828331,,,,,,,371.462995198964,366.5705508801512,0,0,0,0,371.462995198964,366.5705508801512,0,0,0,0,0
1634736600,375.94,376.56,373.47,374.08,131.27364063331666,105.01891250665334,196.910460949975,,374.08,15,0,25,65,366.2921521055199,373.05183529411767,379.8115184827154,373.3107039027282,367.62127904028426,0,0,0,0,363.5319687443721,376.2787529411763,389.02553713798056,368.0133132146371,360.67185538370467,0,0,0,0,355.2774953068614,362.3426352941174,369.40777528137335,373.3107039027282,367.62127904028426,0,0,0,0,356.8116676890442,364.64635294117613,372.48103819330805,371.462995198964,366.5705508801512,0,0,0,0,17.03130924828331,,,,,,,371.462995198964,366.5705508801512,0,0,0,0,371.462995198964,366.5705508801512,0,0,0,0,0
1634751000,374.1,375.07,373.84,374.97,131.27364063331666,105.01891250665334,196.910460949975,,374.97,20,15,65,70,367.1842400974201,373.8876470588233,380.59105402022647,373.3107039027282,368.52467339454967,0,0,0,0,363.9781691233852,376.2521411764705,388.5261132295558,368.5630765564487,360.67185538370467,0,0,0,0,356.62734127524556,363.5960235294117,370.56470578357784,373.3107039027282,368.52467339454967,0,0,0,0,357.09206674375537,364.95192941176475,372.81179207977414,371.462995198964,366.5705508801512,0,0,0,0,17.22184370973538,,,,,,,371.462995198964,366.5705508801512,0,0,0,0,371.462995198964,366.5705508801512,0,0,0,0,0
1634823000,374.1,376.56,373.86,376.17,134.90375289249624,107.923002313997,202.35562933874436,,376.17,15,0,25,55,368.08408043159113,374.6988235294118,381.3135666272325,373.7254016446936,368.52467339454967,0,0,0,0,363.9781691233852,376.2521411764705,388.5261132295558,368.5630765564487,360.67185538370467,0,0,0,0,357.9344035725901,364.89131764705854,371.848231721527,373.7254016446936,368.52467339454967,0,0,0,0,357.09206674375537,364.95192941176475,372.81179207977414,371.462995198964,366.5705508801512,0,0,0,0,17.22184370973538,,,,,,,371.462995198964,366.5705508801512,0,0,0,0,371.462995198964,366.5705508801512,0,0,0,0,0
1634837400,376.19,377.47,375.72,377.28,134.90375289249624,107.923002313997,202.35562933874436,,377.28,20,15,45,75,369.13207403642554,376.01350588235306,382.8949377282806,375.2178208058837,369.008625294939,0,0,0,0,363.9781691233852,376.2521411764705,388.5261132295558,369.0457139452738,360.67185538370467,0,0,0,0,359.42708228139423,366.3456705882353,373.26425889507635,375.2178208058837,369.008625294939,0,0,0,0,357.4791640890844,365.39096470588237,373.30276532268033,372.8832331809041,366.5705508801512,0,0,0,0,17.461758814370636,,,,,,,372.8832331809041,366.5705508801512,0,0,0,0,372.8832331809041,366.5705508801512,0,0,0,0,0
1634909400,375.84,376.97,372.39,374.03,126.97393256067454,101.57914604853964,190.4608988410118,,374.03,15,-10,15,15,369.7531697173098,376.6194588235294,383.485747929749,375.2178208058837,369.008625294939,0,0,0,0,363.9781691233852,376.2521411764705,388.5261132295558,369.0457139452738,360.67185538370467,0,0,0,0,360.4448707261921,367.3689647058827,374.2930586855733,375.2178208058837,369.008625294939,0,0,0,0,357.4791640890844,365.39096470588237,373.30276532268033,372.8832331809041,366.5705508801512,0,0,0,0,17.461758814370636,,,,,,,372.8832331809041,366.5705508801512,0,0,0,0,372.8832331809041,366.5705508801512,0,0,0,0,0
1634923800,374.01,375.03,373.29,374.03,126.97393256067454,101.57914604853964,190.4608988410118,,374.03,20,-5,20,20,370.2463673050482,376.9561647058826,383.665962106717,375.2178208058837,369.008625294939,0,0,0,0,364.35782200058304,376.0422117647058,387.7266015288286,369.0457139452738,360.67185538370467,0,0,0,0,361.46021027242324,368.3905411764709,375.32087208051854,375.2178208058837,369.008625294939,0,0,0,0,357.68638341523604,365.6106352941178,373.53488717299956,372.8832331809041,366.5705508801512,0,0,0,0,17.461758814370636,,,,,,,372.8832331809041,366.5705508801512,0,0,0,0,372.8832331809041,366.5705508801512,0,0,0,0,0
1635168600,375.49,378.01,373.575,377.795,124.20057785917933,99.36046228734347,186.30086678876899,,377.795,15,-10,15,15,371.0335961262616,377.80897647058873,384.58435681491585,375.2178208058837,369.008625294939,0,0,0,0,364.35782200058304,376.0422117647058,387.7266015288286,369.0457139452738,360.67185538370467,0,0,0,0,362.17059038650376,369.3166705882355,376.4627507899673,375.2178208058837,369.008625294939,0,0,0,0,357.68638341523604,365.6106352941178,373.53488717299956,372.8832331809041,366.5705508801512,0,0,0,0,17.461758814370636,,,,,,,372.8832331809041,366.5705508801512,0,0,0,0,372.8832331809041,366.5705508801512,0,0,0,0,0
1635183000,377.78,378.86,377.39,377.95,124.20057785917933,99.36046228734347,186.30086678876899,,377.95,20,-10,20,35,372.11029667512855,379.14820000000054,386.18610332487253,375.78651973935854,369.008625294939,0,0,0,0,364.35782200058304,376.0422117647058,387.7266015288286,369.0457139452738,360.67185538370467,0,0,0,0,362.9338969489317,370.2882117647066,377.6425265804815,375.78651973935854,369.008625294939,0,0,0,0,358.1674046378862,366.1638352941178,374.1602659503494,374.49497898999897,366.5705508801512,0,0,0,0,17.5441992445906,,,,,,,374.49497898999897,366.5705508801512,0,0,0,0,374.49497898999897,366.5705508801512,0,0,0,0,0
1635255000,380.23,382.7,377.92,378.89,128.79875754482404,103.03900603585925,193.19813631723605,,378.89,15,-10,15,40,373.23584030031054,380.58229411764734,387.92874793498413,377.87449916301836,369.008625294939,0,0,0,0,364.35782200058304,376.0422117647058,387.7266015288286,369.0457139452738,360.67185538370467,0,0,0,0,363.7394065897983,371.31921176470587,378.89901693961343,377.87449916301836,369.008625294939,0,0,0,0,358.1674046378862,366.1638352941178,374.1602659503494,374.89033763357054,366.5705508801512,0,0,0,0,17.56442174896027,,,,,,,374.89033763357054,366.5705508801512,0,0,0,0,374.89033763357054,366.5705508801512,0,0,0,0,0
1635269400,378.84,380.11,378.78,378.88,128.79875754482404,103.03900603585925,193.19813631723605,,378.88,20,15,45,60,374.0620807507059,381.48928235294085,388.9164839551758,377.87449916301836,373.0324543633312,0,0,0,0,364.9798729689772,376.21167058823494,387.4434682074927,373.0722789860665,360.67185538370467,0,0,0,0,364.52772152893453,372.3177882352942,380.10785494165384,377.87449916301836,373.0324543633312,0,0,0,0,358.70628125458444,366.7944000000001,374.8825187454158,375.87174208831544,366.5705508801512,0,0,0,0,18.246814531849694,,,,,,,375.87174208831544,366.5705508801512,0,0,0,0,375.87174208831544,366.5705508801512,0,0,0,0,0
1635341400,379.57,383.09,379.32,382.87,123.04526808092973,98.43621446474378,184.56790212139458,,382.87,15,20,25,55,375.1067165697414,382.7241999999997,390.341683430258,379.02125135310916,373.0324543633312,0,0,0,0,364.9798729689772,376.21167058823494,387.4434682074927,373.0722789860665,360.67185538370467,0,0,0,0,365.597999353186,373.7184588235297,381.8389182938734,379.02125135310916,373.0324543633312,0,0,0,0,358.70628125458444,366.7944000000001,374.8825187454158,376.3187605105786,366.5705508801512,0,0,0,0,18.269679422107,,,,,,,376.3187605105786,366.5705508801512,0,0,0,0,376.3187605105786,366.5705508801512,0,0,0,0,0
1635355800,382.88,383.14,379.89,379.95,123.04526808092973,98.43621446474378,184.56790212139458,,379.95,20,15,45,60,375.88334285738705,383.4973294117646,391.1113159661422,379.02125135310916,374.4976361945219,0,0,0,0,364.9798729689772,376.21167058823494,387.4434682074927,374.5142590584903,360.67185538370467,0,0,0,0,366.5517606799033,374.87649411764716,383.20122755539103,379.02125135310916,374.4976361945219,0,0,0,0,359.1738144751017,367.33943529411795,375.5050561131342,376.87099190268015,366.5705508801512,0,0,0,0,18.683360105067493,,,,,,,376.87099190268015,366.5705508801512,0,0,0,0,376.87099190268015,366.5705508801512,0,0,0,0,0
1635427800,381.98,384.01,381.19,383.28,119.21379047468248,95.371032379746,178.82068571202373,,383.28,15,20,25,55,376.80436000358947,384.34721176470555,391.89006352582163,380.32885359996226,374.4976361945219,0,0,0,0,364.9798729689772,376.21167058823494,387.4434682074927,374.5142590584903,360.67185538370467,0,0,0,0,367.85117221417266,376.43782352941173,385.0244748446508,380.32885359996226,374.4976361945219,0,0,0,0,359.1738144751017,367.33943529411795,375.5050561131342,378.096635338203,366.5705508801512,0,0,0,0,18.746051487015322,,,,,,,378.096635338203,366.5705508801512,0,0,0,0,378.096635338203,366.5705508801512,0,0,0,0,0
1635442200,383.25,384.47,383.11,384.18,119.21379047468248,95.371032379746,178.82068571202373,,384.18,45,35,45,75,377.6632060412801,384.90271764705864,392.1422292528372,381.20536405710783,376.3663764663417,0,0,0,0,365.8097849373246,376.7211294117646,387.6324738862046,376.404669125741,360.67185538370467,0,0,0,0,369.1294068145854,378.01188235294114,386.89435789129686,381.20536405710783,376.3663764663417,0,0,0,0,359.75470675606937,368.03776470588247,376.32082265569557,380.14044709975997,366.5705508801512,0,0,0,0,19.405399502718566,,,,,,,380.14044709975997,366.5705508801512,0,0,0,0,380.14044709975997,366.5705508801512,0,0,0,0,0
1635514200,380.925,385.38,380.71,385.14,123.62898350975621,98.90318680780497,185.44347526463432,,385.14,25,20,25,65,378.49259682021477,385.2629764705884,392.033356120962,381.29418543493654,376.3663764663417,0,0,0,0,365.8097849373246,376.7211294117646,387.6324738862046,376.404669125741,360.67185538370467,0,0,0,0,370.4295353675599,379.6299647058826,388.8303940442054,381.29418543493654,376.3663764663417,0,0,0,0,359.75470675606937,368.03776470588247,376.32082265569557,380.14044709975997,366.5705508801512,0,0,0,0,19.405399502718566,,,,,,,380.14044709975997,366.5705508801512,0,0,0,0,380.14044709975997,366.5705508801512,0,0,0,0,0
1635528600,385.16,386.28,384.18,386.14,123.62898350975621,98.90318680780497,185.44347526463432,,386.14,30,20,30,70,379.3508866330344,385.66930588235294,391.9877251316715,382.67008846175645,376.3663764663417,0,0,0,0,365.8097849373246,376.7211294117646,387.6324738862046,376.404669125741,360.67185538370467,0,0,0,0,371.7832485953956,381.3166823529415,390.85011611048736,382.67008846175645,376.3663764663417,0,0,0,0,360.42908833255444,368.9010588235297,377.37302931450495,381.1597732645889,366.5705508801512,0,0,0,0,19.457537803366705,,,,,,,381.1597732645889,366.5705508801512,0,0,0,0,381.1597732645889,366.5705508801512,0,0,0,0,0
1635773400,386.56,386.91,384.42,386.04,125.2026579782173,100.16212638257385,187.80398696732595,,386.04,25,10,15,40,380.22245789573134,385.990835294117,391.7592126925027,383.9608415818206,376.3663764663417,0,0,0,0,365.8097849373246,376.7211294117646,387.6324738862046,376.404669125741,360.67185538370467,0,0,0,0,372.97910678288537,382.8470470588238,392.71498733476227,383.9608415818206,376.3663764663417,0,0,0,0,360.42908833255444,368.9010588235297,377.37302931450495,381.4376466028326,366.5705508801512,0,0,0,0,19.47175096118737,,,,,,,381.4376466028326,366.5705508801512,0,0,0,0,381.4376466028326,366.5705508801512,0,0,0,0,0
1635787800,386.02,387.55,384.92,387.43,125.2026579782173,100.16212638257385,187.80398696732595,,387.43,45,40,85,75,381.0105642281145,386.6894941176467,392.3684240071789,384.52225626187595,379.6966460347539,0,0,0,0,366.7117222985608,377.51176470588246,388.3118071132041,379.700862664542,360.67185538370467,0,0,0,0,374.2165117232309,384.4484235294121,394.68033533559327,384.52225626187595,379.6966460347539,0,0,0,0,361.23254046181427,369.96552941176486,378.69851836171546,381.9628147026303,366.5705508801512,0,0,0,0,20.640992851899522,,,,,,,381.9628147026303,366.5705508801512,0,0,0,0,381.9628147026303,366.5705508801512,0,0,0,0,0
1635859800,386.8,389.54,386.77,388.44,124.34973685435516,99.47978948348413,186.52460528153273,,388.44,15,20,40,65,381.87903866585094,387.52095294117663,393.1628672165023,386.0165372870257,379.6966460347539,0,0,0,0,366.7117222985608,377.51176470588246,388.3118071132041,379.700862664542,360.67185538370467,0,0,0,0,375.1611342102057,385.71523529411763,396.26933637802955,386.0165372870257,379.6966460347539,0,0,0,0,361.23254046181427,369.96552941176486,378.69851836171546,383.82618508101376,366.5705508801512,0,0,0,0,20.736303821399943,,,,,,,383.82618508101376,366.5705508801512,0,0,0,0,383.82618508101376,366.5705508801512,0,0,0,0,0
1635874200,388.42,389.49,387.76,389.11,124.34973685435516,99.47978948348413,186.52460528153273,,389.11,20,35,70,75,382.7020482993646,388.3141764705883,393.92630464181195,386.8657387832007,382.1647427465571,0,0,0,0,366.7117222985608,377.51176470588246,388.3118071132041,382.19008675993183,360.67185538370467,0,0,0,0,376.07933505702175,386.92277647058836,397.76621788415497,386.8657387832007,382.1647427465571,0,0,0,0,362.27960542610566,371.32943529411784,380.37926516213,384.90288614665565,366.5705508801512,0,0,0,0,20.816775639407844,,,,,,,384.90288614665565,366.5705508801512,0,0,0,0,384.90288614665565,366.5705508801512,0,0,0,0,0
1635946200,389.55,389.92,388.49,389.52,129.16925270745156,103.33540216596126,193.75387906117734,,389.52,15,20,50,55,383.48184965307684,389.0208823529415,394.55991505280616,386.9288768079639,382.1647427465571,0,0,0,0,366.7117222985608,377.51176470588246,388.3118071132041,382.19008675993183,360.67185538370467,0,0,0,0,376.97617136003544,388.0773294117647,399.178487463494,386.9288768079639,382.1647427465571,0,0,0,0,362.27960542610566,371.32943529411784,380.37926516213,385.734822850466,366.5705508801512,0,0,0,0,20.859329011900503,,,,,,,385.734822850466,366.5705508801512,0,0,0,0,385.734822850466,366.5705508801512,0,0,0,0,0
1635960600,389.53,393.61,389.04,393.21,129.16925270745156,103.33540216596126,193.75387906117734,,393.21,45,35,70,75,384.47883431407143,390.2523411764706,396.0258480388698,390.6301029619689,383.8558325503745,0,0,0,0,367.76252349461674,378.80449411764704,389.84646474067733,383.87150913422244,360.67185538370467,0,0,0,0,377.9907522837411,389.44367058823497,400.89658889272886,390.6301029619689,383.8558325503745,0,0,0,0,363.5186819044365,373.0223999999999,382.5261180955633,386.1551926468613,366.5705508801512,0,0,0,0,21.163717587594903,,,,,,,386.1551926468613,366.5705508801512,0,0,0,0,386.1551926468613,366.5705508801512,0,0,0,0,0
1636032600,394.45,398.135,393.93,397.76,128.48525449834332,102.78820359867467,192.72788174751497,,397.76,25,20,25,65,385.7078366758828,392.0366705882355,398.3655045005882,393.9785836763915,383.8558325503745,0,0,0,0,367.76252349461674,378.80449411764704,389.84646474067733,383.87150913422244,360.67185538370467,0,0,0,0,379.13902038073377,391.07325882352956,403.00749726632534,393.9785836763915,383.8558325503745,0,0,0,0,363.5186819044365,373.0223999999999,382.5261180955633,390.89946460065687,366.5705508801512,0,0,0,0,21.40638601505063,,,,,,,390.89946460065687,366.5705508801512,0,0,0,0,390.89946460065687,366.5705508801512,0,0,0,0,0
1636047000,397.78,399.18,397.22,398.25,128.48525449834332,102.78820359867467,192.72788174751497,,398.25,30,40,85,85,387.0423574186344,393.9690235294117,400.89568964018895,395.70511341379216,389.19613022534776,0,0,0,0,367.76252349461674,378.80449411764704,389.84646474067733,389.21497276749227,360.67185538370467,0,0,0,0,380.256901965676,392.5947294117645,404.932556857853,395.70511341379216,389.19613022534776,0,0,0,0,364.93211883762655,375.0796470588232,385.2271752800198,394.2659314148957,366.5705508801512,0,0,0,0,23.037391382048845,,,,,,,394.2659314148957,366.5705508801512,0,0,0,0,394.2659314148957,366.5705508801512,0,0,0,0,0
1636119000,400.04,400.99,397.18,397.18,125.39633801045271,100.31707040836217,188.09450701567906,,397.18,25,20,50,65,388.362511750664,395.78467058823503,403.20682942580606,397.2145110557697,389.19613022534776,0,0,0,0,367.76252349461674,378.80449411764704,389.84646474067733,389.21497276749227,360.67185538370467,0,0,0,0,381.3090907981964,393.9545529411763,406.6000150841562,397.2145110557697,389.19613022534776,0,0,0,0,364.93211883762655,375.0796470588232,385.2271752800198,394.2659314148957,366.5705508801512,0,0,0,0,23.037391382048845,,,,,,,394.2659314148957,366.5705508801512,0,0,0,0,394.2659314148957,366.5705508801512,0,0,0,0,0
1636133400,397.2,399.23,397.19,398.57,125.39633801045271,100.31707040836217,188.09450701567906,,398.57,45,75,70,60,389.5885329242137,397.3210941176468,405.05365531107986,397.2145110557697,392.49997806639436,0,0,0,0,368.95243330783006,380.2635529411768,391.5746725745235,392.52961756981426,360.67185538370467,0,0,0,0,382.41494246970325,395.4108470588233,408.4067516479434,397.2145110557697,392.49997806639436,0,0,0,0,366.2667516614797,377.0160941176474,387.7654365738151,394.2659314148957,372.86958327673887,0,0,0,0,23.84548329075137,,,,,,,394.2659314148957,372.86958327673887,0,0,0,0,394.2659314148957,372.86958327673887,0,0,0,0,0
1636381800,398.57,399.61,397.42,398.81,129.2662732568076,103.4130186054461,193.8994098852114,,398.81,25,45,50,40,390.7421740882018,398.6854941176471,406.62881414709244,397.2145110557697,392.49997806639436,0,0,0,0,368.95243330783006,380.2635529411768,391.5746725745235,392.52961756981426,360.67185538370467,0,0,0,0,383.39454906054914,396.429376470588,409.4642038806269,397.2145110557697,392.49997806639436,0,0,0,0,366.2667516614797,377.0160941176474,387.7654365738151,394.52775558255314,372.86958327673887,0,0,0,0,23.85864929667879,,,,,,,394.52775558255314,372.86958327673887,0,0,0,0,394.52775558255314,372.86958327673887,0,0,0,0,0
1636396200,398.8,399.36,397.51,398.06,129.2662732568076,103.4130186054461,193.8994098852114,,398.06,30,60,70,60,391.77401907028684,399.84055294117616,407.9070868120655,397.2145110557697,392.91426534736615,0,0,0,0,368.95243330783006,380.2635529411768,391.5746725745235,392.9453591719704,360.67185538370467,0,0,0,0,384.3052162015641,397.3447764705879,410.3843367396116,397.2145110557697,392.91426534736615,0,0,0,0,367.7218131397973,378.9938117647064,390.26581038961547,394.69220161237075,372.86958327673887,0,0,0,0,23.325576600150843,,,,,,,394.69220161237075,372.86958327673887,0,0,0,0,394.69220161237075,372.86958327673887,0,0,0,0,0
1636468200,399.29,399.56,394.47,394.7,138.09519096539745,110.47615277231796,207.14278644809616,,394.7,25,35,25,40,392.40352803100325,400.41516470588243,408.4268013807616,397.2145110557697,392.91426534736615,0,0,0,0,368.95243330783006,380.2635529411768,391.5746725745235,392.9453591719704,360.67185538370467,0,0,0,0,385.0625793854902,398.13652941176446,411.2104794380387,397.2145110557697,392.91426534736615,0,0,0,0,367.7218131397973,378.9938117647064,390.26581038961547,394.69220161237075,372.86958327673887,0,0,0,0,23.325576600150843,,,,,,,394.69220161237075,372.86958327673887,0,0,0,0,394.69220161237075,372.86958327673887,0,0,0,0,0
1636482600,394.71,395.69,393.94,395.26,138.09519096539745,110.47615277231796,207.14278644809616,,395.26,45,40,60,45,392.8466532644229,400.5229294117648,408.19920555910664,397.2145110557697,392.91426534736615,0,0,0,0,370.02303006350303,381.39722352941214,392.77141699532126,392.9453591719704,360.67185538370467,0,0,0,0,385.78821163684336,398.83127058823504,411.87432953962673,397.2145110557697,392.91426534736615,0,0,0,0,369.25027373302424,380.87576470588215,392.50125567874005,394.69220161237075,372.86958327673887,0,0,0,0,22.8079542673641,,,,,,,394.69220161237075,372.86958327673887,0,0,0,0,394.69220161237075,372.86958327673887,0,0,0,0,0
1636554600,392.47,395.36,390.71,391.34,136.8267771240025,109.46142169920199,205.24016568600373,,391.34,0,10,25,-15,392.879331153008,400.0402470588236,400.0402470588236,396.2103446792208,392.91426534736615,0,0,0,0,370.02303006350303,381.39722352941214,392.77141699532126,392.9453591719704,360.67185538370467,0,0,0,0,386.2564271522124,399.1261294117643,411.9958316713162,396.2103446792208,392.91426534736615,0,0,0,0,369.25027373302424,380.87576470588215,392.50125567874005,394.69220161237075,372.86958327673887,0,0,0,0,22.8079542673641,,,,,,,394.69220161237075,372.86958327673887,0,0,0,0,394.69220161237075,372.86958327673887,0,0,0,0,0
1636569000,391.32,391.83,387.55,389.49,136.8267771240025,109.46142169920199,205.24016568600373,,389.49,15,10,40,-30,392.4380500131101,399.1772705882353,399.1772705882353,392.5305522999404,392.91426534736615,0,0,0,0,370.02303006350303,381.39722352941214,392.77141699532126,392.9453591719704,360.67185538370467,0,0,0,0,386.59462800307887,399.29468235294087,411.99473670280287,392.5305522999404,392.91426534736615,0,0,0,0,370.46783148270083,382.2587529411768,394.04967439965276,394.69220161237075,372.86958327673887,0,0,0,0,7.458310467357481,,,,,,,394.69220161237075,372.86958327673887,0,0,1,0,394.69220161237075,372.86958327673887,0,0,0,0,0
1636641000,392.55,392.75,390.61,391.15,132.64256070993105,106.11404856794485,198.96384106489657,,391.15,10,10,35,0,392.24271503230557,398.5921411764705,398.5921411764705,392.5305522999404,392.91426534736615,0,0,0,0,370.02303006350303,381.39722352941214,392.77141699532126,392.9453591719704,360.67185538370467,0,0,0,0,387.0685397572029,399.7451647058822,412.42178965456145,392.5305522999404,392.91426534736615,0,0,0,0,370.46783148270083,382.2587529411768,394.04967439965276,394.69220161237075,372.86958327673887,0,0,0,0,7.458310467357481,,,,,,,394.69220161237075,372.86958327673887,0,0,0,0,394.69220161237075,372.86958327673887,0,0,0,0,0
1636655400,391.14,391.96,390.24,390.63,132.64256070993105,106.11404856794485,198.96384106489657,,390.63,15,10,40,5,391.90766474379006,397.9495999999999,397.9495999999999,392.5305522999404,392.91426534736615,0,0,0,0,370.8761628482417,382.2372470588236,393.5983312694055,392.9453591719704,360.67185538370467,0,0,0,0,387.43595378270743,400.0015294117646,412.56710504082173,392.5305522999404,392.91426534736615,0,0,0,0,371.7555892048415,383.72830588235314,395.7010225598648,394.69220161237075,372.86958327673887,0,0,0,0,6.347162573466829,,,,,,,394.69220161237075,372.86958327673887,0,0,0,0,394.69220161237075,372.86958327673887,0,0,0,0,0
1636727400,391.77,394.88,390.16,394.33,132.40502477419045,105.92401981935237,198.60753716128568,,394.33,10,10,10,0,392.0276498703145,397.6686588235293,403.3096677767441,392.5305522999404,392.91426534736615,0,0,0,0,370.8761628482417,382.2372470588236,393.5983312694055,392.9453591719704,360.67185538370467,0,0,0,0,387.95602135244286,400.3964117647058,412.8368021769688,392.5305522999404,392.91426534736615,0,0,0,0,371.7555892048415,383.72830588235314,395.7010225598648,394.69220161237075,372.86958327673887,0,0,0,0,6.347162573466829,,,,,,,394.69220161237075,372.86958327673887,0,0,0,0,394.69220161237075,372.86958327673887,0,0,0,0,0
1636741800,394.405,395.23,393.9,394.72,132.40502477419045,105.92401981935237,198.60753716128568,,394.72,15,55,15,5,392.15434132815085,397.5555999999998,402.95685867184875,392.5305522999404,392.91426534736615,0,0,0,0,370.8761628482417,382.2372470588236,393.5983312694055,392.9453591719704,360.67185538370467,0,0,0,0,388.45857393405083,400.75277647058783,413.04697900712483,392.5305522999404,392.91426534736615,0,0,0,0,373.2182906643129,385.4862352941179,397.75417992392283,394.69220161237075,375.9410416141146,0,0,0,0,5.495743892679287,,,,,,,394.69220161237075,375.9410416141146,0,0,0,0,394.69220161237075,375.9410416141146,0,0,0,0,0
1636986600,395.9,396.24,392.1,393.61,133.8204730386906,107.05637843095249,200.73070955803593,,393.61,10,35,10,10,392.1009525970867,397.05371764705836,402.00648269703004,392.5305522999404,392.91426534736615,0,0,0,0,370.8761628482417,382.2372470588236,393.5983312694055,392.9453591719704,360.67185538370467,0,0,0,0,388.8530522076211,400.9066235294117,412.96019485120235,392.5305522999404,392.91426534736615,0,0,0,0,373.2182906643129,385.4862352941179,397.75417992392283,394.69220161237075,375.9410416141146,0,0,0,0,5.495743892679287,,,,,,,394.69220161237075,375.9410416141146,0,0,0,0,394.69220161237075,375.9410416141146,0,0,0,0,0
1637001000,393.64,394.81,393.02,394.63,133.8204730386906,107.05637843095249,200.73070955803593,,394.63,15,35,15,15,392.1220939077518,396.7942588235293,401.4664237393068,392.5305522999404,392.91426534736615,0,0,0,0,371.85426202357655,383.38098823529384,394.90771444701113,392.9453591719704,360.67185538370467,0,0,0,0,389.26893410114434,400.9901647058821,412.7113953106198,392.5305522999404,392.91426534736615,0,0,0,0,374.713684316684,387.2503294117645,399.78697450684496,394.69220161237075,375.9410416141146,0,0,0,0,5.409292400287298,,,,,,,394.69220161237075,375.9410416141146,0,0,0,0,394.69220161237075,375.9410416141146,0,0,0,0,0
1637073000,393.96,397.58,393.67,397.19,129.89969245236944,103.91975396189555,194.84953867855415,,397.19,10,35,10,45,392.41599512878776,396.85042352941144,401.28485193003513,394.7807192567539,392.91426534736615,0,0,0,0,371.85426202357655,383.38098823529384,394.90771444701113,392.9453591719704,360.67185538370467,0,0,0,0,389.80096692524273,401.14601176470563,412.49105660416853,394.7807192567539,392.91426534736615,0,0,0,0,374.713684316684,387.2503294117645,399.78697450684496,394.69220161237075,375.9410416141146,0,0,0,0,20.4092924002873,,,,,,,394.69220161237075,375.9410416141146,0,0,0,0,394.69220161237075,375.9410416141146,0,0,0,0,0
1637087400,397.21,397.91,396.98,397.495,129.89969245236944,103.91975396189555,194.84953867855415,,397.495,15,35,15,40,392.6912189935389,396.84932941176487,401.00743982999086,395.41771201220115,392.91426534736615,0,0,0,0,371.85426202357655,383.38098823529384,394.90771444701113,392.9453591719704,360.67185538370467,0,0,0,0,390.32858854565126,401.2222235294115,412.11585851317176,395.41771201220115,392.91426534736615,0,0,0,0,376.3454522245458,389.223529411765,402.10160659898423,394.69220161237075,375.9410416141146,0,0,0,0,20.4092924002873,,,,,,,394.69220161237075,375.9410416141146,0,0,0,0,394.69220161237075,375.9410416141146,0,0,0,0,0
1637159400,397.75,399.71,396.7,397.95,122.64686802469127,98.11749441975303,183.9703020370369,,397.95,10,10,10,20,393.0138247009043,396.9470705882356,400.8803164755669,395.41771201220115,392.91426534736615,0,0,0,0,371.85426202357655,383.38098823529384,394.90771444701113,392.9453591719704,360.67185538370467,0,0,0,0,390.84227468456334,401.33316470588215,411.824054727201,395.41771201220115,392.91426534736615,0,0,0,0,376.3454522245458,389.223529411765,402.10160659898423,394.69220161237075,375.9410416141146,0,0,0,0,20.4092924002873,,,,,,,394.69220161237075,375.9410416141146,0,0,0,0,394.69220161237075,375.9410416141146,0,0,0,0,0
1637173800,398,398.56,397.44,397.66,122.64686802469127,98.11749441975303,183.9703020370369,,397.66,15,15,15,40,393.2232754400788,396.88780000000014,400.5523245599215,395.63592442681374,392.91426534736615,0,0,0,0,372.9307818305983,384.80679999999967,396.68281816940106,392.9453591719704,360.67185538370467,0,0,0,0,391.3190088120248,401.35267058823536,411.38633236444593,395.63592442681374,392.91426534736615,0,0,0,0,377.902581994372,391.1238117647062,404.3450415350404,394.69220161237075,375.9410416141146,0,0,0,0,20.4092924002873,,,,,,,394.69220161237075,375.9410416141146,0,0,0,0,394.69220161237075,375.9410416141146,0,0,0,0,0
1637245800,399.73,401.935,397.47,400.78,123.13450149148082,98.50760119318466,184.70175223722123,,400.78,10,10,10,35,393.65637295579177,397.1588117647059,400.66125057362,397.5292409598547,392.91426534736615,0,0,0,0,372.9307818305983,384.80679999999967,396.68281816940106,392.9453591719704,360.67185538370467,0,0,0,0,391.89960246036884,401.7710705882353,411.6425387161018,397.5292409598547,392.91426534736615,0,0,0,0,377.902581994372,391.1238117647062,404.3450415350404,394.69220161237075,375.9410416141146,0,0,0,0,20.4092924002873,,,,,,,394.69220161237075,375.9410416141146,0,0,0,0,394.69220161237075,375.9410416141146,0,0,0,0,0
1637260200,400.64,402.27,399.94,401.73,123.13450149148082,98.50760119318466,184.70175223722123,,401.73,15,10,15,40,394.17893705550176,397.6869058823531,401.1948747092044,399.5916924602829,392.91426534736615,0,0,0,0,372.9307818305983,384.80679999999967,396.68281816940106,392.9453591719704,360.67185538370467,0,0,0,0,392.4954159808551,402.19975294117637,411.9040899014976,399.5916924602829,392.91426534736615,0,0,0,0,379.557191075412,393.2519529411765,406.94671480694103,397.07176327084807,375.9410416141146,0,0,0,0,20.527972661705117,,,,,,,397.07176327084807,375.9410416141146,0,0,0,0,397.07176327084807,375.9410416141146,0,0,0,0,0
1637332200,403.43,405.3,402.59,403.68,116.26489928586659,93.01191942869328,174.3973489287999,,403.68,10,10,10,35,394.8427207375312,398.50398823529434,402.1652557330575,401.7468674785092,392.91426534736615,0,0,0,0,372.9307818305983,384.80679999999967,396.68281816940106,392.9453591719704,360.67185538370467,0,0,0,0,393.1496744835778,402.74518823529456,412.3407019870113,401.7468674785092,392.91426534736615,0,0,0,0,379.557191075412,393.2519529411765,406.94671480694103,399.6716373229303,375.9410416141146,0,0,0,0,20.65764096891425,,,,,,,399.6716373229303,375.9410416141146,0,0,0,0,399.6716373229303,375.9410416141146,0,0,0,0,0
1637346600,403.64,404.41,403.05,403.93,116.26489928586659,93.01191942869328,174.3973489287999,,403.93,70,75,40,80,395.45601945178066,399.17438823529415,402.89275701880763,401.85306430544927,398.0935717309212,0,0,0,0,374.1848106617374,386.6519058823528,399.11900110296824,398.11901612708334,370.099153284312,0,0,0,0,393.78402017325874,403.2720117647059,412.76000335615305,401.85306430544927,398.0935717309212,0,0,0,0,381.162271086073,395.3864,409.61052891392694,400.24294894272106,380.39061007024935,0,0,0,0,18.731062227971176,,,,,,,400.24294894272106,380.39061007024935,0,0,0,0,400.24294894272106,380.39061007024935,0,0,0,0,0
1637591400,405.57,408.71,401.13,403.17,119.61316988835084,95.69053591068068,179.41975483252625,,403.17,35,45,20,60,396.08907289752676,400.00147058823484,403.9138682789429,402.7785597122029,398.0935717309212,0,0,0,0,374.1848106617374,386.6519058823528,399.11900110296824,398.11901612708334,370.099153284312,0,0,0,0,394.3549266761176,403.7643411764706,413.17375567682365,402.7785597122029,398.0935717309212,0,0,0,0,381.162271086073,395.3864,409.61052891392694,400.24294894272106,380.39061007024935,0,0,0,0,18.731062227971176,,,,,,,400.24294894272106,380.39061007024935,0,0,0,0,400.24294894272106,380.39061007024935,0,0,0,0,0
1637605800,403.18,404.62,399.2,399.34,119.61316988835084,95.69053591068068,179.41975483252625,,399.34,40,50,65,50,396.62582900697333,400.64577647058815,400.64577647058815,402.7785597122029,398.0935717309212,0,0,0,0,374.1848106617374,386.6519058823528,399.11900110296824,398.11901612708334,370.099153284312,0,0,0,0,394.69771397061,403.92587058823517,413.15402720586036,402.7785597122029,398.0935717309212,0,0,0,0,382.5223183655514,397.0818117647057,411.64130516386,400.24294894272106,380.39061007024935,0,0,0,0,18.731062227971176,,,,,,,400.24294894272106,380.39061007024935,0,0,0,0,400.24294894272106,380.39061007024935,0,0,0,0,0
1637677800,398.12,400.21,393.45,393.73,114.71743269879894,91.77394615903916,172.07614904819843,,393.73,15,45,25,0,396.30697483912235,400.35478823529417,400.35478823529417,399.20319628498737,398.0935717309212,0,0,0,0,374.1848106617374,386.6519058823528,399.11900110296824,398.11901612708334,370.099153284312,0,0,0,0,394.670775188101,403.68500000000006,403.68500000000006,399.20319628498737,398.0935717309212,0,0,0,0,382.5223183655514,397.0818117647057,411.64130516386,400.24294894272106,380.39061007024935,0,0,0,0,18.731062227971176,,,,,,,400.24294894272106,380.39061007024935,0,0,0,0,400.24294894272106,380.39061007024935,0,0,0,0,0
1637692200,393.72,397.79,392.96,397.48,114.71743269879894,91.77394615903916,172.07614904819843,,397.48,20,45,30,10,396.39926677349234,400.4286,400.4286,399.20319628498737,398.0935717309212,0,0,0,0,375.2548548637571,388.04331764705887,400.83178043036065,398.11901612708334,370.099153284312,0,0,0,0,394.86866877145377,403.7077529411766,412.5468371108994,399.20319628498737,398.0935717309212,0,0,0,0,383.71911600987397,398.53905882352944,413.3590016371849,400.24294894272106,380.39061007024935,0,0,0,0,18.731062227971176,,,,,,,400.24294894272106,380.39061007024935,0,0,0,0,400.24294894272106,380.39061007024935,0,0,0,0,0
1637764200,394.94,398.26,392.58,397.92,117.34536865109385,93.87629492087508,176.01805297664077,,397.92,-10,10,15,-20,396.6452220109168,400.6665764705883,400.6665764705883,399.20319628498737,398.0935717309212,0,0,0,0,375.2548548637571,388.04331764705887,400.83178043036065,398.11901612708334,370.099153284312,0,0,0,0,395.0635552635578,403.65765882352946,412.2517623835011,399.20319628498737,398.0935717309212,0,0,0,0,383.71911600987397,398.53905882352944,413.3590016371849,400.24294894272106,380.39061007024935,0,0,0,0,18.731062227971176,,,,,,,400.24294894272106,380.39061007024935,0,0,0,0,400.24294894272106,380.39061007024935,0,0,0,0,0
1637778600,398.1,399.03,396.18,398.92,117.34536865109385,93.87629492087508,176.01805297664077,,398.92,-5,10,20,-15,397.07478407007716,401.0963647058823,405.11794534168746,399.20319628498737,398.0935717309212,0,0,0,0,375.2548548637571,388.04331764705887,400.83178043036065,398.11901612708334,370.099153284312,0,0,0,0,395.2971852151258,403.6647176470589,412.03225007899204,399.20319628498737,398.0935717309212,0,0,0,0,385.0522726700916,400.1550117647063,415.25775085932094,400.24294894272106,380.39061007024935,0,0,0,0,18.731062227971176,,,,,,,400.24294894272106,380.39061007024935,0,0,0,0,400.24294894272106,380.39061007024935,0,0,0,0,0
1637937000,396.07,397.53,389.83,391.32,120.24786446258452,96.19829157006762,180.37179669387677,,391.32,-5,-5,-5,-50,396.1978669627781,400.3539176470587,400.3539176470587,396.478508473346,398.0935717309212,0,0,0,0,376.0396621484377,388.94811764705855,401.8565731456794,398.11901612708334,370.099153284312,0,0,0,0,394.98575470789575,403.07330588235277,403.07330588235277,396.478508473346,398.0935717309212,0,0,0,0,385.9369303245355,401.1456235294115,416.3543167342875,400.24294894272106,380.39061007024935,0,0,0,0,3.731062227971177,,,,,,,400.24294894272106,380.39061007024935,0,0,1,0,400.24294894272106,380.39061007024935,0,0,0,0,0
1637951400,391.34,391.47,390.41,390.45,120.24786446258452,96.19829157006762,180.37179669387677,,390.45,-10,-10,-10,-20,396.1978669627781,400.3539176470587,400.3539176470587,396.478508473346,398.0935717309212,0,0,0,0,376.0396621484377,388.94811764705855,401.8565731456794,398.11901612708334,370.099153284312,0,0,0,0,394.59254412167496,402.42309411764745,402.42309411764745,396.478508473346,398.0935717309212,0,0,0,0,385.9369303245355,401.1456235294115,416.3543167342875,395.3608746365836,380.39061007024935,0,0,0,0,3.490417767207091,,,,,,,395.3608746365836,380.39061007024935,0,0,0,0,395.3608746365836,380.39061007024935,0,0,0,0,0
1638196200,395.89,400.28,395.16,399.86,116.82530360668946,93.46024288535158,175.2379554100342,,399.86,-10,10,-10,-20,396.3398093804924,400.50598823529396,404.6721670900955,396.478508473346,398.0935717309212,0,0,0,0,376.0396621484377,388.94811764705855,401.8565731456794,398.11901612708334,370.099153284312,0,0,0,0,394.8543422070022,402.3425529411768,409.83076367535136,396.478508473346,398.0935717309212,0,0,0,0,385.9369303245355,401.1456235294115,416.3543167342875,395.3608746365836,380.39061007024935,0,0,0,0,3.490417767207091,,,,,,,395.3608746365836,380.39061007024935,0,0,0,0,395.3608746365836,380.39061007024935,0,0,0,0,0
1638210600,399.85,400.7,399.26,399.62,116.82530360668946,93.46024288535158,175.2379554100342,,399.62,-5,10,-5,-15,396.632116680327,400.82281176470616,405.01350684908533,396.478508473346,398.0935717309212,0,0,0,0,376.0396621484377,388.94811764705855,401.8565731456794,398.11901612708334,370.099153284312,0,0,0,0,395.09538289034367,402.1826000000001,409.2698171096565,396.478508473346,398.0935717309212,0,0,0,0,387.1127052758574,402.58592941176477,418.0591535476721,395.3608746365836,380.39061007024935,0,0,0,0,4.523359379834344,,,,,,,395.3608746365836,380.39061007024935,0,0,0,0,395.3608746365836,380.39061007024935,0,0,0,0,0
1638282600,398.74,401.18,391.75,393.28,117.89598778643186,94.3167902291455,176.84398167964778,,393.28,-10,-10,-10,-20,395.79816571722455,399.93732941176495,399.93732941176495,396.478508473346,398.0935717309212,0,0,0,0,376.0396621484377,388.94811764705855,401.8565731456794,398.11901612708334,370.099153284312,0,0,0,0,394.8650118086709,401.62075294117676,401.62075294117676,396.478508473346,398.0935717309212,0,0,0,0,387.1127052758574,402.58592941176477,418.0591535476721,395.3608746365836,380.39061007024935,0,0,0,0,4.523359379834344,,,,,,,395.3608746365836,380.39061007024935,0,0,0,0,395.3608746365836,380.39061007024935,0,0,0,0,0
1638297000,393.29,395.55,392.74,393.71,117.89598778643186,94.3167902291455,176.84398167964778,,393.71,-5,-10,-5,-5,394.82050840494645,398.74276470588256,398.74276470588256,396.478508473346,398.0935717309212,0,0,0,0,376.91456500268595,389.98757647058835,403.06058793849076,398.11901612708334,370.099153284312,0,0,0,0,394.6622647636035,401.06205882352924,401.06205882352924,396.478508473346,398.0935717309212,0,0,0,0,387.7000359885202,403.18440000000004,418.6687640114799,395.3608746365836,380.39061007024935,0,0,0,0,4.523359379834344,,,,,,,395.3608746365836,380.39061007024935,0,0,0,0,395.3608746365836,380.39061007024935,0,0,0,0,0
1638369000,398.32,400.48,394.74,396.13,116.0928461126051,92.87427689008409,174.13926916890765,,396.13,-10,10,-10,-10,394.6247143802754,398.3874470588237,398.3874470588237,396.478508473346,398.0935717309212,0,0,0,0,376.91456500268595,389.98757647058835,403.06058793849076,398.11901612708334,370.099153284312,0,0,0,0,394.6282986253837,400.69178823529427,406.75527784520483,396.478508473346,398.0935717309212,0,0,0,0,387.7000359885202,403.18440000000004,418.6687640114799,395.3608746365836,380.39061007024935,0,0,0,0,4.523359379834344,,,,,,,395.3608746365836,380.39061007024935,0,0,0,0,395.3608746365836,380.39061007024935,0,0,0,0,0
1638383400,396.13,396.195,386.64,386.98,116.0928461126051,92.87427689008409,174.13926916890765,,386.98,-10,-5,-10,-25,392.45771054825633,396.4228352941178,396.4228352941178,395.2198406270267,398.0935717309212,0,0,0,1,376.91456500268595,389.98757647058835,403.06058793849076,398.11901612708334,370.099153284312,0,0,0,0,393.8054852074832,399.5700823529412,399.5700823529412,395.2198406270267,398.0935717309212,0,0,0,0,387.82000119172807,403.21447058823543,403.21447058823543,395.3608746365836,380.39061007024935,0,0,0,0,4.523359379834344,,,,,,,395.3608746365836,380.39061007024935,0,0,0,0,395.3608746365836,380.39061007024935,0,0,0,0,0
1638455400,385.83,391.61,384.35,388.77,116.65680060279345,93.32544048223477,174.98520090419018,,388.77,0,-10,0,-15,390.6165030435177,394.88092941176455,394.88092941176455,394.8494948679534,398.0935717309212,0,0,0,0,376.91456500268595,389.98757647058835,403.06058793849076,398.11901612708334,370.099153284312,0,0,0,0,393.1328664500146,398.72790588235296,398.72790588235296,394.8494948679534,398.0935717309212,0,0,0,0,387.82000119172807,403.21447058823543,403.21447058823543,395.3608746365836,380.39061007024935,0,0,0,0,4.523359379834344,,,,,,,395.3608746365836,380.39061007024935,0,0,0,0,395.3608746365836,380.39061007024935,0,0,0,0,0
1638469800,388.81,391.73,388.24,389.93,116.65680060279345,93.32544048223477,174.98520090419018,,389.93,-5,-10,-5,-5,389.0962269784541,393.57118823529436,393.57118823529436,394.8494948679534,398.0935717309212,0,0,0,0,377.5706804906657,390.70263529411744,403.83459009756916,398.11901612708334,370.099153284312,0,0,0,0,392.58853068502475,397.84511764705866,397.84511764705866,394.8494948679534,398.0935717309212,0,0,0,0,388.1704893928738,403.5486352941179,403.5486352941179,395.3608746365836,380.39061007024935,0,0,0,0,4.523359379834344,,,,,,,395.3608746365836,380.39061007024935,0,0,0,0,395.3608746365836,380.39061007024935,0,0,0,0,0
1638541800,391.5,392.26,379.47,381.47,115.1834061018853,92.14672488150825,172.77510915282795,,381.47,-10,-10,-10,-35,385.7552871739178,391.0570000000001,391.0570000000001,387.7472585139507,398.0935717309212,0,0,0,0,377.5706804906657,390.70263529411744,403.83459009756916,398.11901612708334,370.099153284312,0,0,0,0,391.0776039447348,396.4151529411766,396.4151529411766,387.7472585139507,398.0935717309212,0,0,0,0,388.1704893928738,403.5486352941179,403.5486352941179,395.3608746365836,380.39061007024935,0,0,0,0,4.523359379834344,,,,,,,395.3608746365836,380.39061007024935,0,0,0,0,395.3608746365836,380.39061007024935,0,0,0,0,0
1638556200,381.29,383.86,378.92,383.2,115.1834061018853,92.14672488150825,172.77510915282795,,383.2,-15,-10,-15,-40,382.63851991942244,388.66857647058816,388.66857647058816,385.7124543343828,398.0935717309212,0,0,0,0,377.5706804906657,390.70263529411744,403.83459009756916,398.11901612708334,370.099153284312,0,0,0,0,389.78379376885385,395.15977647058816,395.15977647058816,385.7124543343828,398.0935717309212,0,0,0,0,388.10120461479175,403.44489411764715,403.44489411764715,389.3338122530139,380.39061007024935,0,0,0,0,4.226276810758671,,,,,,,389.3338122530139,380.39061007024935,0,0,0,0,389.3338122530139,380.39061007024935,0,0,0,0,0
1638801000,383.63,387.09,379.3,386.88,100.55419342432914,80.44335473946332,150.83129013649372,,386.88,-15,-10,-15,-25,380.6579224838252,387.0732823529409,387.0732823529409,385.7124543343828,398.0935717309212,0,0,0,0,377.5706804906657,390.70263529411744,403.83459009756916,398.11901612708334,370.099153284312,0,0,0,0,388.9081552877926,394.2308470588232,394.2308470588232,385.7124543343828,398.0935717309212,0,0,0,0,388.10120461479175,403.44489411764715,403.44489411764715,389.3338122530139,380.39061007024935,0,0,0,0,4.226276810758671,,,,,,,389.3338122530139,380.39061007024935,0,0,0,0,389.3338122530139,380.39061007024935,0,0,0,0,0
1638815400,387,387.59,385.83,386.32,100.55419342432914,80.44335473946332,150.83129013649372,,386.32,-10,-30,-35,-60,379.1973622099331,385.8401647058823,385.8401647058823,385.7124543343828,394.7670937936069,0,0,0,0,377.93276690680517,390.9889411764706,404.045115446136,394.7487916233642,370.099153284312,0,0,0,0,387.9770567934984,393.2943411764701,393.2943411764701,385.7124543343828,394.7670937936069,0,0,0,0,388.2448837471099,403.5696470588233,403.5696470588233,389.3338122530139,380.39061007024935,0,0,0,0,3.0879924909313665,,,,,,,389.3338122530139,380.39061007024935,0,0,0,0,389.3338122530139,380.39061007024935,0,0,0,0,0
1638887400,393.12,398.26,393.08,397.8,102.78037842345003,82.22430273876003,154.17056763517505,,397.8,0,0,-10,-10,379.82001285125403,386.4466352941177,393.07325773698136,392.43248223545686,394.7670937936069,0,0,0,0,377.93276690680517,390.9889411764706,404.045115446136,394.7487916233642,370.099153284312,0,0,0,0,388.03567300122023,393.2448000000001,398.45392699878,392.43248223545686,394.7670937936069,0,0,0,0,388.2448837471099,403.5696470588233,403.5696470588233,389.3338122530139,380.39061007024935,0,0,0,0,3.0879924909313665,,,,,,,389.3338122530139,380.39061007024935,0,0,0,0,389.3338122530139,380.39061007024935,0,0,0,0,0
1638901800,397.86,398.44,395.99,397.95,102.78037842345003,82.22430273876003,154.17056763517505,,397.95,-5,0,-15,-20,380.3798468596562,387.0015764705884,393.62330608152064,392.43248223545686,394.7670937936069,0,0,0,0,377.93276690680517,390.9889411764706,404.045115446136,394.7487916233642,370.099153284312,0,0,0,0,388.1019215397811,393.23483529411754,398.367749048454,392.43248223545686,394.7670937936069,0,0,0,0,389.0233124150551,404.4479529411765,419.87259346729786,390.3995621158286,380.39061007024935,0,0,0,0,3.1405248337357414,,,,,,,390.3995621158286,380.39061007024935,0,0,0,0,390.3995621158286,380.39061007024935,0,0,0,0,0
1638973800,398.17,398.75,396.22,398.51,102.97309091745808,82.37847273396648,154.45963637618712,,398.51,-10,0,-20,-10,381.3327354076489,387.90381176470584,394.4748881217628,393.50606479401506,394.7670937936069,0,0,0,0,377.93276690680517,390.9889411764706,404.045115446136,394.7487916233642,370.099153284312,0,0,0,0,388.20211251507794,393.28400000000005,398.36588748492215,393.50606479401506,394.7670937936069,0,0,0,0,389.0233124150551,404.4479529411765,419.87259346729786,390.84816482184084,380.39061007024935,0,0,0,0,3.162637106002863,,,,,,,390.84816482184084,380.39061007024935,0,0,0,0,390.84816482184084,380.39061007024935,0,0,0,0,0
1638988200,398.47,399.81,397.91,399.62,102.97309091745808,82.37847273396648,154.45963637618712,,399.62,-5,0,-15,15,382.63841932110824,389.13058823529457,395.6227571494809,395.1904589295334,394.7670937936069,0,0,0,0,378.8875288665031,392.02207058823535,405.1566123099676,394.7487916233642,370.099153284312,0,0,0,0,388.36585714954026,393.422458823529,398.4790604975177,395.1904589295334,394.7670937936069,0,0,0,0,389.67121632791486,404.9806117647055,420.2900072014961,392.7861530488522,380.39061007024935,0,0,0,0,18.258163331662725,,,,,,,392.7861530488522,380.39061007024935,0,0,0,0,392.7861530488522,380.39061007024935,0,0,0,0,0
1639060200,398.35,400.19,396.32,396.62,102.73857279762845,82.19085823810276,154.1078591964427,,396.62,-10,10,-10,0,384.0555128907823,390.28858823529447,396.5216635798066,395.1904589295334,394.7670937936069,0,0,0,0,378.8875288665031,392.02207058823535,405.1566123099676,394.7487916233642,370.099153284312,0,0,0,0,388.3218230433734,393.31964705882365,398.3174710742739,395.1904589295334,394.7670937936069,0,0,0,0,389.67121632791486,404.9806117647055,420.2900072014961,392.7861530488522,380.39061007024935,0,0,0,0,18.258163331662725,,,,,,,392.7861530488522,380.39061007024935,0,0,0,0,392.7861530488522,380.39061007024935,0,0,0,0,0
1639074600,396.6,397.15,393.53,393.74,102.73857279762845,82.19085823810276,154.1078591964427,,393.74,-10,-5,-10,0,385.04112332027825,390.97122352941204,390.97122352941204,395.1904589295334,394.7670937936069,0,0,0,0,378.8875288665031,392.02207058823535,405.1566123099676,394.7487916233642,370.099153284312,0,0,0,0,388.12999953092265,393.1241058823534,398.1182122337841,395.1904589295334,394.7670937936069,0,0,0,0,389.9120599205326,404.93960000000004,419.96714007946747,392.7861530488522,380.39061007024935,0,0,0,0,18.258163331662725,,,,,,,392.7861530488522,380.39061007024935,0,0,0,0,392.7861530488522,380.39061007024935,0,0,0,0,0
1639146600,396.62,398.06,393.37,396.71,96.65968308943422,77.32774647154739,144.98952463415134,,396.71,-10,10,-10,0,386.4677921144849,392.060847058824,397.65390200316307,395.1904589295334,394.7670937936069,0,0,0,0,378.8875288665031,392.02207058823535,405.1566123099676,394.7487916233642,370.099153284312,0,0,0,0,388.35429482332694,393.3399294117652,398.3255640002034,395.1904589295334,394.7670937936069,0,0,0,0,389.9120599205326,404.93960000000004,419.96714007946747,392.7861530488522,380.39061007024935,0,0,0,0,18.258163331662725,,,,,,,392.7861530488522,380.39061007024935,0,0,0,0,392.7861530488522,380.39061007024935,0,0,0,0,0
1639161000,396.71,398.28,395.57,398.04,96.65968308943422,77.32774647154739,144.98952463415134,,398.04,-10,10,-10,-10,387.8055367584599,393.2228470588233,398.6401573591867,395.1904589295334,394.7670937936069,0,0,0,0,379.80230201610453,393.1008235294116,406.3993450427187,394.7487916233642,370.099153284312,0,0,0,0,388.6979331520125,393.6810941176473,398.6642550832821,395.1904589295334,394.7670937936069,0,0,0,0,390.36397154896275,405.0970588235291,419.83014609809544,392.7861530488522,380.39061007024935,0,0,0,0,18.258163331662725,,,,,,,392.7861530488522,380.39061007024935,0,0,0,0,392.7861530488522,380.39061007024935,0,0,0,0,0
1639405800,398,398.32,392.82,393.68,101.88250688012673,81.50600550410138,152.8237603201901,,393.68,-10,-10,-10,-10,387.9252987927704,393.3331529411761,393.3331529411761,395.1904589295334,394.7670937936069,0,0,0,0,379.80230201610453,393.1008235294116,406.3993450427187,394.7487916233642,370.099153284312,0,0,0,0,388.66187210631574,393.6414117647058,393.6414117647058,395.1904589295334,394.7670937936069,0,0,0,0,390.36397154896275,405.0970588235291,419.83014609809544,392.7861530488522,380.39061007024935,0,0,0,0,18.258163331662725,,,,,,,392.7861530488522,380.39061007024935,0,0,0,0,392.7861530488522,380.39061007024935,0,0,0,0,0
1639420200,393.73,395.18,391.88,392.28,101.88250688012673,81.50600550410138,152.8237603201901,,392.28,-10,-10,-10,-10,388.11643070117975,393.48875294117664,393.48875294117664,395.1904589295334,394.7670937936069,0,0,0,0,379.80230201610453,393.1008235294116,406.3993450427187,394.7487916233642,370.099153284312,0,0,0,0,388.58618439751416,393.55685882352964,393.55685882352964,395.1904589295334,394.7670937936069,0,0,0,0,390.42018470387933,404.8026117647056,419.1850388255319,392.7861530488522,380.39061007024935,0,0,0,0,18.941133923559107,,,,,,,392.7861530488522,380.39061007024935,0,0,0,0,392.7861530488522,380.39061007024935,0,0,0,0,0
1639492200,387.31,390.09,383.79,385.05,94.88951047254362,75.9116083780349,142.33426570881542,,385.05,-10,-10,-10,-55,387.06012959896464,392.58851764705884,392.58851764705884,389.06899428213615,394.7670937936069,0,0,0,0,379.80230201610453,393.1008235294116,406.3993450427187,394.7487916233642,370.099153284312,0,0,0,0,387.8042430218526,392.9353176470587,392.9353176470587,389.06899428213615,394.7670937936069,0,0,0,0,390.42018470387933,404.8026117647056,419.1850388255319,392.7861530488522,380.39061007024935,0,0,0,0,3.9411339235591076,,,,,,,392.7861530488522,380.39061007024935,0,0,1,0,392.7861530488522,380.39061007024935,0,0,0,0,0
1639506600,385.02,389.38,384.12,388.34,94.88951047254362,75.9116083780349,142.33426570881542,,388.34,-15,-10,-15,-25,386.9119138407942,392.3762588235294,392.3762588235294,389.06899428213615,394.7670937936069,0,0,0,0,380.2744289607892,393.59769411764756,406.92095927450595,394.7487916233642,370.099153284312,0,0,0,0,387.38630088786414,392.571611764706,392.571611764706,389.06899428213615,394.7670937936069,0,0,0,0,390.1658986708733,403.81503529411714,403.81503529411714,392.7861530488522,380.39061007024935,0,0,0,0,3.9411339235591076,,,,,,,392.7861530488522,380.39061007024935,0,0,0,0,392.7861530488522,380.39061007024935,0,0,0,0,0
1639578600,387.94,388.42,383.88,385.37,98.31839306021858,78.65471444817487,147.47758959032788,,385.37,-15,-10,-15,-40,385.5581828935432,391.193317647059,391.193317647059,388.775775346004,394.7670937936069,0,0,0,0,380.2744289607892,393.59769411764756,406.92095927450595,394.7487916233642,370.099153284312,0,0,0,0,386.52398556317627,391.86576470588216,391.86576470588216,388.775775346004,394.7670937936069,0,0,0,0,390.1658986708733,403.81503529411714,403.81503529411714,392.7861530488522,380.39061007024935,0,0,0,0,3.9411339235591076,,,,,,,392.7861530488522,380.39061007024935,0,0,0,0,392.7861530488522,380.39061007024935,0,0,0,0,0
1639593000,385.4,397.4,384.16,397.03,98.31839306021858,78.65471444817487,147.47758959032788,,397.03,0,10,0,5,386.7181990470521,392.2649411764708,397.8116833058895,390.67706105370064,394.7670937936069,0,0,0,0,380.2744289607892,393.59769411764756,406.92095927450595,394.7487916233642,370.099153284312,0,0,0,0,386.7561259769086,392.10963529411725,397.4631446113259,390.67706105370064,394.7670937936069,0,0,0,0,390.4689458016487,403.6213176470589,416.7736894924691,392.7861530488522,380.39061007024935,0,0,0,0,3.9411339235591076,,,,,,,392.7861530488522,380.39061007024935,0,0,0,0,392.7861530488522,380.39061007024935,0,0,0,0,0
1639665000,398.04,398.41,387.8,389.25,99.34996935260983,79.47997548208787,149.02495402891475,,389.25,-10,-10,-10,-20,387.2742068474379,392.61082352941185,392.61082352941185,390.67706105370064,394.7670937936069,0,0,0,0,380.2744289607892,393.59769411764756,406.92095927450595,394.7487916233642,370.099153284312,0,0,0,0,386.20321583914136,391.58844705882353,391.58844705882353,390.67706105370064,394.7670937936069,0,0,0,0,390.4689458016487,403.6213176470589,416.7736894924691,392.7861530488522,380.39061007024935,0,0,0,0,3.9411339235591076,,,,,,,392.7861530488522,380.39061007024935,0,0,0,0,392.7861530488522,380.39061007024935,0,0,0,0,0
1639679400,389.24,389.72,385.23,386.87,99.34996935260983,79.47997548208787,149.02495402891475,,386.87,-15,-10,-15,-15,386.6278671596131,392.03025882352955,392.03025882352955,390.67706105370064,394.7670937936069,0,0,0,0,380.54089603646787,393.7911058823526,407.04131572823735,394.7487916233642,370.099153284312,0,0,0,0,385.3687029037481,390.8133764705883,390.8133764705883,390.67706105370064,394.7670937936069,0,0,0,0,390.03006903707166,402.6330823529412,402.6330823529412,392.7861530488522,380.39061007024935,0,0,0,0,3.9411339235591076,,,,,,,392.7861530488522,380.39061007024935,0,0,0,0,392.7861530488522,380.39061007024935,0,0,0,0,0
1639751400,383.33,389.18,381.8,387.27,96.7860067548741,77.42880540389928,145.17901013231113,,387.27,-15,-10,-15,-15,386.13437269898725,391.5770588235297,391.5770588235297,390.67706105370064,394.7670937936069,0,0,0,0,380.54089603646787,393.7911058823526,407.04131572823735,394.7487916233642,370.099153284312,0,0,0,0,384.6257828138666,390.14192941176475,390.14192941176475,390.67706105370064,394.7670937936069,0,0,0,0,390.03006903707166,402.6330823529412,402.6330823529412,392.7861530488522,380.39061007024935,0,0,0,0,3.9411339235591076,,,,,,,392.7861530488522,380.39061007024935,0,0,0,0,392.7861530488522,380.39061007024935,0,0,0,0,0
1639765800,387.32,388.23,384.545,384.94,96.7860067548741,77.42880540389928,145.17901013231113,,384.94,-20,-10,-20,-35,385.86969274075324,391.2392235294116,391.2392235294116,390.3517359619746,394.7670937936069,0,0,0,0,380.54089603646787,393.7911058823526,407.04131572823735,394.7487916233642,370.099153284312,0,0,0,0,383.6317203256467,389.27789411764746,389.27789411764746,390.3517359619746,394.7670937936069,0,0,0,0,389.41477809579254,401.5630588235295,401.5630588235295,392.7861530488522,380.39061007024935,0,0,0,0,3.9411339235591076,,,,,,,392.7861530488522,380.39061007024935,0,0,0,0,392.7861530488522,380.39061007024935,0,0,0,0,0
1640010600,379.565,381.5,377.48,378.65,94.82984825017225,75.8638786001378,142.24477237525838,,378.65,-15,-10,-15,-40,383.24411513138284,389.12345882352946,389.12345882352946,384.0520580488455,394.7670937936069,0,0,0,0,380.54089603646787,393.7911058823526,407.04131572823735,394.7487916233642,370.099153284312,0,0,0,0,382.0405982837984,388.0868470588234,388.0868470588234,384.0520580488455,394.7670937936069,0,0,0,0,389.41477809579254,401.5630588235295,401.5630588235295,387.3856795711718,380.39061007024935,0,0,0,0,3.6749368224061443,,,,,,,387.3856795711718,380.39061007024935,0,0,0,0,387.3856795711718,380.39061007024935,0,0,0,0,0
1640025000,378.62,381.27,378.2,380.68,94.82984825017225,75.8638786001378,142.24477237525838,,380.68,-20,-35,-45,-70,381.2848605591122,387.4742352941177,387.4742352941177,384.0520580488455,389.40731247728826,0,0,0,0,380.3846920347429,393.5362588235295,393.5362588235295,389.38166779435574,370.099153284312,0,0,0,0,380.7893313847295,387.1059176470591,387.1059176470591,384.0520580488455,389.40731247728826,0,0,0,0,388.4274463517382,400.04134117647055,400.04134117647055,386.9545596018024,380.39061007024935,0,0,0,0,1.840954568762062,,,,,,,386.9545596018024,380.39061007024935,0,0,1,0,386.9545596018024,380.39061007024935,0,0,0,0,0
1640097000,384.01,387.07,380.21,387.05,95.28086896933759,76.22469517547007,142.9213034540064,,387.05,-15,-20,-25,-50,380.389966242443,386.67336470588253,386.67336470588253,384.0520580488455,389.40731247728826,0,0,0,0,380.3846920347429,393.5362588235295,393.5362588235295,389.38166779435574,370.099153284312,0,0,0,0,380.2272742184289,386.6082352941177,386.6082352941177,384.0520580488455,389.40731247728826,0,0,0,0,388.4274463517382,400.04134117647055,400.04134117647055,386.9545596018024,380.39061007024935,0,0,0,0,1.840954568762062,,,,,,,386.9545596018024,380.39061007024935,0,0,0,0,386.9545596018024,380.39061007024935,0,0,0,0,0
1640111400,387.12,389.53,387.11,389.22,95.28086896933759,76.22469517547007,142.9213034540064,,389.22,-5,-20,-15,-40,379.77350302559455,385.8619764705878,391.9504499155811,384.0520580488455,389.40731247728826,0,0,0,0,380.3846920347429,393.5362588235295,393.5362588235295,389.38166779435574,370.099153284312,0,0,0,0,379.9306191448156,386.3352823529411,386.3352823529411,384.0520580488455,389.40731247728826,0,0,0,0,388.172357180558,399.0244235294117,399.0244235294117,386.9545596018024,380.39061007024935,0,0,0,0,1.840954568762062,,,,,,,386.9545596018024,380.39061007024935,0,0,0,0,386.9545596018024,380.39061007024935,0,0,0,0,0
1640183400,388.82,393.23,388.27,391.64,99.43324365266069,79.54659492212856,149.14986547899105,,391.64,-10,-20,-20,-20,379.6113926059128,385.4587529411765,391.3061132764402,388.0902510496266,389.40731247728826,0,0,0,0,380.3846920347429,393.5362588235295,393.5362588235295,389.38166779435574,370.099153284312,0,0,0,0,379.98151881101,386.36536470588237,392.74921060075474,388.0902510496266,389.40731247728826,0,0,0,0,388.172357180558,399.0244235294117,399.0244235294117,386.9545596018024,380.39061007024935,0,0,0,0,1.840954568762062,,,,,,,386.9545596018024,380.39061007024935,0,0,0,0,386.9545596018024,380.39061007024935,0,0,0,0,0
1640197800,391.75,394.15,390.765,393.97,99.43324365266069,79.54659492212856,149.14986547899105,,393.97,-10,-20,-20,-10,379.6568366798165,385.3931529411765,391.1294692025365,388.98881340503516,389.40731247728826,0,0,0,0,381.0208278514039,394.2023764705885,407.3839250897731,389.38166779435574,370.099153284312,0,0,0,0,380.24663824544365,386.6016235294113,392.956608813379,388.98881340503516,389.40731247728826,0,0,0,0,388.30822387106963,398.25303529411764,408.19784671716565,386.9545596018024,380.39061007024935,0,0,0,0,1.840954568762062,,,,,,,386.9545596018024,380.39061007024935,0,0,0,0,386.9545596018024,380.39061007024935,0,0,0,0,0
1640269800,394.31,397.9,394.17,397.85,98.79937753931678,79.03950203145342,148.19906630897518,,397.85,-10,10,-10,35,380.2110880955328,386.00251764705894,391.7939471985851,393.89392584413747,389.40731247728826,0,0,0,0,381.0208278514039,394.2023764705885,407.3839250897731,389.38166779435574,370.099153284312,0,0,0,0,380.8121761051238,387.16564705882325,393.5191180125227,393.89392584413747,389.40731247728826,0,0,0,0,388.30822387106963,398.25303529411764,408.19784671716565,388.9287591326679,380.39061007024935,0,0,0,0,16.93826570164437,,,,,,,388.9287591326679,380.39061007024935,0,0,0,0,388.9287591326679,380.39061007024935,0,0,0,0,0
1640284200,397.87,398.41,396.94,396.99,98.79937753931678,79.03950203145342,148.19906630897518,,396.99,-10,10,-10,15,381.5815922730935,387.3685411764707,393.15549007984794,394.3179311409848,389.40731247728826,0,0,0,0,381.0208278514039,394.2023764705885,407.3839250897731,389.38166779435574,370.099153284312,0,0,0,0,381.30701551080205,387.65152941176444,393.99604331272684,394.3179311409848,389.40731247728826,0,0,0,0,388.61914534901734,397.7400470588232,406.8609487686291,391.9681334803345,380.39061007024935,0,0,0,0,17.088080832486387,,,,,,,391.9681334803345,380.39061007024935,0,0,0,0,391.9681334803345,380.39061007024935,0,0,0,0,0
1640615400,398.25,402.98,398.25,402.84,103.31075180853912,82.64860144683131,154.96612771280869,,402.84,10,10,10,35,383.4677474845788,389.55621176470584,395.64467604483286,398.9506285410873,389.40731247728826,0,0,0,0,381.0208278514039,394.2023764705885,407.3839250897731,389.38166779435574,370.099153284312,0,0,0,0,382.31716634935725,388.71802352941137,395.1188807094655,398.9506285410873,389.40731247728826,0,0,0,0,388.61914534901734,397.7400470588232,406.8609487686291,393.2054096603106,380.39061007024935,0,0,0,0,17.149067954040905,,,,,,,393.2054096603106,380.39061007024935,0,0,0,0,393.2054096603106,380.39061007024935,0,0,0,0,0
1640629800,402.85,403.47,402.29,403.46,103.31075180853912,82.64860144683131,154.96612771280869,,403.46,10,25,25,50,385.47851240494543,391.8493647058824,398.2202170068194,399.8416388951212,390.6764521484842,0,0,0,0,382.1343004263161,395.6490117647057,409.16372310309526,390.7377479728604,370.099153284312,0,0,0,0,383.41400969400956,389.8658117647054,396.3176138354013,399.8416388951212,390.6764521484842,0,0,0,0,389.18859313287965,397.9147529411768,406.64091274947396,397.5214518274313,380.39061007024935,0,0,0,0,17.819824333390276,,,,,,,397.5214518274313,380.39061007024935,0,0,0,0,397.5214518274313,380.39061007024935,0,0,0,0,0
1640701800,404.46,404.55,401.1,401.79,103.10840445793892,82.48672356635115,154.66260668690836,,401.79,10,10,10,20,387.52142328046006,394.04769411764715,400.57396495483425,399.8416388951212,390.6764521484842,0,0,0,0,382.1343004263161,395.6490117647057,409.16372310309526,390.7377479728604,370.099153284312,0,0,0,0,384.5625706955817,390.9578588235291,397.35314695147645,399.8416388951212,390.6764521484842,0,0,0,0,389.18859313287965,397.9147529411768,406.64091274947396,397.5214518274313,380.39061007024935,0,0,0,0,17.819824333390276,,,,,,,397.5214518274313,380.39061007024935,0,0,0,0,397.5214518274313,380.39061007024935,0,0,0,0,0
1640716200,401.79,402.55,400.72,401.71,103.10840445793892,82.48672356635115,154.66260668690836,,401.71,10,40,35,60,389.2748390275744,395.99750588235275,402.7201727371311,399.8416388951212,393.4294055664496,0,0,0,0,382.1343004263161,395.6490117647057,409.16372310309526,393.47076597479895,370.099153284312,0,0,0,0,385.7307638367278,392.0581411764702,398.3855185162126,399.8416388951212,393.4294055664496,0,0,0,0,389.6265508098381,397.94995294117655,406.273355072515,397.5214518274313,380.39061007024935,0,0,0,0,19.83053289841713,,,,,,,397.5214518274313,380.39061007024935,0,0,0,0,397.5214518274313,380.39061007024935,0,0,0,0,0
1640788200,401.78,403.02,399.11,400.53,96.58483271522965,77.26786617218373,144.87724907284448,,400.53,10,20,20,45,390.5251895265571,397.4411058823534,404.3570222381497,399.8416388951212,393.4294055664496,0,0,0,0,382.1343004263161,395.6490117647057,409.16372310309526,393.47076597479895,370.099153284312,0,0,0,0,386.7881815204564,393.0416235294117,399.295065538367,399.8416388951212,393.4294055664496,0,0,0,0,389.6265508098381,397.94995294117655,406.273355072515,397.5214518274313,380.39061007024935,0,0,0,0,19.83053289841713,,,,,,,397.5214518274313,380.39061007024935,0,0,0,0,397.5214518274313,380.39061007024935,0,0,0,0,0
1640802600,400.6,402.45,400.37,401.59,96.58483271522965,77.26786617218373,144.87724907284448,,401.59,10,20,20,35,392.02350116983007,399.1378117647063,406.2521223595826,399.8416388951212,393.4294055664496,0,0,0,0,383.136286674103,396.88915294117623,410.64201920824945,393.47076597479895,370.099153284312,0,0,0,0,387.65376086526123,393.9604235294116,400.267086193562,399.8416388951212,393.4294055664496,0,0,0,0,390.0144529611414,398.0520235294118,406.08959409768227,397.5214518274313,380.39061007024935,0,0,0,0,19.83053289841713,,,,,,,397.5214518274313,380.39061007024935,0,0,0,0,397.5214518274313,380.39061007024935,0,0,0,0,0
1640874600,401.33,403.56,400.79,402.88,94.37419705051552,75.49935764041241,141.56129557577327,,402.88,10,20,20,50,393.76673728954285,401.10934117647065,408.45194506339845,400.3318034884548,393.4294055664496,0,0,0,0,383.136286674103,396.88915294117623,410.64201920824945,393.47076597479895,370.099153284312,0,0,0,0,388.29523040952824,394.749694117647,401.2041578257657,400.3318034884548,393.4294055664496,0,0,0,0,390.0144529611414,398.0520235294118,406.08959409768227,397.5214518274313,380.39061007024935,0,0,0,0,19.83053289841713,,,,,,,397.5214518274313,380.39061007024935,0,0,0,0,397.5214518274313,380.39061007024935,0,0,0,0,0
1640889000,402.93,403.12,399.76,400.19,94.37419705051552,75.49935764041241,141.56129557577327,,400.19,10,20,20,35,394.92073728086575,402.4369411764707,409.9531450720757,400.3318034884548,393.4294055664496,0,0,0,0,383.136286674103,396.88915294117623,410.64201920824945,393.47076597479895,370.099153284312,0,0,0,0,388.95754053738625,395.45856470588217,401.9595888743781,400.3318034884548,393.4294055664496,0,0,0,0,390.3052399693821,398.1057176470586,405.9061953247351,397.5214518274313,380.39061007024935,0,0,0,0,19.83053289841713,,,,,,,397.5214518274313,380.39061007024935,0,0,0,0,397.5214518274313,380.39061007024935,0,0,0,0,0
1640961000,399.7,401.04,398.22,399.17,95.73621880767243,76.58897504613795,143.60432821150863,,399.17,10,10,10,10,395.76510768938584,403.3764941176476,410.9878805459094,400.3318034884548,393.4294055664496,0,0,0,0,383.136286674103,396.88915294117623,410.64201920824945,393.47076597479895,370.099153284312,0,0,0,0,389.57833390221356,396.0994588235298,402.62058374484604,400.3318034884548,393.4294055664496,0,0,0,0,390.3052399693821,398.1057176470586,405.9061953247351,397.5214518274313,380.39061007024935,0,0,0,0,19.83053289841713,,,,,,,397.5214518274313,380.39061007024935,0,0,0,0,397.5214518274313,380.39061007024935,0,0,0,0,0
1640975400,399.11,399.32,397.34,397.56,95.73621880767243,76.58897504613795,143.60432821150863,,397.56,-10,35,-10,-10,395.975143550752,403.4622117647061,403.4622117647061,400.3318034884548,393.4294055664496,0,0,0,0,383.8833921219405,397.71477647058816,411.5461608192358,393.47076597479895,370.099153284312,0,0,0,0,390.1518759473267,396.6524000000001,403.15292405267354,400.3318034884548,393.4294055664496,0,0,0,0,390.43119655450784,397.8871529411767,405.3431093278455,397.5214518274313,383.55811265761525,0,0,0,0,19.668718240510472,,,,,,,397.5214518274313,383.55811265761525,0,0,0,0,397.5214518274313,383.55811265761525,0,0,0,0,0
1641220200,399.05,401.53,396.93,400.29,96.11188846643914,76.88951077315131,144.1678326996587,,400.29,10,35,10,10,396.46413523040945,403.96068235294143,411.4572294754734,400.3318034884548,393.4294055664496,0,0,0,0,383.8833921219405,397.71477647058816,411.5461608192358,393.47076597479895,370.099153284312,0,0,0,0,390.5495438509066,397.11651764705846,403.6834914432103,400.3318034884548,393.4294055664496,0,0,0,0,390.43119655450784,397.8871529411767,405.3431093278455,397.5214518274313,383.55811265761525,0,0,0,0,19.668718240510472,,,,,,,397.5214518274313,383.55811265761525,0,0,0,0,397.5214518274313,383.55811265761525,0,0,0,0,0
1641234600,400.29,401.94,400.19,401.77,96.11188846643914,76.88951077315131,144.1678326996587,,401.77,10,35,10,10,396.9467272986661,404.3478352941172,411.74894328956833,400.3318034884548,393.4294055664496,0,0,0,0,383.8833921219405,397.71477647058816,411.5461608192358,393.47076597479895,370.099153284312,0,0,0,0,390.98628723093026,397.6396470588237,404.29300688671714,400.3318034884548,393.4294055664496,0,0,0,0,390.75757079184086,398.00376470588253,405.2499586199242,397.5214518274313,383.55811265761525,0,0,0,0,19.393910766661108,,,,,,,397.5214518274313,383.55811265761525,0,0,0,0,397.5214518274313,383.55811265761525,0,0,0,0,0
1641306600,402.23,402.27,393.84,394.71,94.32065303307868,75.45652242646295,141.48097954961804,,394.71,-10,15,-10,-25,396.98053676004815,404.3762588235291,404.3762588235291,398.4234060243625,393.4294055664496,0,0,0,0,383.8833921219405,397.71477647058816,411.5461608192358,393.47076597479895,370.099153284312,0,0,0,0,391.36751400124405,397.96435294117646,397.96435294117646,398.4234060243625,393.4294055664496,0,0,0,0,390.75757079184086,398.00376470588253,405.2499586199242,397.5214518274313,383.55811265761525,0,0,0,0,19.393910766661108,,,,,,,397.5214518274313,383.55811265761525,0,0,0,0,397.5214518274313,383.55811265761525,0,0,0,0,0
1641321000,394.66,397.76,393.29,396.49,94.32065303307868,75.45652242646295,141.48097954961804,,396.49,-10,15,-10,-10,396.930090290419,404.27079999999995,404.27079999999995,398.4234060243625,393.4294055664496,0,0,0,0,384.52299413990517,398.38788235294135,412.2527705659775,393.47076597479895,370.099153284312,0,0,0,0,391.8756789259053,398.42978823529427,398.42978823529427,398.4234060243625,393.4294055664496,0,0,0,0,390.7852453547141,397.53159999999997,404.27795464528583,397.5214518274313,383.55811265761525,0,0,0,0,18.840069050660404,,,,,,,397.5214518274313,383.55811265761525,0,0,0,0,397.5214518274313,383.55811265761525,0,0,0,0,0
1641393000,394.9,395.87,390.54,391.69,93.04497476654822,74.43597981323857,139.56746214982235,,391.69,-10,-10,-10,-35,396.0727528455685,403.2492000000002,403.2492000000002,396.83863284729847,393.4294055664496,0,0,0,0,384.52299413990517,398.38788235294135,412.2527705659775,393.47076597479895,370.099153284312,0,0,0,0,391.7171556550177,398.2762823529414,398.2762823529414,396.83863284729847,393.4294055664496,0,0,0,0,390.7852453547141,397.53159999999997,404.27795464528583,397.5214518274313,383.55811265761525,0,0,0,0,18.840069050660404,,,,,,,397.5214518274313,383.55811265761525,0,0,0,0,397.5214518274313,383.55811265761525,0,0,0,0,0
1641407400,391.72,393.02,384.05,384.21,93.04497476654822,74.43597981323857,139.56746214982235,,384.21,-15,-10,-15,-60,393.7148873060942,401.0277882352943,401.0277882352943,390.0186681183339,393.4294055664496,0,0,0,0,384.52299413990517,398.38788235294135,412.2527705659775,393.47076597479895,370.099153284312,0,0,0,0,390.87616873301965,397.56291764705867,397.56291764705867,390.0186681183339,393.4294055664496,0,0,0,0,389.70352728552524,396.21425882352963,396.21425882352963,397.5214518274313,383.55811265761525,0,0,0,0,3.840069050660404,,,,,,,397.5214518274313,383.55811265761525,0,0,1,0,397.5214518274313,383.55811265761525,0,0,0,0,0
1641479400,382.39,387.35,380.14,384.45,88.09289004183964,70.47431203347172,132.13933506275947,,384.45,-10,-10,-10,-20,391.30570071717915,398.651482352941,398.651482352941,390.0186681183339,393.4294055664496,0,0,0,0,384.52299413990517,398.38788235294135,412.2527705659775,393.47076597479895,370.099153284312,0,0,0,0,390.1998034786419,396.98734117647075,396.98734117647075,390.0186681183339,393.4294055664496,0,0,0,0,389.70352728552524,396.21425882352963,396.21425882352963,392.1263406490888,383.55811265761525,0,0,0,0,3.576332393148426,,,,,,,392.1263406490888,383.55811265761525,0,0,0,0,392.1263406490888,383.55811265761525,0,0,0,0,0
1641493800,384.47,386.64,383.06,384.07,88.09289004183964,70.47431203347172,132.13933506275947,,384.07,-20,-10,-20,-45,388.7616078998508,395.6260705882354,395.6260705882354,388.5132660903721,393.4294055664496,0,0,0,0,384.3312254984887,398.084188235294,398.084188235294,393.47076597479895,370.099153284312,0,0,0,0,389.19197623892217,396.0437411764704,396.0437411764704,388.5132660903721,393.4294055664496,0,0,0,0,388.579993607736,394.9085882352938,394.9085882352938,391.3308877455824,383.55811265761525,0,0,0,0,3.53744717224304,,,,,,,391.3308877455824,383.55811265761525,0,0,0,0,391.3308877455824,383.55811265761525,0,0,0,0,0
1641565800,384.05,385.73,378.04,380.55,87.41824132597799,69.93459306078239,131.12736198896698,,380.55,-15,-10,-15,-40,385.2434727322769,392.10703529411757,392.10703529411757,385.3431222922086,393.4294055664496,0,0,0,0,384.3312254984887,398.084188235294,398.084188235294,393.47076597479895,370.099153284312,0,0,0,0,387.8576457940654,394.9052705882354,394.9052705882354,385.3431222922086,393.4294055664496,0,0,0,0,388.579993607736,394.9085882352938,394.9085882352938,390.6351100494694,383.55811265761525,0,0,0,0,3.5034345119143975,,,,,,,390.6351100494694,383.55811265761525,0,0,0,0,390.6351100494694,383.55811265761525,0,0,0,0,0
1641580200,380.52,381.91,379.17,379.82,87.41824132597799,69.93459306078239,131.12736198896698,,379.82,-20,-25,-35,-60,381.68629496464393,388.8922823529413,388.8922823529413,384.4172840172615,392.88954164138295,0,0,0,0,384.3312254984887,398.084188235294,398.084188235294,392.832941034701,370.099153284312,0,0,0,0,386.5056309756937,393.7758588235297,393.7758588235297,384.4172840172615,392.88954164138295,0,0,0,0,386.96895925721867,393.3035764705879,393.3035764705879,386.6604593316502,383.55811265761525,0,0,0,0,3.0937125123137514,,,,,,,386.6604593316502,383.55811265761525,0,0,0,0,386.6604593316502,383.55811265761525,0,0,0,0,0
1641825000,374.86,375.71,369.32,374.36,84.87772033417541,67.90217626734032,127.3165805012631,,374.36,-15,-15,-15,-40,376.81860744535135,385.07844705882366,385.07844705882366,378.38255611692443,392.88954164138295,0,0,0,0,384.3312254984887,398.084188235294,398.084188235294,392.832941034701,370.099153284312,0,0,0,0,384.35618684799715,391.90788235294133,391.90788235294133,378.38255611692443,392.88954164138295,0,0,0,0,386.96895925721867,393.3035764705879,393.3035764705879,380.87114080796084,383.55811265761525,0,0,0,0,-4.6892947263209654,,,,,,,380.87114080796084,383.55811265761525,0,0,1,0,380.87114080796084,383.55811265761525,0,1,0,0,0
1641839400,374.4,380.64,373.96,380.37,84.87772033417541,67.90217626734032,127.3165805012631,,380.37,-20,-45,-65,-70,373.5940664133843,382.42449411764676,382.42449411764676,378.38255611692443,388.06957438128416,0,0,0,0,383.7020109775015,397.17070588235276,397.17070588235276,388.0441595322223,370.099153284312,0,0,0,0,382.96102564562597,390.59249411764677,390.59249411764677,378.38255611692443,388.06957438128416,0,0,0,0,385.4069913031251,391.88710588235284,391.88710588235284,380.87114080796084,383.55811265761525,0,0,0,0,-6.306692881647169,,,,,,,380.87114080796084,383.55811265761525,0,0,0,0,380.87114080796084,383.55811265761525,0,0,0,0,0
1641911400,379.355,385.77,377.26,384.66,84.82375245110194,67.85900196088156,127.23562867665291,,384.66,-15,-10,-25,-50,371.79297166615993,380.83435294117623,380.83435294117623,378.38255611692443,388.06957438128416,0,0,0,0,383.7020109775015,397.17070588235276,397.17070588235276,388.0441595322223,370.099153284312,0,0,0,0,382.0939276952102,389.7640705882354,389.7640705882354,378.38255611692443,388.06957438128416,0,0,0,0,385.4069913031251,391.88710588235284,391.88710588235284,380.87114080796084,383.55811265761525,0,0,0,0,-6.306692881647169,,,,,,,380.87114080796084,383.55811265761525,0,0,0,0,380.87114080796084,383.55811265761525,0,0,0,0,0
1641925800,384.75,385.97,384.19,385.9,84.82375245110194,67.85900196088156,127.23562867665291,,385.9,-15,-20,-25,-50,370.74017195499596,379.8861411764706,379.8861411764706,378.38255611692443,388.06957438128416,0,0,0,0,383.7020109775015,397.17070588235276,397.17070588235276,388.0441595322223,370.099153284312,0,0,0,0,381.3377160753389,389.01475294117637,389.01475294117637,378.38255611692443,388.06957438128416,0,0,0,0,384.5124490522352,390.9992705882357,390.9992705882357,380.87114080796084,383.55811265761525,0,0,0,0,-6.306692881647169,,,,,,,380.87114080796084,383.55811265761525,0,0,0,0,380.87114080796084,383.55811265761525,0,0,0,0,0
1641997800,388.46,390.17,385.04,387.4,86.67770705286061,69.34216564228849,130.0165605792909,,387.4,-10,-20,-20,-20,370.04604647954596,379.23797647058825,388.42990646163054,383.0915920936049,388.06957438128416,0,0,0,0,383.7020109775015,397.17070588235276,397.17070588235276,388.0441595322223,370.099153284312,0,0,0,0,381.1732005442917,388.84209411764704,388.84209411764704,383.0915920936049,388.06957438128416,0,0,0,0,384.5124490522352,390.9992705882357,390.9992705882357,380.87114080796084,383.55811265761525,0,0,0,0,-6.306692881647169,,,,,,,380.87114080796084,383.55811265761525,0,0,0,0,380.87114080796084,383.55811265761525,0,0,0,0,0
1642012200,387.18,388,386.51,387.43,86.67770705286061,69.34216564228849,130.0165605792909,,387.43,-15,-20,-25,-15,370.09532669729157,379.13762352941154,388.1799203615315,383.2533115500981,388.06957438128416,0,0,0,0,383.6700360369592,396.998070588235,396.998070588235,388.0441595322223,370.099153284312,0,0,0,0,381.0498097335878,388.7022352941176,388.7022352941176,383.2533115500981,388.06957438128416,0,0,0,0,383.79539943969587,390.28371764705855,390.28371764705855,380.87114080796084,383.55811265761525,0,0,0,0,-6.306692881647169,,,,,,,380.87114080796084,383.55811265761525,0,0,0,0,380.87114080796084,383.55811265761525,0,0,0,0,0
1642084200,388.74,389.41,380.09,381.9,89.12148032839399,71.29718426271519,133.68222049259097,,381.9,-10,-10,-10,0,369.7617460869212,378.68764705882296,378.68764705882296,383.2533115500981,388.06957438128416,0,0,0,0,383.6700360369592,396.998070588235,396.998070588235,388.0441595322223,370.099153284312,0,0,0,0,380.45796369861307,388.1801411764708,388.1801411764708,383.2533115500981,388.06957438128416,0,0,0,0,383.79539943969587,390.28371764705855,390.28371764705855,380.87114080796084,383.55811265761525,0,0,0,0,-6.306692881647169,,,,,,,380.87114080796084,383.55811265761525,0,0,1,0,380.87114080796084,383.55811265761525,0,0,0,0,0
1642098600,381.8,382.95,376.72,377.66,89.12148032839399,71.29718426271519,133.68222049259097,,377.66,-15,-15,-15,-5,368.59388612294333,377.59134117647034,377.59134117647034,383.2533115500981,388.06957438128416,0,0,0,0,383.6700360369592,396.998070588235,396.998070588235,388.0441595322223,370.099153284312,0,0,0,0,379.53285491419996,387.4123058823529,387.4123058823529,383.2533115500981,388.06957438128416,0,0,0,0,382.05072980798695,388.8807529411764,388.8807529411764,380.87114080796084,383.55811265761525,0,0,0,0,-6.306692881647169,,,,,,,380.87114080796084,383.55811265761525,0,0,0,0,380.87114080796084,383.55811265761525,0,0,0,0,0
1642170600,375.07,380.18,374.86,376.01,86.31917066314027,69.05533653051222,129.4787559947104,,376.01,-15,-10,-15,-5,367.24112866296025,376.3491294117644,376.3491294117644,383.2533115500981,388.06957438128416,0,0,0,0,383.6700360369592,396.998070588235,396.998070588235,388.0441595322223,370.099153284312,0,0,0,0,378.32679151453283,386.4480235294118,386.4480235294118,383.2533115500981,388.06957438128416,0,0,0,0,382.05072980798695,388.8807529411764,388.8807529411764,380.87114080796084,383.55811265761525,0,0,0,0,-6.306692881647169,,,,,,,380.87114080796084,383.55811265761525,0,0,0,0,380.87114080796084,383.55811265761525,0,0,0,0,0
1642185000,375.88,380.34,375.49,380.13,86.31917066314027,69.05533653051222,129.4787559947104,,380.13,-20,-30,-35,-35,366.7085142074776,375.7321882352941,375.7321882352941,383.2533115500981,387.93406806548984,0,0,0,0,383.1927332741674,396.47494117647057,396.47494117647057,387.89192863389735,370.099153284312,0,0,0,0,377.4916216775345,385.7369411764704,385.7369411764704,383.2533115500981,387.93406806548984,0,0,0,0,380.77587878569045,387.8522588235293,387.8522588235293,380.87114080796084,383.55811265761525,0,0,0,0,-6.228854259318305,,,,,,,380.87114080796084,383.55811265761525,0,0,0,0,380.87114080796084,383.55811265761525,0,0,0,0,0
1642516200,374.09,376.2,371.11,371.58,86.21911317687686,68.9752905415015,129.32866976531528,,371.58,-15,-15,-15,-40,365.04429068750676,374.2409647058822,374.2409647058822,378.3416352045862,387.93406806548984,0,0,0,0,383.1927332741674,396.47494117647057,396.47494117647057,387.89192863389735,370.099153284312,0,0,0,0,375.9017439811635,384.51279999999963,384.51279999999963,378.3416352045862,387.93406806548984,0,0,0,0,380.77587878569045,387.8522588235293,387.8522588235293,380.87114080796084,383.55811265761525,0,0,0,0,-6.228854259318305,,,,,,,380.87114080796084,383.55811265761525,0,0,0,0,380.87114080796084,383.55811265761525,0,0,0,0,0
1642530600,371.48,373.62,369.78,370.8,86.21911317687686,68.9752905415015,129.32866976531528,,370.8,-20,-40,-45,-85,363.8015016236861,372.98750588235293,372.98750588235293,375.3618181100769,383.99374891795486,0,0,0,0,383.1927332741674,396.47494117647057,396.47494117647057,383.95179087433326,370.099153284312,0,0,0,0,374.39823990349805,383.3404235294112,383.3404235294112,375.3618181100769,383.99374891795486,0,0,0,0,378.62330426260485,386.3218117647059,386.3218117647059,379.06604639500785,383.55811265761525,0,0,0,0,-6.677427283841947,,,,,,,379.06604639500785,383.55811265761525,0,0,0,0,379.06604639500785,383.55811265761525,0,0,0,0,0
1642602600,372.02,374.69,368.19,371.86,86.4296515190409,69.14372121523273,129.64447727856134,,371.86,-15,-25,-25,-50,362.60523104584433,371.7865882352941,371.7865882352941,375.3618181100769,383.99374891795486,0,0,0,0,383.1927332741674,396.47494117647057,396.47494117647057,383.95179087433326,370.099153284312,0,0,0,0,372.8863755366889,382.1400470588234,382.1400470588234,375.3618181100769,383.99374891795486,0,0,0,0,378.62330426260485,386.3218117647059,386.3218117647059,379.06604639500785,383.55811265761525,0,0,0,0,-6.677427283841947,,,,,,,379.06604639500785,383.55811265761525,0,0,0,0,379.06604639500785,383.55811265761525,0,0,0,0,0
1642617000,371.92,372.27,366.21,366.55,86.4296515190409,69.14372121523273,129.64447727856134,,366.55,-45,-65,-45,-85,360.9711028034042,370.28964705882356,370.28964705882356,372.9703666972591,382.5141954238152,0,0,0,0,381.41073466368107,394.80997647058814,394.80997647058814,382.4938058118809,370.099153284312,0,0,0,0,370.7616896955204,380.5227058823528,380.5227058823528,372.9703666972591,382.5141954238152,0,0,0,0,376.09754872882644,384.55564705882404,384.55564705882404,377.8298053099812,383.55811265761525,0,0,0,0,-7.230290719748686,,,,,,,377.8298053099812,383.55811265761525,0,0,0,0,377.8298053099812,383.55811265761525,0,0,0,0,0
1642689000,369.72,373.86,369.56,370.49,85.3556515687253,68.28452125498025,128.03347735308796,,370.49,-25,-25,-25,-50,360.4841621383709,369.6143294117647,369.6143294117647,372.9703666972591,382.5141954238152,0,0,0,0,381.41073466368107,394.80997647058814,394.80997647058814,382.4938058118809,370.099153284312,0,0,0,0,368.90990746300906,378.98263529411753,378.98263529411753,372.9703666972591,382.5141954238152,0,0,0,0,376.09754872882644,384.55564705882404,384.55564705882404,377.8298053099812,383.55811265761525,0,0,0,0,-7.230290719748686,,,,,,,377.8298053099812,383.55811265761525,0,0,0,0,377.8298053099812,383.55811265761525,0,0,0,0,0
1642703400,370.51,371.29,361.17,361.63,85.3556515687253,68.28452125498025,128.03347735308796,,361.63,-30,-40,-45,-85,358.84194137922293,368.0431294117646,368.0431294117646,369.3025328831846,382.04246717925696,0,0,0,0,381.41073466368107,394.80997647058814,394.80997647058814,382.0128196824609,370.099153284312,0,0,0,0,366.1810150787803,376.92047058823533,376.92047058823533,369.3025328831846,382.04246717925696,0,0,0,0,373.0780555050308,382.47385882352955,382.47385882352955,377.2916178438104,383.55811265761525,0,0,0,0,-7.419051459475652,,,,,,,377.2916178438104,383.55811265761525,0,0,0,0,377.2916178438104,383.55811265761525,0,0,0,0,0
1642775400,359.47,362.17,354.24,355.83,83.8379279988707,67.07034239909656,125.75689199830605,,355.83,-25,-15,-15,-40,356.9722977029398,366.2471529411763,366.2471529411763,366.090296210501,382.04246717925696,0,0,0,0,381.41073466368107,394.80997647058814,394.80997647058814,382.0128196824609,370.099153284312,0,0,0,0,362.7244965293659,374.352,374.352,366.090296210501,382.04246717925696,0,0,0,0,373.0780555050308,382.47385882352955,382.47385882352955,368.30935942639536,383.55811265761525,0,0,0,0,-7.858143580770112,,,,,,,368.30935942639536,383.55811265761525,0,0,0,0,368.30935942639536,383.55811265761525,0,0,0,0,0
1642789800,355.78,357.73,351.41,351.41,83.8379279988707,67.07034239909656,125.75689199830605,,351.41,-45,-40,-45,-85,353.036117097807,363.26209411764705,363.26209411764705,359.8897962223197,370.5387195235958,0,0,0,0,378.2481211197973,392.3241882352941,392.3241882352941,370.50904684799934,370.099153284312,0,0,0,0,359.4105361794808,371.97623529411754,371.97623529411754,359.8897962223197,370.5387195235958,0,0,0,0,368.72047130208193,379.5891764705884,379.5891764705884,363.88226232450995,383.55811265761525,0,0,0,0,-11.959928004790608,,,,,,,363.88226232450995,383.55811265761525,0,0,0,0,363.88226232450995,383.55811265761525,0,0,0,0,0
1643034600,345.905,347.63,334.16,340.57,77.03535382722862,61.628283061782895,115.55303074084293,,340.57,-15,-25,-25,-65,347.3851618177166,359.19392941176443,359.19392941176443,349.16232429373486,370.5387195235958,0,0,0,0,378.2481211197973,392.3241882352941,392.3241882352941,370.50904684799934,370.099153284312,0,0,0,0,354.46912840542893,368.55491764705886,368.55491764705886,349.16232429373486,370.5387195235958,0,0,0,0,368.72047130208193,379.5891764705884,379.5891764705884,354.5749578727592,383.55811265761525,0,0,0,0,-12.414909799494831,,,,,,,354.5749578727592,383.55811265761525,0,0,0,0,354.5749578727592,383.55811265761525,0,0,0,0,0
1643049000,340.58,353.98,340.46,353.57,77.03535382722862,61.628283061782895,115.55303074084293,,353.57,-20,-45,-60,-70,344.5268324136362,356.7835529411766,356.7835529411766,349.16232429373486,363.1580967004818,0,0,0,0,378.2481211197973,392.3241882352941,392.3241882352941,363.13911493028513,370.099153284312,0,0,0,0,351.3989649777184,366.16235294117644,366.16235294117644,349.16232429373486,363.1580967004818,0,0,0,0,364.6670783823732,376.69976470588244,376.69976470588244,354.5749578727592,383.55811265761525,0,0,0,0,-22.373235262457925,,,,,,,354.5749578727592,383.55811265761525,0,0,0,0,354.5749578727592,383.55811265761525,0,0,0,0,0
1643121000,346.67,348.71,341.69,345.52,77.68415494906434,62.14732395925147,116.5262324235965,,345.52,-15,-25,-25,-50,339.9669908389746,353.25305882352933,353.25305882352933,349.16232429373486,363.1580967004818,0,0,0,0,378.2481211197973,392.3241882352941,392.3241882352941,363.13911493028513,370.099153284312,0,0,0,0,347.50375187787233,363.23908235294107,363.23908235294107,349.16232429373486,363.1580967004818,0,0,0,0,364.6670783823732,376.69976470588244,376.69976470588244,354.5749578727592,383.55811265761525,0,0,0,0,-22.373235262457925,,,,,,,354.5749578727592,383.55811265761525,0,0,0,0,354.5749578727592,383.55811265761525,0,0,0,0,0
1643135400,345.46,351.02,344.12,344.93,77.68415494906434,62.14732395925147,116.5262324235965,,344.93,-65,-40,-45,-60,336.2128804773747,350.216423529412,350.216423529412,349.16232429373486,360.3820183647331,0,0,0,0,374.41567313382023,389.4075058823531,389.4075058823531,360.37346386383615,370.099153284312,0,0,0,0,343.6306277576622,360.27503529411734,360.27503529411734,349.16232429373486,360.3820183647331,0,0,0,0,359.7659186305834,373.3028235294119,373.3028235294119,354.5749578727592,383.55811265761525,0,0,0,0,-22.508863920057838,,,,,,,354.5749578727592,383.55811265761525,0,0,0,0,354.5749578727592,383.55811265761525,0,0,0,0,0
1643207400,352.92,354.62,349.25,353.32,78.10807946198248,62.48646356958599,117.16211919297373,,353.32,-25,-25,-25,-50,334.40938779075407,348.5597647058821,348.5597647058821,349.16232429373486,360.3820183647331,0,0,0,0,374.41567313382023,389.4075058823531,389.4075058823531,360.37346386383615,370.099153284312,0,0,0,0,340.6601376672783,357.8049882352941,357.8049882352941,349.16232429373486,360.3820183647331,0,0,0,0,359.7659186305834,373.3028235294119,373.3028235294119,354.5749578727592,383.55811265761525,0,0,0,0,-22.508863920057838,,,,,,,354.5749578727592,383.55811265761525,0,0,0,0,354.5749578727592,383.55811265761525,0,0,0,0,0
1643221800,353.3,356.86,340.8,344.77,78.10807946198248,62.48646356958599,117.16211919297373,,344.77,-30,-25,-30,-45,330.9812475485737,345.7232470588237,345.7232470588237,349.16232429373486,360.3820183647331,0,0,0,0,374.41567313382023,389.4075058823531,389.4075058823531,360.37346386383615,370.099153284312,0,0,0,0,336.8752642705058,354.81185882352963,354.81185882352963,349.16232429373486,360.3820183647331,0,0,0,0,355.2980441593711,370.1353647058824,370.1353647058824,354.5749578727592,383.55811265761525,0,0,0,0,-22.213405584869694,,,,,,,354.5749578727592,383.55811265761525,0,0,0,0,354.5749578727592,383.55811265761525,0,0,0,0,0
1643293800,349.4,351.25,340.85,341.01,77.87905684378846,62.30324547503077,116.81858526568269,,341.01,-25,-25,-25,-40,327.79657784670326,343.0517882352941,343.0517882352941,349.16232429373486,360.3820183647331,0,0,0,0,374.41567313382023,389.4075058823531,389.4075058823531,360.37346386383615,370.099153284312,0,0,0,0,333.0666083618947,351.8660705882356,351.8660705882356,349.16232429373486,360.3820183647331,0,0,0,0,355.2980441593711,370.1353647058824,370.1353647058824,354.5749578727592,383.55811265761525,0,0,0,0,-22.213405584869694,,,,,,,354.5749578727592,383.55811265761525,0,0,0,0,354.5749578727592,383.55811265761525,0,0,0,0,0
1643308200,340.98,345.07,340.05,341.1,77.87905684378846,62.30324547503077,116.81858526568269,,341.1,-30,-30,-60,-45,323.77691897273274,339.7439294117645,339.7439294117645,349.16232429373486,360.3820183647331,0,0,0,0,370.29183733172016,386.30251764705895,386.30251764705895,360.37346386383615,370.099153284312,0,0,0,0,329.56318754551694,349.12240000000037,349.12240000000037,349.16232429373486,360.3820183647331,0,0,0,0,350.6534972761311,366.8128235294119,366.8128235294119,353.3670291421402,383.55811265761525,0,0,0,0,-22.174983362358276,,,,,,,353.3670291421402,383.55811265761525,0,0,0,0,353.3670291421402,383.55811265761525,0,0,0,0,0
1643380200,343.04,348.89,337.96,346.56,75.28846031197038,60.23076824957631,112.93269046795558,,346.56,-15,-15,-40,-15,321.83896726485557,337.96804705882334,337.96804705882334,349.16232429373486,360.3820183647331,0,0,0,0,370.29183733172016,386.30251764705895,386.30251764705895,360.37346386383615,370.099153284312,0,0,0,0,326.98573676569345,347.01270588235315,347.01270588235315,349.16232429373486,360.3820183647331,0,0,0,0,350.6534972761311,366.8128235294119,366.8128235294119,353.3670291421402,383.55811265761525,0,0,0,0,-22.174983362358276,,,,,,,353.3670291421402,383.55811265761525,0,0,0,0,353.3670291421402,383.55811265761525,0,0,0,0,0
1643394600,346.7,352.02,342.78,351.92,75.28846031197038,60.23076824957631,112.93269046795558,,351.92,-5,-55,-30,-5,321.61491043267597,337.43797647058807,353.26104250850017,349.16232429373486,360.3820183647331,0,0,0,0,370.29183733172016,386.30251764705895,386.30251764705895,360.37346386383615,370.099153284312,0,0,0,0,325.2596750416196,345.51847058823546,345.51847058823546,349.16232429373486,360.3820183647331,0,0,0,0,347.768819451153,364.5594117647059,364.5594117647059,353.3670291421402,373.32041296298024,0,0,0,0,-19.370047639285342,,,,,,,353.3670291421402,373.32041296298024,0,0,0,0,353.3670291421402,373.32041296298024,0,0,0,0,0
1643639400,353.16,360.44,351.53,359.51,76.76938150076131,61.415505200609054,115.15407225114197,,359.51,-10,-40,-35,5,323.5833606855654,338.7065647058823,353.8297687261991,351.5575566347121,360.3820183647331,0,0,0,0,370.29183733172016,386.30251764705895,386.30251764705895,360.37346386383615,370.099153284312,0,0,0,0,324.64629203065937,344.8677176470593,344.8677176470593,351.5575566347121,360.3820183647331,0,0,0,0,347.768819451153,364.5594117647059,364.5594117647059,353.3670291421402,373.32041296298024,0,0,0,0,-19.370047639285342,,,,,,,353.3670291421402,373.32041296298024,0,0,0,0,353.3670291421402,373.32041296298024,0,0,0,0,0
1643653800,359.7,363.635,358.78,363.27,76.76938150076131,61.415505200609054,115.15407225114197,,363.27,-15,-40,-40,10,326.60588782752285,340.81425882352954,355.02262981953623,354.04483199625685,360.3820183647331,0,0,0,0,368.77093707796814,384.96550588235317,384.96550588235317,360.37346386383615,370.099153284312,0,0,0,0,324.4488677011733,344.56472941176486,364.6805911223564,354.04483199625685,360.3820183647331,0,0,0,0,346.30540680538223,363.2952705882353,363.2952705882353,353.3670291421402,373.32041296298024,0,0,0,0,-17.876542753031405,,,,,,,353.3670291421402,373.32041296298024,0,0,0,0,353.3670291421402,373.32041296298024,0,0,0,0,0
1643725800,364.43,364.63,359.2,363.31,77.95061143168932,62.360489145351465,116.925917147534,,363.31,10,-40,10,15,330.2355399219495,343.3918588235295,356.5481777251095,356.47809493554803,360.3820183647331,0,0,0,0,368.77093707796814,384.96550588235317,384.96550588235317,360.37346386383615,370.099153284312,0,0,0,0,324.7327559910816,344.5781882352941,364.42362047950655,356.47809493554803,360.3820183647331,0,0,0,0,346.30540680538223,363.2952705882353,363.2952705882353,353.3670291421402,373.32041296298024,0,0,0,0,-17.876542753031405,,,,,,,353.3670291421402,373.32041296298024,0,0,0,0,353.3670291421402,373.32041296298024,0,0,0,0,0
1643740200,363.32,366.18,361.4,365.52,77.95061143168932,62.360489145351465,116.925917147534,,365.52,5,-45,5,30,333.91730927877313,346.185552941176,358.4537966035789,358.93728593932457,360.3820183647331,0,0,0,0,368.77093707796814,384.96550588235317,384.96550588235317,360.37346386383615,370.099153284312,0,0,0,0,325.3837242610928,344.8810588235298,364.37839338596683,358.93728593932457,360.3820183647331,0,0,0,0,345.44243102157446,362.4690823529413,362.4690823529413,353.54137049792377,373.32041296298024,0,0,0,0,-17.307331712522053,,,,,,,353.54137049792377,373.32041296298024,0,0,0,0,353.54137049792377,373.32041296298024,0,0,0,0,0
1643812200,369.76,370.08,364.29,367.05,78.411317664316,62.729054131452806,117.616976496474,,367.05,10,-15,10,35,337.27050072055994,348.96637647058816,360.6622522206164,359.36105122937283,360.3820183647331,0,0,0,0,368.77093707796814,384.96550588235317,384.96550588235317,360.37346386383615,370.099153284312,0,0,0,0,326.1759614396916,345.3252000000004,364.4744385603092,359.36105122937283,360.3820183647331,0,0,0,0,345.44243102157446,362.4690823529413,362.4690823529413,356.5791297480721,373.32041296298024,0,0,0,0,-17.15476039854483,,,,,,,356.5791297480721,373.32041296298024,0,0,0,0,356.5791297480721,373.32041296298024,0,0,0,0,0
1643826600,367.04,369.41,366.02,368.51,78.411317664316,62.729054131452806,117.616976496474,,368.51,10,-15,10,50,340.6992343865054,351.9933882352942,363.28754208408304,363.20848744567496,360.3820183647331,0,0,0,0,367.6559173965507,383.92501176470597,383.92501176470597,360.37346386383615,370.099153284312,0,0,0,0,327.1990934980073,345.9612470588238,364.7234006196403,363.20848744567496,360.3820183647331,0,0,0,0,345.1245425085349,362.04835294117663,362.04835294117663,358.6177633374955,373.32041296298024,0,0,0,0,-2.0523701233967113,,,,,,,358.6177633374955,373.32041296298024,0,0,1,0,358.6177633374955,373.32041296298024,0,0,0,0,0
1643898600,358.53,361.93,356.74,358.11,74.70019384339312,59.760155074714504,112.05029076508968,,358.11,-20,-15,-20,-10,343.44671395697105,353.84727058823506,353.84727058823506,363.20848744567496,360.3820183647331,0,0,0,0,367.6559173965507,383.92501176470597,383.92501176470597,360.37346386383615,370.099153284312,0,0,0,0,327.3325932315731,345.8206823529418,345.8206823529418,363.20848744567496,360.3820183647331,0,0,0,0,345.1245425085349,362.04835294117663,362.04835294117663,358.6177633374955,373.32041296298024,0,0,0,0,-2.0523701233967113,,,,,,,358.6177633374955,373.32041296298024,0,0,0,0,358.6177633374955,373.32041296298024,0,0,0,0,0
1643913000,358.05,358.71,352.47,353.52,74.70019384339312,59.760155074714504,112.05029076508968,,353.52,-15,-15,-15,-20,344.7458960639559,354.6988000000004,354.6988000000004,360.6537786355705,360.3820183647331,0,0,0,0,367.6559173965507,383.92501176470597,383.92501176470597,360.37346386383615,370.099153284312,0,0,0,0,327.24795693512397,345.4659294117648,345.4659294117648,360.6537786355705,360.3820183647331,0,0,0,0,343.0895274593042,360.3635058823529,360.3635058823529,358.6177633374955,373.32041296298024,0,0,0,0,-2.0523701233967113,,,,,,,358.6177633374955,373.32041296298024,0,0,0,0,358.6177633374955,373.32041296298024,0,0,0,0,0
1643985000,354.08,359.21,351.98,358.64,75.53632736068268,60.429061888546144,113.30449104102402,,358.64,-10,-15,-10,-10,346.41197189059443,355.9161176470586,365.4202634035228,360.6537786355705,360.3820183647331,0,0,0,0,367.6559173965507,383.92501176470597,383.92501176470597,360.37346386383615,370.099153284312,0,0,0,0,327.91211515738013,345.6734352941179,345.6734352941179,360.6537786355705,360.3820183647331,0,0,0,0,343.0895274593042,360.3635058823529,360.3635058823529,358.6177633374955,373.32041296298024,0,0,0,0,-2.0523701233967113,,,,,,,358.6177633374955,373.32041296298024,0,0,0,0,358.6177633374955,373.32041296298024,0,0,0,0,0
1643999400,358.66,361.37,357.83,358,75.53632736068268,60.429061888546144,113.30449104102402,,358,-15,-20,-15,-15,348.5449469995842,357.59936470588224,357.59936470588224,360.6537786355705,360.3820183647331,0,0,0,0,365.4916863803267,382.03663529411773,382.03663529411773,360.37346386383615,370.099153284312,0,0,0,0,328.47415182556915,345.827741176471,345.827741176471,360.6537786355705,360.3820183647331,0,0,0,0,341.5872030653755,359.059811764706,359.059811764706,358.6177633374955,373.32041296298024,0,0,0,0,-2.0523701233967113,,,,,,,358.6177633374955,373.32041296298024,0,0,0,0,358.6177633374955,373.32041296298024,0,0,0,0,0
1644244200,358.62,361.05,354.97,357.42,86.00821840494203,68.80657472395363,129.01232760741306,,357.42,-10,-15,-10,-20,350.2016072598405,358.9167058823531,358.9167058823531,360.6537786355705,360.3820183647331,0,0,0,0,365.4916863803267,382.03663529411773,382.03663529411773,360.37346386383615,370.099153284312,0,0,0,0,329.0569714278423,345.99548235294185,345.99548235294185,360.6537786355705,360.3820183647331,0,0,0,0,341.5872030653755,359.059811764706,359.059811764706,358.6177633374955,373.32041296298024,0,0,0,0,-2.0523701233967113,,,,,,,358.6177633374955,373.32041296298024,0,0,0,0,358.6177633374955,373.32041296298024,0,0,0,0,0
1644258600,357.45,359.06,353.85,355.16,86.00821840494203,68.80657472395363,129.01232760741306,,355.16,-15,-15,-15,-25,352.39733751960887,360.4315529411768,360.4315529411768,360.6537786355705,360.3820183647331,0,0,0,0,365.4916863803267,382.03663529411773,382.03663529411773,360.37346386383615,370.099153284312,0,0,0,0,329.45920310323095,346.0215764705888,346.0215764705888,360.6537786355705,360.3820183647331,0,0,0,0,339.98851519894225,357.67656470588196,357.67656470588196,358.6177633374955,373.32041296298024,0,0,0,0,-2.0523701233967113,,,,,,,358.6177633374955,373.32041296298024,0,0,0,0,358.6177633374955,373.32041296298024,0,0,0,0,0
1644330600,353.96,359.785,352.81,358.05,88.99847929067707,71.19878343254166,133.4977189360156,,358.05,10,-15,10,10,353.81521157818986,361.67317647058843,369.531141362987,360.6537786355705,360.3820183647331,0,0,0,0,365.4916863803267,382.03663529411773,382.03663529411773,360.37346386383615,370.099153284312,0,0,0,0,330.4941354057795,346.48103529411776,346.48103529411776,360.6537786355705,360.3820183647331,0,0,0,0,339.98851519894225,357.67656470588196,357.67656470588196,358.6177633374955,373.32041296298024,0,0,0,0,-2.0523701233967113,,,,,,,358.6177633374955,373.32041296298024,0,0,0,0,358.6177633374955,373.32041296298024,0,0,0,0,0
1644345000,358.11,360.21,356.36,359.21,88.99847929067707,71.19878343254166,133.4977189360156,,359.21,5,-15,5,5,354.8893003548619,362.727223529412,370.5651467039621,360.6537786355705,360.3820183647331,0,0,0,0,363.60629596435706,380.3970352941174,380.3970352941174,360.37346386383615,370.099153284312,0,0,0,0,331.9242579870756,347.1891529411764,347.1891529411764,360.6537786355705,360.3820183647331,0,0,0,0,338.5216705817808,356.40338823529413,356.40338823529413,358.6177633374955,373.32041296298024,0,0,0,0,-2.0523701233967113,,,,,,,358.6177633374955,373.32041296298024,0,0,0,0,358.6177633374955,373.32041296298024,0,0,0,0,0
1644417000,363.76,365.57,362.15,365.18,89.43836095315415,71.55068876252332,134.15754142973122,,365.18,10,-15,10,10,356.06238311278344,364.14609411764735,372.22980512251127,360.6537786355705,360.3820183647331,0,0,0,0,363.60629596435706,380.3970352941174,380.3970352941174,360.37346386383615,370.099153284312,0,0,0,0,333.4424395761308,348.1785647058826,362.91468983563436,360.6537786355705,360.3820183647331,0,0,0,0,338.5216705817808,356.40338823529413,356.40338823529413,358.6177633374955,373.32041296298024,0,0,0,0,-2.0523701233967113,,,,,,,358.6177633374955,373.32041296298024,0,0,0,0,358.6177633374955,373.32041296298024,0,0,0,0,0
1644431400,365.18,366.8,364.47,366.77,89.43836095315415,71.55068876252332,134.15754142973122,,366.77,10,-20,10,25,356.9055939780048,364.80084705882365,372.6961001396425,361.922532091612,360.3820183647331,0,0,0,0,363.60629596435706,380.3970352941174,380.3970352941174,360.37346386383615,370.099153284312,0,0,0,0,335.34381792850763,349.43211764705933,363.520417365611,361.922532091612,360.3820183647331,0,0,0,0,338.37772778850854,356.13618823529396,373.8946486820794,358.6177633374955,373.32041296298024,0,0,0,0,-2.0523701233967113,,,,,,,358.6177633374955,373.32041296298024,0,0,0,0,358.6177633374955,373.32041296298024,0,0,0,0,0
1644503400,359.5,366.48,359.34,360.37,90.135010546088,72.1080084368704,135.202515819132,,360.37,10,-15,10,10,357.4156408261003,365.31188235294115,373.208123879782,361.922532091612,360.3820183647331,0,0,0,0,363.60629596435706,380.3970352941174,380.3970352941174,360.37346386383615,370.099153284312,0,0,0,0,336.4632519502582,350.0666588235294,350.0666588235294,361.922532091612,360.3820183647331,0,0,0,0,338.37772778850854,356.13618823529396,373.8946486820794,358.6177633374955,373.32041296298024,0,0,0,0,-2.0523701233967113,,,,,,,358.6177633374955,373.32041296298024,0,0,0,0,358.6177633374955,373.32041296298024,0,0,0,0,0
1644517800,360.38,361.47,356.55,358.45,90.135010546088,72.1080084368704,135.202515819132,,358.45,5,-15,5,5,357.20004982543134,364.7641176470588,364.7641176470588,361.922532091612,360.3820183647331,0,0,0,0,361.30678758330595,378.24461176470555,378.24461176470555,360.37346386383615,370.099153284312,0,0,0,0,336.97507331253695,350.32661176470594,350.32661176470594,361.922532091612,360.3820183647331,0,0,0,0,337.1868874368597,355.06727058823515,355.06727058823515,358.6177633374955,373.32041296298024,0,0,0,0,-2.0523701233967113,,,,,,,358.6177633374955,373.32041296298024,0,0,0,0,358.6177633374955,373.32041296298024,0,0,0,0,0
1644589800,358.43,360.04,353.1,353.1,88.29660820583752,70.63728656467002,132.44491230875627,,353.1,-20,-15,-20,-55,356.228262026007,363.47602352941175,363.47602352941175,359.7361217580231,360.3820183647331,0,0,0,0,361.30678758330595,378.24461176470555,378.24461176470555,360.37346386383615,370.099153284312,0,0,0,0,337.10785662769854,350.2413647058827,350.2413647058827,359.7361217580231,360.3820183647331,0,0,0,0,337.1868874368597,355.06727058823515,355.06727058823515,358.6177633374955,373.32041296298024,0,0,0,0,-17.05237012339671,,,,,,,358.6177633374955,373.32041296298024,0,0,0,0,358.6177633374955,373.32041296298024,0,0,0,0,0
1644604200,353.1,353.12,345.82,347.18,88.29660820583752,70.63728656467002,132.44491230875627,,347.18,-15,-15,-15,-40,354.1872861191561,361.62708235294116,361.62708235294116,353.05073763829546,360.3820183647331,0,0,0,0,361.30678758330595,378.24461176470555,378.24461176470555,360.37346386383615,370.099153284312,0,0,0,0,336.74212451553086,349.7550117647063,349.7550117647063,353.05073763829546,360.3820183647331,0,0,0,0,334.54884671226336,352.9307764705882,352.9307764705882,358.6177633374955,373.32041296298024,0,0,0,0,-17.05237012339671,,,,,,,358.6177633374955,373.32041296298024,0,0,0,0,358.6177633374955,373.32041296298024,0,0,0,0,0
1644849000,346.49,350.97,345.85,348.64,85.30025481379701,68.2402038510376,127.95038222069552,,348.64,-10,-15,-10,-20,352.2885792903628,359.4993882352939,359.4993882352939,353.05073763829546,360.3820183647331,0,0,0,0,361.30678758330595,378.24461176470555,378.24461176470555,360.37346386383615,370.099153284312,0,0,0,0,336.40348432525735,349.3280235294117,349.3280235294117,353.05073763829546,360.3820183647331,0,0,0,0,334.54884671226336,352.9307764705882,352.9307764705882,357.39407814726326,373.32041296298024,0,0,0,0,-17.113829653923723,,,,,,,357.39407814726326,373.32041296298024,0,0,0,0,357.39407814726326,373.32041296298024,0,0,0,0,0
1644863400,348.57,348.72,343.92,347.69,85.30025481379701,68.2402038510376,127.95038222069552,,347.69,-15,-20,-15,-40,350.0136714067038,356.98475294117674,356.98475294117674,352.3471719514618,360.3820183647331,0,0,0,0,357.955542882427,375.4146352941179,375.4146352941179,360.37346386383615,370.099153284312,0,0,0,0,336.0281959541049,348.8731529411768,348.8731529411768,352.3471719514618,360.3820183647331,0,0,0,0,332.24463234461365,351.03352941176456,351.03352941176456,355.0280725653159,373.32041296298024,0,0,0,0,-17.232662171838868,,,,,,,355.0280725653159,373.32041296298024,0,0,0,0,355.0280725653159,373.32041296298024,0,0,0,0,0
1644935400,352.91,355.09,351.82,354.37,86.28128064338831,69.02502451471065,129.42192096508248,,354.37,10,-15,10,0,349.0086902694889,355.2052000000004,355.2052000000004,352.3471719514618,360.3820183647331,0,0,0,0,357.955542882427,375.4146352941179,375.4146352941179,360.37346386383615,370.099153284312,0,0,0,0,336.0343649127934,348.7941647058822,348.7941647058822,352.3471719514618,360.3820183647331,0,0,0,0,332.24463234461365,351.03352941176456,351.03352941176456,355.0280725653159,373.32041296298024,0,0,0,0,-17.232662171838868,,,,,,,355.0280725653159,373.32041296298024,0,0,0,0,355.0280725653159,373.32041296298024,0,0,0,0,0
1644949800,354.4,356.37,353.68,356.24,86.28128064338831,69.02502451471065,129.42192096508248,,356.24,5,-15,5,-5,348.22587039794263,354.00727058823503,359.78867077852743,352.3471719514618,360.3820183647331,0,0,0,0,357.955542882427,375.4146352941179,375.4146352941179,360.37346386383615,370.099153284312,0,0,0,0,336.6597473574509,349.1478117647061,349.1478117647061,352.3471719514618,360.3820183647331,0,0,0,0,330.63847718897745,349.6357647058824,349.6357647058824,355.0280725653159,373.32041296298024,0,0,0,0,-17.232662171838868,,,,,,,355.0280725653159,373.32041296298024,0,0,0,0,355.0280725653159,373.32041296298024,0,0,0,0,0
1645021800,353.78,353.94,350.71,351.985,90.45011076195013,72.36008860956011,135.6751661429252,,351.985,10,-15,10,10,346.7750545098931,352.4134941176467,352.4134941176467,352.3471719514618,360.3820183647331,0,0,0,0,357.955542882427,375.4146352941179,375.4146352941179,360.37346386383615,370.099153284312,0,0,0,0,337.32069910674954,349.3994470588234,349.3994470588234,352.3471719514618,360.3820183647331,0,0,0,0,330.63847718897745,349.6357647058824,349.6357647058824,355.0280725653159,373.32041296298024,0,0,0,0,-17.232662171838868,,,,,,,355.0280725653159,373.32041296298024,0,0,0,0,355.0280725653159,373.32041296298024,0,0,0,0,0
1645036200,351.88,357.08,351.02,356.05,90.45011076195013,72.36008860956011,135.6751661429252,,356.05,10,-15,10,10,346.53046456771483,352.1761529411764,357.82184131463794,352.3471719514618,360.3820183647331,0,0,0,0,355.7215078665675,373.4508941176468,373.4508941176468,360.37346386383615,370.099153284312,0,0,0,0,338.5694722832541,350.0932000000002,350.0932000000002,352.3471719514618,360.3820183647331,0,0,0,0,329.25472963315644,348.41734117647036,348.41734117647036,355.0280725653159,373.32041296298024,0,0,0,0,-17.232662171838868,,,,,,,355.0280725653159,373.32041296298024,0,0,0,0,355.0280725653159,373.32041296298024,0,0,0,0,0
1645108200,352.74,353.45,348.47,348.88,89.03827687979594,71.23062150383676,133.55741531969392,,348.88,15,-15,15,15,345.40581383031264,351.2156823529408,351.2156823529408,352.3471719514618,360.3820183647331,0,0,0,0,355.7215078665675,373.4508941176468,373.4508941176468,360.37346386383615,370.099153284312,0,0,0,0,339.4422954976863,350.3604588235293,350.3604588235293,352.3471719514618,360.3820183647331,0,0,0,0,329.25472963315644,348.41734117647036,348.41734117647036,355.0280725653159,373.32041296298024,0,0,0,0,-17.232662171838868,,,,,,,355.0280725653159,373.32041296298024,0,0,0,0,355.0280725653159,373.32041296298024,0,0,0,0,0
1645122600,348.86,349.24,345.04,345.48,89.03827687979594,71.23062150383676,133.55741531969392,,345.48,-25,-20,-25,-40,343.73453483376346,349.86744705882325,349.86744705882325,350.51686064828476,360.3820183647331,0,0,0,0,355.7215078665675,373.4508941176468,373.4508941176468,360.37346386383615,370.099153284312,0,0,0,0,340.165591521922,350.45555294117617,350.45555294117617,350.51686064828476,360.3820183647331,0,0,0,0,327.53901776833516,346.9127999999998,346.9127999999998,355.0280725653159,373.32041296298024,0,0,0,0,-17.232662171838868,,,,,,,355.0280725653159,373.32041296298024,0,0,0,0,355.0280725653159,373.32041296298024,0,0,0,0,0
1645194600,346.41,346.8,339.15,339.8,82.1571411713353,65.72571293706824,123.23571175700295,,339.8,-10,-15,-10,-35,341.41995389294357,348.0809999999999,348.0809999999999,346.7979053548986,360.3820183647331,0,0,0,0,355.7215078665675,373.4508941176468,373.4508941176468,360.37346386383615,370.099153284312,0,0,0,0,339.9603484361054,349.9871176470589,349.9871176470589,346.7979053548986,360.3820183647331,0,0,0,0,327.53901776833516,346.9127999999998,346.9127999999998,352.95851934361235,373.32041296298024,0,0,0,0,-17.336605384048884,,,,,,,352.95851934361235,373.32041296298024,0,0,0,0,352.95851934361235,373.32041296298024,0,0,0,0,0
1645209000,339.73,344.91,339.63,341.58,82.1571411713353,65.72571293706824,123.23571175700295,,341.58,-15,-40,-40,-80,339.8665617471775,346.7423411764707,346.7423411764707,346.5707959437646,356.2845339217581,0,0,0,0,351.5733289748189,369.86122352941186,369.86122352941186,356.24544595432684,370.099153284312,0,0,0,0,339.7578052310734,349.5863529411761,349.5863529411761,346.5707959437646,356.2845339217581,0,0,0,0,325.692893723542,345.2967764705882,345.2967764705882,351.00576796192576,373.32041296298024,0,0,0,0,-18.828909246964464,,,,,,,351.00576796192576,373.32041296298024,0,0,0,0,351.00576796192576,373.32041296298024,0,0,0,0,0
1645540200,338.49,344.03,336.24,336.7,74.94160310269835,59.953282482158684,112.41240465404752,,336.7,-10,-25,-20,-60,338.0917142633421,345.20175294117666,345.20175294117666,343.45884956375625,356.2845339217581,0,0,0,0,351.5733289748189,369.86122352941186,369.86122352941186,356.24544595432684,370.099153284312,0,0,0,0,339.01431036763734,348.82556470588213,348.82556470588213,343.45884956375625,356.2845339217581,0,0,0,0,325.692893723542,345.2967764705882,345.2967764705882,350.2467845360739,373.32041296298024,0,0,0,0,-18.86702915345919,,,,,,,350.2467845360739,373.32041296298024,0,0,0,0,350.2467845360739,373.32041296298024,0,0,0,0,0
1645554600,336.97,341.7,334.39,338.09,74.94160310269835,59.953282482158684,112.41240465404752,,338.09,-15,-40,-40,-65,335.801778070184,343.3822235294116,343.3822235294116,343.45884956375625,353.5299243559183,0,0,0,0,351.5733289748189,369.86122352941186,369.86122352941186,353.48934267187485,370.099153284312,0,0,0,0,338.94861315578015,348.4299999999998,348.4299999999998,343.45884956375625,353.5299243559183,0,0,0,0,323.29761896957245,343.3159294117644,343.3159294117644,347.99487135492575,373.32041296298024,0,0,0,0,-19.910997904436233,,,,,,,347.99487135492575,373.32041296298024,0,0,0,0,347.99487135492575,373.32041296298024,0,0,0,0,0
1645626600,341.32,342.18,333.31,333.375,77.45962419072133,61.967699352577064,116.18943628608199,,333.375,-10,-25,-20,-60,332.23035831774337,340.6463058823533,340.6463058823533,342.4935972613088,353.5299243559183,0,0,0,0,351.5733289748189,369.86122352941186,369.86122352941186,353.48934267187485,370.099153284312,0,0,0,0,337.7804191184325,347.42524705882323,347.42524705882323,342.4935972613088,353.5299243559183,0,0,0,0,323.29761896957245,343.3159294117644,343.3159294117644,347.99487135492575,373.32041296298024,0,0,0,0,-19.910997904436233,,,,,,,347.99487135492575,373.32041296298024,0,0,0,0,347.99487135492575,373.32041296298024,0,0,0,0,0
1645641000,333.57,334.7,329.11,329.41,77.45962419072133,61.967699352577064,116.18943628608199,,329.41,-40,-45,-70,-80,328.27242322776686,337.6528470588236,337.6528470588236,335.78662212837344,351.92957261620984,0,0,0,0,345.9819282344909,365.2995999999999,365.2995999999999,351.897246766741,370.099153284312,0,0,0,0,336.2204656855565,346.17131764705886,346.17131764705886,335.78662212837344,351.92957261620984,0,0,0,0,320.3839520475964,340.9648000000001,340.9648000000001,341.1153227499105,373.32041296298024,0,0,0,0,-20.79424904356685,,,,,,,341.1153227499105,373.32041296298024,0,0,0,0,341.1153227499105,373.32041296298024,0,0,0,0,0
1645713000,318.84,330.77,318.4,328.82,75.41146769591309,60.329174156730474,113.11720154386964,,328.82,-20,-25,-35,-60,324.74712153449593,334.924305882353,334.924305882353,335.3423425494649,351.92957261620984,0,0,0,0,345.9819282344909,365.2995999999999,365.2995999999999,351.897246766741,370.099153284312,0,0,0,0,334.8429263184128,345.01136470588244,345.01136470588244,335.3423425494649,351.92957261620984,0,0,0,0,320.3839520475964,340.9648000000001,340.9648000000001,337.6106568392026,373.32041296298024,0,0,0,0,-20.970270722382175,,,,,,,337.6106568392026,373.32041296298024,0,0,0,0,337.6106568392026,373.32041296298024,0,0,0,0,0
1645727400,328.81,341.03,328.81,340.62,75.41146769591309,60.329174156730474,113.11720154386964,,340.62,-5,-40,-35,-45,323.5583753054543,333.84592941176516,333.84592941176516,335.3423425494649,351.717531715052,0,0,0,0,345.9819282344909,365.2995999999999,365.2995999999999,351.6695862834023,370.099153284312,0,0,0,0,334.55931701719237,344.6565176470587,344.6565176470587,335.3423425494649,351.717531715052,0,0,0,0,318.6005611975704,339.404611764706,339.404611764706,337.6106568392026,373.32041296298024,0,0,0,0,-21.047162442249135,,,,,,,337.6106568392026,373.32041296298024,0,0,0,0,337.6106568392026,373.32041296298024,0,0,0,0,0
1645799400,341.31,345.74,337.42,343.95,77.65089599324078,62.120716794592624,116.47634398986116,,343.95,0,-15,-15,15,323.41788209362056,333.649411764706,343.8809414357914,337.28964635684963,351.717531715052,0,0,0,0,345.9819282344909,365.2995999999999,365.2995999999999,351.6695862834023,370.099153284312,0,0,0,0,334.97783272357555,344.77884705882366,344.77884705882366,337.28964635684963,351.717531715052,0,0,0,0,318.6005611975704,339.404611764706,339.404611764706,337.6106568392026,373.32041296298024,0,0,0,0,-21.047162442249135,,,,,,,337.6106568392026,373.32041296298024,0,0,0,0,337.6106568392026,373.32041296298024,0,0,0,0,0
1645813800,343.99,345.97,342.96,345.87,77.65089599324078,62.120716794592624,116.47634398986116,,345.87,-5,-55,-20,10,323.801865408949,333.8805882352942,343.9593110616394,339.5935216036101,351.717531715052,0,0,0,0,342.3453796951998,361.8610588235294,361.8610588235294,351.6695862834023,370.099153284312,0,0,0,0,335.038173056113,344.75830588235283,344.75830588235283,339.5935216036101,351.717531715052,0,0,0,0,317.2914513424213,338.2138117647062,338.2138117647062,337.6106568392026,363.72999519563933,0,0,0,0,-20.600073333575345,,,,,,,337.6106568392026,363.72999519563933,0,0,0,0,337.6106568392026,363.72999519563933,0,0,0,0,0
1646058600,342.51,348.54,342.16,344.33,76.3337754968283,61.06702039746264,114.50066324524244,,344.33,15,-40,15,25,324.5581708606251,334.4175529411766,344.2769350217281,339.5935216036101,351.717531715052,0,0,0,0,342.3453796951998,361.8610588235294,361.8610588235294,351.6695862834023,370.099153284312,0,0,0,0,334.6820350321207,344.42327058823497,344.42327058823497,339.5935216036101,351.717531715052,0,0,0,0,317.2914513424213,338.2138117647062,338.2138117647062,337.6106568392026,363.72999519563933,0,0,0,0,-20.600073333575345,,,,,,,337.6106568392026,363.72999519563933,0,0,0,0,337.6106568392026,363.72999519563933,0,0,0,0,0
1646073000,344.24,347.28,341.35,347.15,76.3337754968283,61.06702039746264,114.50066324524244,,347.15,10,-45,10,20,326.2634339180769,335.499576470588,344.73571902309914,339.5935216036101,351.717531715052,0,0,0,0,342.3453796951998,361.8610588235294,361.8610588235294,351.6695862834023,370.099153284312,0,0,0,0,334.40280515260474,344.15745882352917,353.9121124944536,339.5935216036101,351.717531715052,0,0,0,0,316.77704045451094,337.5568235294121,337.5568235294121,337.6106568392026,363.72999519563933,0,0,0,0,-19.76353712303352,,,,,,,337.6106568392026,363.72999519563933,0,0,0,0,337.6106568392026,363.72999519563933,0,0,0,0,0
1646145000,345.75,348.05,340.77,340.81,87.59674256805988,70.07739405444791,131.39511385208982,,340.81,15,-40,15,40,328.0912679277465,336.47075294117644,336.47075294117644,339.9895364408602,351.717531715052,0,0,0,0,342.3453796951998,361.8610588235294,361.8610588235294,351.6695862834023,370.099153284312,0,0,0,0,333.226098381783,342.97578823529426,342.97578823529426,339.9895364408602,351.717531715052,0,0,0,0,316.77704045451094,337.5568235294121,337.5568235294121,337.6106568392026,363.72999519563933,0,0,0,0,-19.76353712303352,,,,,,,337.6106568392026,363.72999519563933,0,0,0,0,337.6106568392026,363.72999519563933,0,0,0,0,0
1646159400,340.78,343.84,338.9,341.48,87.59674256805988,70.07739405444791,131.39511385208982,,341.48,10,-40,10,20,329.3042682796343,337.06049411764695,337.06049411764695,339.9895364408602,351.717531715052,0,0,0,0,338.38630528241566,358.38830588235265,358.38830588235265,351.6695862834023,370.099153284312,0,0,0,0,332.53852983186346,342.365576470588,342.365576470588,339.9895364408602,351.717531715052,0,0,0,0,315.2503876628824,336.19736470588253,336.19736470588253,337.6106568392026,363.72999519563933,0,0,0,0,-19.205017211951457,,,,,,,337.6106568392026,363.72999519563933,0,0,0,0,337.6106568392026,363.72999519563933,0,0,0,0,0
1646231400,343.08,347.78,340.26,347.15,90.17152297747135,72.13721838197709,135.25728446620704,,347.15,15,-15,15,30,331.09723487923293,338.35327058823526,345.6093062972376,340.47096201310524,351.717531715052,0,0,0,0,338.38630528241566,358.38830588235265,358.38830588235265,351.6695862834023,370.099153284312,0,0,0,0,332.0890229597122,341.9020705882351,351.715118216758,340.47096201310524,351.717531715052,0,0,0,0,315.2503876628824,336.19736470588253,336.19736470588253,337.6106568392026,363.72999519563933,0,0,0,0,-19.205017211951457,,,,,,,337.6106568392026,363.72999519563933,0,0,0,0,337.6106568392026,363.72999519563933,0,0,0,0,0
1646245800,347.35,348.53,346.55,347.23,90.17152297747135,72.13721838197709,135.25728446620704,,347.23,10,-15,10,35,332.5709361567332,339.5821176470591,346.593299137385,343.0528192868101,351.717531715052,0,0,0,0,338.38630528241566,358.38830588235265,358.38830588235265,351.6695862834023,370.099153284312,0,0,0,0,331.62546324832675,341.4173411764704,351.2092191046141,343.0528192868101,351.717531715052,0,0,0,0,314.32524826549945,335.31232941176506,335.31232941176506,340.0746022927736,363.72999519563933,0,0,0,0,-18.755367046627285,,,,,,,340.0746022927736,363.72999519563933,0,0,0,0,340.0746022927736,363.72999519563933,0,0,0,0,0
1646317800,350.01,350.04,342.21,345.76,89.1174406773578,71.29395254188624,133.6761610160367,,345.76,15,-15,15,25,332.9199868812255,339.90590588235324,346.891824883481,343.0528192868101,351.717531715052,0,0,0,0,338.38630528241566,358.38830588235265,358.38830588235265,351.6695862834023,370.099153284312,0,0,0,0,331.34137326636954,341.14865882352944,341.14865882352944,343.0528192868101,351.717531715052,0,0,0,0,314.32524826549945,335.31232941176506,335.31232941176506,340.0746022927736,363.72999519563933,0,0,0,0,-18.755367046627285,,,,,,,340.0746022927736,363.72999519563933,0,0,0,0,340.0746022927736,363.72999519563933,0,0,0,0,0
1646332200,345.77,345.77,340.35,342.28,89.1174406773578,71.29395254188624,133.6761610160367,,342.28,10,-20,10,20,333.1236857734578,340.0383058823531,340.0383058823531,343.0528192868101,351.717531715052,0,0,0,0,334.61006414207907,355.0777176470587,355.0777176470587,351.6695862834023,370.099153284312,0,0,0,0,330.44322624675897,340.2855529411763,340.2855529411763,343.0528192868101,351.717531715052,0,0,0,0,312.79466760363516,333.9620470588234,333.9620470588234,340.0746022927736,363.72999519563933,0,0,0,0,-18.709232014707105,,,,,,,340.0746022927736,363.72999519563933,0,0,0,0,340.0746022927736,363.72999519563933,0,0,0,0,0
1646404200,339.85,341.31,334.92,338.13,86.10927808978181,68.88742247182545,129.16391713467272,,338.13,15,-15,15,25,332.26345378261243,339.2708000000001,339.2708000000001,343.0528192868101,351.717531715052,0,0,0,0,334.61006414207907,355.0777176470587,355.0777176470587,351.6695862834023,370.099153284312,0,0,0,0,329.050257237969,338.9556705882353,338.9556705882353,343.0528192868101,351.717531715052,0,0,0,0,312.79466760363516,333.9620470588234,333.9620470588234,340.0746022927736,363.72999519563933,0,0,0,0,-18.709232014707105,,,,,,,340.0746022927736,363.72999519563933,0,0,0,0,340.0746022927736,363.72999519563933,0,0,0,0,0
1646418600,338.11,339.29,335.12,337.35,86.10927808978181,68.88742247182545,129.16391713467272,,337.35,10,-30,-5,-20,332.32470594822803,339.1053176470589,339.1053176470589,342.04032950105284,351.16797838618453,0,0,0,0,334.61006414207907,355.0777176470587,355.0777176470587,351.13498800975293,370.099153284312,0,0,0,0,327.586547059925,337.57559999999995,337.57559999999995,342.04032950105284,351.16797838618453,0,0,0,0,311.37987758094056,332.6578588235294,332.6578588235294,340.0746022927736,363.72999519563933,0,0,0,0,-18.889791153016816,,,,,,,340.0746022927736,363.72999519563933,0,0,0,0,340.0746022927736,363.72999519563933,0,0,0,0,0
1646663400,337.33,338.47,328.38,328.69,77.7945900427124,62.23567203416992,116.6918850640686,,328.69,-20,-15,-20,-45,331.5734491452034,338.25077647058845,338.25077647058845,336.9219167636629,351.16797838618453,0,0,0,0,334.61006414207907,355.0777176470587,355.0777176470587,351.13498800975293,370.099153284312,0,0,0,0,325.32441617792335,335.75032941176505,335.75032941176505,336.9219167636629,351.16797838618453,0,0,0,0,311.37987758094056,332.6578588235294,332.6578588235294,340.0746022927736,363.72999519563933,0,0,0,0,-18.889791153016816,,,,,,,340.0746022927736,363.72999519563933,0,0,0,0,340.0746022927736,363.72999519563933,0,0,0,0,0
1646677800,328.65,329.89,324.65,324.8,77.7945900427124,62.23567203416992,116.6918850640686,,324.8,-30,-40,-40,-80,329.6331002349776,336.66248235294137,336.66248235294137,331.3599180258114,348.6216942157428,0,0,0,0,328.7526184395519,350.2997411764707,350.2997411764707,348.5803460090563,370.099153284312,0,0,0,0,322.8817668675038,333.87945882352955,333.87945882352955,331.3599180258114,348.6216942157428,0,0,0,0,309.1055801349556,330.69948235294123,330.69948235294123,336.4362531451898,363.72999519563933,0,0,0,0,-19.94016874716549,,,,,,,336.4362531451898,363.72999519563933,0,0,0,0,336.4362531451898,363.72999519563933,0,0,0,0,0
1646749800,324.05,333.17,319.96,329.73,76.94395671976535,61.55516537581229,115.41593507964802,,329.73,-10,-25,-20,-60,328.7431191225815,335.65777647058866,335.65777647058866,330.57563816682483,348.6216942157428,0,0,0,0,328.7526184395519,350.2997411764707,350.2997411764707,348.5803460090563,370.099153284312,0,0,0,0,321.5220053520748,332.75880000000024,332.75880000000024,330.57563816682483,348.6216942157428,0,0,0,0,309.1055801349556,330.69948235294123,330.69948235294123,336.4362531451898,363.72999519563933,0,0,0,0,-19.94016874716549,,,,,,,336.4362531451898,363.72999519563933,0,0,0,0,336.4362531451898,363.72999519563933,0,0,0,0,0
1646764200,329.78,329.78,323.2,323.27,76.94395671976535,61.55516537581229,115.41593507964802,,323.27,-15,-45,-80,-65,326.99202270581907,334.18443529411786,334.18443529411786,330.57563816682483,343.575144628904,0,0,0,0,328.7526184395519,350.2997411764707,350.2997411764707,343.50174986555226,370.099153284312,0,0,0,0,319.7617595484064,331.35701176470604,331.35701176470604,330.57563816682483,343.575144628904,0,0,0,0,307.1251285103378,328.90522352941207,328.90522352941207,336.4362531451898,363.72999519563933,0,0,0,0,-21.655451023021797,,,,,,,336.4362531451898,363.72999519563933,0,0,0,0,336.4362531451898,363.72999519563933,0,0,0,0,0
1646836200,331.75,335.26,329.12,334.89,78.47105765773067,62.77684612618454,117.706586486596,,334.89,10,-25,-25,-25,326.8522941782631,333.96674117647063,341.0811881746782,330.57563816682483,343.575144628904,0,0,0,0,328.7526184395519,350.2997411764707,350.2997411764707,343.50174986555226,370.099153284312,0,0,0,0,319.42673086328523,330.9531999999995,330.9531999999995,330.57563816682483,343.575144628904,0,0,0,0,307.1251285103378,328.90522352941207,328.90522352941207,336.4362531451898,363.72999519563933,0,0,0,0,-21.655451023021797,,,,,,,336.4362531451898,363.72999519563933,0,0,0,0,336.4362531451898,363.72999519563933,0,0,0,0,0
1646850600,334.91,336.3,333.08,335.06,78.47105765773067,62.77684612618454,117.706586486596,,335.06,-15,-25,-25,-15,326.7035161814914,333.8062941176468,340.9090720538022,330.57563816682483,343.575144628904,0,0,0,0,324.50386339877366,346.7638823529414,346.7638823529414,343.50174986555226,370.099153284312,0,0,0,0,319.3605854166057,330.71785882352947,330.71785882352947,330.57563816682483,343.575144628904,0,0,0,0,307.1648744977959,328.4502823529413,328.4502823529413,336.4362531451898,363.72999519563933,0,0,0,0,-21.655451023021797,,,,,,,336.4362531451898,363.72999519563933,0,0,0,0,336.4362531451898,363.72999519563933,0,0,0,0,0
1646922600,330.82,331.9,326.71,328.575,85.07464330834881,68.05971464667905,127.61196496252322,,328.575,0,-25,-25,-15,325.2651152271578,332.58724705882366,332.58724705882366,330.57563816682483,343.575144628904,0,0,0,0,324.50386339877366,346.7638823529414,346.7638823529414,343.50174986555226,370.099153284312,0,0,0,0,318.849121461099,330.1118470588234,330.1118470588234,330.57563816682483,343.575144628904,0,0,0,0,307.1648744977959,328.4502823529413,328.4502823529413,336.4362531451898,363.72999519563933,0,0,0,0,-21.655451023021797,,,,,,,336.4362531451898,363.72999519563933,0,0,0,0,336.4362531451898,363.72999519563933,0,0,0,0,0
1646937000,328.52,332.51,328.35,331.415,85.07464330834881,68.05971464667905,127.61196496252322,,331.415,0,-40,-40,-30,324.2926021101821,331.70521176470567,331.70521176470567,330.57563816682483,342.9029563381876,0,0,0,0,324.50386339877366,346.7638823529414,346.7638823529414,342.879161873869,370.099153284312,0,0,0,0,318.89914698753944,329.8752823529409,329.8752823529409,330.57563816682483,342.9029563381876,0,0,0,0,306.9326677451198,327.7928470588235,327.7928470588235,336.4362531451898,363.72999519563933,0,0,0,0,-21.865728453461152,,,,,,,336.4362531451898,363.72999519563933,0,0,0,0,336.4362531451898,363.72999519563933,0,0,0,0,0
1647009000,334.31,334.64,326.86,329.05,79.87943041096015,63.90354432876813,119.81914561644024,,329.05,5,-15,15,15,323.0796028915598,330.6422705882354,330.6422705882354,330.57563816682483,342.9029563381876,0,0,0,0,324.50386339877366,346.7638823529414,346.7638823529414,342.879161873869,370.099153284312,0,0,0,0,318.0749998580644,329.1263647058825,329.1263647058825,330.57563816682483,342.9029563381876,0,0,0,0,306.9326677451198,327.7928470588235,327.7928470588235,336.4362531451898,363.72999519563933,0,0,0,0,-21.865728453461152,,,,,,,336.4362531451898,363.72999519563933,0,0,0,0,336.4362531451898,363.72999519563933,0,0,0,0,0
1647023400,329.08,329.63,323.9,324.39,79.87943041096015,63.90354432876813,119.81914561644024,,324.39,-50,-60,-65,-40,320.82733955013146,328.70141176470634,328.70141176470634,330.53782390112343,342.9029563381876,0,0,0,0,319.35431759440144,342.72098823529376,342.72098823529376,342.879161873869,370.099153284312,0,0,0,0,316.5643927236688,327.90038823529414,327.90038823529414,330.53782390112343,342.9029563381876,0,0,0,0,306.23140406579915,326.7650823529412,326.7650823529412,336.4362531451898,356.1119856533829,0,0,0,0,-21.386387883686712,,,,,,,336.4362531451898,356.1119856533829,0,0,0,0,336.4362531451898,356.1119856533829,0,0,0,0,0
1647264600,323.13,326.59,318.21,318.31,76.49697278453814,61.197578227630515,114.74545917680722,,318.31,-10,-40,-35,-35,317.46492443516536,325.8432000000001,325.8432000000001,327.87496040454005,342.9029563381876,0,0,0,0,319.35431759440144,342.72098823529376,342.72098823529376,342.879161873869,370.099153284312,0,0,0,0,314.7717830398568,326.47565882352944,326.47565882352944,327.87496040454005,342.9029563381876,0,0,0,0,306.23140406579915,326.7650823529412,326.7650823529412,333.5981720531549,356.1119856533829,0,0,0,0,-21.53581846344667,,,,,,,333.5981720531549,356.1119856533829,0,0,0,0,333.5981720531549,356.1119856533829,0,0,0,0,0
1647279000,318.31,319.93,317.46,318.23,76.49697278453814,61.197578227630515,114.74545917680722,,318.23,-15,-55,-65,-80,313.6697523857143,322.6217176470591,322.6217176470591,323.3866750426902,336.9164776589475,0,0,0,0,319.35431759440144,342.72098823529376,342.72098823529376,336.8952467177748,370.099153284312,0,0,0,0,313.0874832614501,325.11401176470594,325.11401176470594,323.3866750426902,336.9164776589475,0,0,0,0,305.0349535676736,325.38710588235307,325.38710588235307,326.614016906501,356.1119856533829,0,0,0,0,-23.406905285767262,,,,,,,326.614016906501,356.1119856533829,0,0,0,0,326.614016906501,356.1119856533829,0,0,0,0,0
1647351000,320.88,326.91,319.24,324.16,80.36352493461047,64.29081994768838,120.5452874019157,,324.16,-10,-40,-45,-45,312.12906763824833,321.2783294117647,321.2783294117647,323.3866750426902,336.9164776589475,0,0,0,0,319.35431759440144,342.72098823529376,342.72098823529376,336.8952467177748,370.099153284312,0,0,0,0,312.1790432857491,324.2831882352943,324.2831882352943,323.3866750426902,336.9164776589475,0,0,0,0,305.0349535676736,325.38710588235307,325.38710588235307,326.614016906501,356.1119856533829,0,0,0,0,-23.406905285767262,,,,,,,326.614016906501,356.1119856533829,0,0,0,0,326.614016906501,356.1119856533829,0,0,0,0,0
1647365400,324.17,328.94,323.41,328.16,80.36352493461047,64.29081994768838,120.5452874019157,,328.16,-15,-40,-25,-15,311.9289430932769,320.9736000000006,330.0182569067243,323.5028124767213,336.9164776589475,0,0,0,0,314.93692873066493,339.17599999999953,339.17599999999953,336.8952467177748,370.099153284312,0,0,0,0,311.6495580709919,323.7508117647059,323.7508117647059,323.5028124767213,336.9164776589475,0,0,0,0,305.0467833571167,324.87741176470576,324.87741176470576,326.614016906501,356.1119856533829,0,0,0,0,-22.377735920253482,,,,,,,326.614016906501,356.1119856533829,0,0,0,0,326.614016906501,356.1119856533829,0,0,0,0,0
1647437400,332.17,338.13,332.01,333.91,79.70244223828885,63.76195379063108,119.55366335743328,,333.91,0,-25,0,0,313.28732985857107,322.057411764706,330.8274936708409,328.81329239064235,336.9164776589475,0,0,0,0,314.93692873066493,339.17599999999953,339.17599999999953,336.8952467177748,370.099153284312,0,0,0,0,311.93972640029244,323.84403529411804,335.74834418794364,328.81329239064235,336.9164776589475,0,0,0,0,305.0467833571167,324.87741176470576,324.87741176470576,326.614016906501,356.1119856533829,0,0,0,0,-22.377735920253482,,,,,,,326.614016906501,356.1119856533829,0,0,0,0,326.614016906501,356.1119856533829,0,0,0,0,0
1647451800,333.92,340.44,328.41,340.39,79.70244223828885,63.76195379063108,119.55366335743328,,340.39,5,-15,5,15,315.3890996578716,323.8676235294117,332.34614740095174,331.9606449694824,336.9164776589475,0,0,0,0,314.93692873066493,339.17599999999953,339.17599999999953,336.8952467177748,370.099153284312,0,0,0,0,312.9320824942076,324.5436117647061,336.1551410352046,331.9606449694824,336.9164776589475,0,0,0,0,306.8694680888616,325.6298823529406,325.6298823529406,326.614016906501,356.1119856533829,0,0,0,0,-22.377735920253482,,,,,,,326.614016906501,356.1119856533829,0,0,0,0,326.614016906501,356.1119856533829,0,0,0,0,0
1647523800,338.38,342.4,337.08,342.28,83.3673355510077,66.69386844080616,125.05100332651155,,342.28,5,-10,15,40,317.71030573412315,325.96741176470607,334.224517795289,333.864739795115,336.9164776589475,0,0,0,0,314.93692873066493,339.17599999999953,339.17599999999953,336.8952467177748,370.099153284312,0,0,0,0,314.60649634155294,325.673023529412,336.739550717271,333.864739795115,336.9164776589475,0,0,0,0,306.8694680888616,325.6298823529406,325.6298823529406,329.8964539528443,356.1119856533829,0,0,0,0,-22.204909121104848,,,,,,,329.8964539528443,356.1119856533829,0,0,0,0,329.8964539528443,356.1119856533829,0,0,0,0,0
1647538200,342.29,344.47,341.66,344.36,83.3673355510077,66.69386844080616,125.05100332651155,,344.36,5,-10,15,60,320.0291391242495,328.30941176470606,336.5896844051626,338.1525562519103,336.9164776589475,0,0,0,0,312.3987742804334,336.9708705882349,336.9708705882349,336.8952467177748,370.099153284312,0,0,0,0,316.67364538229396,327.08142352941184,337.4892016765297,338.1525562519103,336.9164776589475,0,0,0,0,308.8700965047044,326.6382352941178,344.4063740835312,334.78885009906975,356.1119856533829,0,0,0,0,-6.821148334547513,,,,,,,334.78885009906975,356.1119856533829,0,0,1,0,334.78885009906975,356.1119856533829,0,0,0,0,0
1647610200,342.75,349.2,341.58,349.14,82.99152045421059,66.39321636336847,124.48728068131588,,349.14,10,-10,10,35,322.5569220237381,331.20089411764707,339.84486621155605,342.3352653396574,336.9164776589475,0,0,0,0,312.3987742804334,336.9708705882349,336.9708705882349,336.8952467177748,370.099153284312,0,0,0,0,318.5856794248998,328.6577058823533,338.7297323398068,342.3352653396574,336.9164776589475,0,0,0,0,308.8700965047044,326.6382352941178,344.4063740835312,334.78885009906975,356.1119856533829,0,0,0,0,-6.821148334547513,,,,,,,334.78885009906975,356.1119856533829,0,0,0,0,334.78885009906975,356.1119856533829,0,0,0,0,0
1647624600,349.16,351.78,348.45,351.38,82.99152045421059,66.39321636336847,124.48728068131588,,351.38,15,-10,15,40,325.93910278539323,334.9132470588234,343.88739133225357,346.50515225715355,336.9164776589475,0,0,0,0,312.3987742804334,336.9708705882349,336.9708705882349,336.8952467177748,370.099153284312,0,0,0,0,320.50768048915046,330.35754117647036,340.20740186379027,346.50515225715355,336.9164776589475,0,0,0,0,310.65048250336855,327.829223529412,345.00796455545543,341.78212074868765,356.1119856533829,0,0,0,0,-6.452938810681716,,,,,,,341.78212074868765,356.1119856533829,0,0,0,0,341.78212074868765,356.1119856533829,0,0,0,0,0
1647869400,350.2,352.48,345.58,346.31,83.66135190655811,66.92908152524649,125.49202785983717,,346.31,10,-10,10,20,329.2514917822151,338.3311764705882,347.4108611589613,346.50515225715355,336.9164776589475,0,0,0,0,312.3987742804334,336.9708705882349,336.9708705882349,336.8952467177748,370.099153284312,0,0,0,0,321.76343068530326,331.4663411764711,341.1692516676389,346.50515225715355,336.9164776589475,0,0,0,0,310.65048250336855,327.829223529412,345.00796455545543,341.78212074868765,356.1119856533829,0,0,0,0,-6.452938810681716,,,,,,,341.78212074868765,356.1119856533829,0,0,0,0,341.78212074868765,356.1119856533829,0,0,0,0,0
1647883800,346.27,350.18,346.26,350.14,83.66135190655811,66.92908152524649,125.49202785983717,,350.14,20,-15,20,30,332.2604514300114,341.60472941176454,350.94900739351766,346.50515225715355,336.9164776589475,0,0,0,0,310.71884979843173,335.4742588235292,335.4742588235292,336.8952467177748,370.099153284312,0,0,0,0,322.89056639151215,332.65170588235304,342.41284537319393,346.50515225715355,336.9164776589475,0,0,0,0,312.4232555882417,328.977105882353,345.53095617646426,341.78212074868765,356.1119856533829,0,0,0,0,-5.240307998845463,,,,,,,341.78212074868765,356.1119856533829,0,0,0,0,341.78212074868765,356.1119856533829,0,0,0,0,0
1647955800,350.59,357.67,350.2,355.79,83.14744423946573,66.51795539157258,124.72116635919859,,355.79,15,10,15,40,335.497957857148,345.7166588235291,355.9353597899102,350.7410264618164,336.9164776589475,0,0,0,0,310.71884979843173,335.4742588235292,335.4742588235292,336.8952467177748,370.099153284312,0,0,0,0,324.37706774767815,334.3272117647063,344.27735578173446,350.7410264618164,336.9164776589475,0,0,0,0,312.4232555882417,328.977105882353,345.53095617646426,343.63850192597187,356.1119856533829,0,0,0,0,-5.142565860202709,,,,,,,343.63850192597187,356.1119856533829,0,0,0,0,343.63850192597187,356.1119856533829,0,0,0,0,0
1647970200,355.82,357.85,355.43,356.96,83.14744423946573,66.51795539157258,124.72116635919859,,356.96,20,35,45,85,338.1984290013632,349.2922117647058,360.38599452804846,352.44578302064775,340.32571982983984,0,0,0,0,310.71884979843173,335.4742588235292,335.4742588235292,340.35436264936163,370.099153284312,0,0,0,0,325.84975591592604,336.03874117647086,346.2277264370157,352.44578302064775,340.32571982983984,0,0,0,0,314.5090043090717,330.5726588235292,346.6363133379867,349.16432321697386,356.1119856533829,0,0,0,0,-3.683313283850158,,,,,,,349.16432321697386,356.1119856533829,0,0,0,0,349.16432321697386,356.1119856533829,0,0,0,0,0
1648042200,354.07,357.65,352.26,353.27,85.93607022408565,68.74885617926853,128.90410533612848,,353.27,15,-10,25,50,340.6227816809113,352.34807058823566,364.07335949556,352.44578302064775,340.32571982983984,0,0,0,0,310.71884979843173,335.4742588235292,335.4742588235292,340.35436264936163,370.099153284312,0,0,0,0,327.55126428020844,337.7091411764705,347.86701807273255,352.44578302064775,340.32571982983984,0,0,0,0,314.5090043090717,330.5726588235292,346.6363133379867,349.16432321697386,356.1119856533829,0,0,0,0,-3.683313283850158,,,,,,,349.16432321697386,356.1119856533829,0,0,1,0,349.16432321697386,356.1119856533829,0,0,0,0,0
1648056600,353.25,354.49,351.77,351.84,85.93607022408565,68.74885617926853,128.90410533612848,,351.84,20,15,45,70,342.2817505298359,354.3580235294119,366.43429652898794,352.44578302064775,342.1803112705656,0,0,0,0,309.5326411734961,334.38585882352925,359.2390764735624,342.2076224601215,370.099153284312,0,0,0,0,329.31582768518587,339.34589411764733,349.3759605501088,352.44578302064775,342.1803112705656,0,0,0,0,316.32644856285344,331.8337647058819,347.34108084891034,349.16432321697386,356.1119856533829,0,0,0,0,-3.0573797352612893,,,,,,,349.16432321697386,356.1119856533829,0,0,0,0,349.16432321697386,356.1119856533829,0,0,0,0,0
1648128600,353.8,357.21,351.6,356.75,87.0233286275215,69.61866290201719,130.53499294128224,,356.75,15,20,25,50,343.98497241985996,356.40934117647043,368.8337099330809,352.44578302064775,342.1803112705656,0,0,0,0,309.5326411734961,334.38585882352925,359.2390764735624,342.2076224601215,370.099153284312,0,0,0,0,331.0326051409055,341.204047058824,351.37548897674253,352.44578302064775,342.1803112705656,0,0,0,0,316.32644856285344,331.8337647058819,347.34108084891034,349.16432321697386,356.1119856533829,0,0,0,0,-3.0573797352612893,,,,,,,349.16432321697386,356.1119856533829,0,0,0,0,349.16432321697386,356.1119856533829,0,0,0,0,0
1648143000,356.76,359.7,356.31,359.59,87.0233286275215,69.61866290201719,130.53499294128224,,359.59,20,20,30,60,345.7818752578891,358.54750588235294,371.31313650681676,354.47126406313623,342.1803112705656,0,0,0,0,309.5326411734961,334.38585882352925,359.2390764735624,342.2076224601215,370.099153284312,0,0,0,0,333.1357023842555,343.4341058823534,353.73250938045123,354.47126406313623,342.1803112705656,0,0,0,0,319.2806397335342,333.99701176470575,348.7133837958773,350.56167157954997,356.1119856533829,0,0,0,0,-2.98380658172019,,,,,,,350.56167157954997,356.1119856533829,0,0,0,0,350.56167157954997,356.1119856533829,0,0,0,0,0
1648215000,359.55,360.63,354.96,356.92,89.28632702813984,71.42906162251187,133.92949054220975,,356.92,15,10,15,15,347.0641155044086,359.8305411764709,372.59696684853316,354.47126406313623,342.1803112705656,0,0,0,0,309.5326411734961,334.38585882352925,359.2390764735624,342.2076224601215,370.099153284312,0,0,0,0,334.6574256076305,345.1617176470592,355.66600968648794,354.47126406313623,342.1803112705656,0,0,0,0,319.2806397335342,333.99701176470575,348.7133837958773,350.56167157954997,356.1119856533829,0,0,0,0,-2.98380658172019,,,,,,,350.56167157954997,356.1119856533829,0,0,0,0,350.56167157954997,356.1119856533829,0,0,0,0,0
1648229400,356.97,359.47,356.28,359.29,89.28632702813984,71.42906162251187,133.92949054220975,,359.29,20,35,45,60,348.71854136752165,361.8033411764708,374.8881409854199,354.47126406313623,345.7284760445183,0,0,0,0,309.283078316543,334.08597647058787,358.8888746246327,345.7726438559211,370.099153284312,0,0,0,0,336.08830261674046,346.91843529411796,357.74856797149545,354.47126406313623,345.7284760445183,0,0,0,0,322.48660711918893,336.25974117647036,350.0328752337518,350.71960457624454,356.1119856533829,0,0,0,0,-1.7714146476766204,,,,,,,350.71960457624454,356.1119856533829,0,0,0,0,350.71960457624454,356.1119856533829,0,0,0,0,0
1648474200,359.34,363.19,358.08,361.41,95.16109930072719,76.12887944058176,142.74164895109078,,361.41,15,20,25,55,350.6865244578509,364.2305647058824,377.77460495391387,355.8338321975108,345.7284760445183,0,0,0,0,309.283078316543,334.08597647058787,358.8888746246327,345.7726438559211,370.099153284312,0,0,0,0,337.3406343617317,348.58007058823546,359.8195068147392,355.8338321975108,345.7284760445183,0,0,0,0,322.48660711918893,336.25974117647036,350.0328752337518,352.5517756779414,356.1119856533829,0,0,0,0,-1.6749472173715543,,,,,,,352.5517756779414,356.1119856533829,0,0,0,0,352.5517756779414,356.1119856533829,0,0,0,0,0
1648488600,361.41,365,361.1,365,95.16109930072719,76.12887944058176,142.74164895109078,,365,20,35,45,85,352.4698684322147,366.27822352941183,380.08657862660897,360.1950216246105,349.01719918419553,0,0,0,0,309.283078316543,334.08597647058787,358.8888746246327,349.0545978662125,370.099153284312,0,0,0,0,338.78461590849514,350.54081176470584,362.29700762091653,360.1950216246105,349.01719918419553,0,0,0,0,325.2792681723408,338.6324705882353,351.98567300412986,355.6880774152313,356.1119856533829,0,0,0,0,-0.40134353456337,,,,,,,355.6880774152313,356.1119856533829,0,0,1,0,355.6880774152313,356.1119856533829,0,0,0,0,0
1648560600,369.01,370.7,366.09,368.13,95.74772044905849,76.59817635924679,143.62158067358774,,368.13,15,20,25,65,354.5619406913538,368.86578823529413,383.16963577923445,363.839993135506,349.01719918419553,0,0,0,0,309.283078316543,334.08597647058787,358.8888746246327,349.0545978662125,370.099153284312,0,0,0,0,340.15062110153065,352.4942823529412,364.8379436043517,363.839993135506,349.01719918419553,0,0,0,0,325.2792681723408,338.6324705882353,351.98567300412986,360.6575004570005,356.1119856533829,0,0,0,0,7.360306412046022,,,,,,,360.6575004570005,356.1119856533829,0,0,0,0,360.6575004570005,356.1119856533829,0,0,0,0,1
1648575000,368.15,371.82,367.91,371.17,95.74772044905849,76.59817635924679,143.62158067358774,,371.17,35,60,65,75,356.65529664002725,371.3504,386.0455033599727,366.92193285663524,357.1595420996102,0,0,0,0,310.4037315732833,335.0015058823527,359.5992801914221,357.2221265900544,370.099153284312,0,0,0,0,341.65220959654914,354.6654470588241,367.67868452109906,366.92193285663524,357.1595420996102,0,0,0,0,328.623380997125,341.616823529412,354.61026606169895,362.5862504243576,356.1119856533829,0,0,0,0,9.51943561357957,,,,,,,362.5862504243576,356.1119856533829,0,0,0,0,362.5862504243576,356.1119856533829,0,0,0,0,0
1648647000,369.275,370.97,367.62,369.14,96.39469790619837,77.1157583249587,144.59204685929757,,369.14,15,20,25,50,358.21310229798223,372.7235999999997,387.23409770201715,366.92193285663524,357.1595420996102,0,0,0,0,310.4037315732833,335.0015058823527,359.5992801914221,357.2221265900544,370.099153284312,0,0,0,0,342.9258479336671,356.41255294117644,369.8992579486858,366.92193285663524,357.1595420996102,0,0,0,0,328.623380997125,341.616823529412,354.61026606169895,362.5862504243576,356.1119856533829,0,0,0,0,9.51943561357957,,,,,,,362.5862504243576,356.1119856533829,0,0,0,0,362.5862504243576,356.1119856533829,0,0,0,0,0
1648661400,369.1,369.45,365.57,367.17,96.39469790619837,77.1157583249587,144.59204685929757,,367.17,20,20,30,45,359.3742588089164,373.02529411764715,386.6763294263779,366.92193285663524,357.1595420996102,0,0,0,0,310.4037315732833,335.0015058823527,359.5992801914221,357.2221265900544,370.099153284312,0,0,0,0,343.9963954620164,357.76394117647067,371.53148689092495,366.92193285663524,357.1595420996102,0,0,0,0,331.0398128529087,343.9251764705884,356.81054008826806,362.5862504243576,356.1119856533829,0,0,0,0,9.143875484426248,,,,,,,362.5862504243576,356.1119856533829,0,0,0,0,362.5862504243576,356.1119856533829,0,0,0,0,0
1648733400,367.27,367.57,364.48,365.5,95.60057644097324,76.4804611527786,143.40086466145988,,365.5,15,20,25,40,360.38174406526707,372.5784941176473,384.7752441700276,366.92193285663524,357.1595420996102,0,0,0,0,310.4037315732833,335.0015058823527,359.5992801914221,357.2221265900544,370.099153284312,0,0,0,0,344.9365558516244,358.873211764706,372.8098676777876,366.92193285663524,357.1595420996102,0,0,0,0,331.0398128529087,343.9251764705884,356.81054008826806,362.5862504243576,356.1119856533829,0,0,0,0,9.143875484426248,,,,,,,362.5862504243576,356.1119856533829,0,0,0,0,362.5862504243576,356.1119856533829,0,0,0,0,0
1648747800,365.52,366.84,361.68,362.06,95.60057644097324,76.4804611527786,143.40086466145988,,362.06,45,20,30,45,360.94128768977873,371.85778823529415,382.77428878080957,366.92193285663524,357.1595420996102,0,0,0,0,311.2255415887757,335.5139294117646,359.8023172347535,357.2221265900544,370.099153284312,0,0,0,0,345.9569835820132,360.1010705882352,374.24515759445717,366.92193285663524,357.1595420996102,0,0,0,0,332.9382695125197,345.7255764705882,358.51288342865666,362.5862504243576,356.1119856533829,0,0,0,0,9.143875484426248,,,,,,,362.5862504243576,356.1119856533829,0,0,0,0,362.5862504243576,356.1119856533829,0,0,0,0,0
1648819800,362.81,363.61,358.59,358.97,92.41672382465903,73.93337905972723,138.62508573698855,,358.97,25,10,15,-10,360.9842610785947,370.48392941176456,370.48392941176456,364.2478685755164,357.1595420996102,0,0,0,0,311.2255415887757,335.5139294117646,359.8023172347535,357.2221265900544,370.099153284312,0,0,0,0,346.88928553671144,361.1717529411763,375.45422034564115,364.2478685755164,357.1595420996102,0,0,0,0,332.9382695125197,345.7255764705882,358.51288342865666,362.5862504243576,356.1119856533829,0,0,0,0,9.143875484426248,,,,,,,362.5862504243576,356.1119856533829,0,0,0,0,362.5862504243576,356.1119856533829,0,0,0,0,0
1648834200,358.89,362.09,358.86,361.89,92.41672382465903,73.93337905972723,138.62508573698855,,361.89,30,5,20,10,360.9980898502349,369.5659058823529,378.1337219144709,364.2478685755164,357.1595420996102,0,0,0,0,311.2255415887757,335.5139294117646,359.8023172347535,357.2221265900544,370.099153284312,0,0,0,0,348.0352554594925,362.51062352941176,376.98599159933104,364.2478685755164,357.1595420996102,0,0,0,0,334.5012624568897,347.2912705882354,360.0812787195811,362.5862504243576,356.1119856533829,0,0,0,0,8.42142961468504,,,,,,,362.5862504243576,356.1119856533829,0,0,0,0,362.5862504243576,356.1119856533829,0,0,0,0,0
1649079000,362.71,368.4,362.45,367.76,94.25138136749315,75.40110509399453,141.37707205123974,,367.76,25,10,15,5,361.7465178099085,369.7435294117653,377.7405410136221,364.2478685755164,357.1595420996102,0,0,0,0,311.2255415887757,335.5139294117646,359.8023172347535,357.2221265900544,370.099153284312,0,0,0,0,349.39690542238594,364.20598823529417,379.0150710482024,364.2478685755164,357.1595420996102,0,0,0,0,334.5012624568897,347.2912705882354,360.0812787195811,362.5862504243576,356.1119856533829,0,0,0,0,8.42142961468504,,,,,,,362.5862504243576,356.1119856533829,0,0,0,0,362.5862504243576,356.1119856533829,0,0,0,0,0
1649093400,367.78,369.31,366.89,369.28,94.25138136749315,75.40110509399453,141.37707205123974,,369.28,30,10,20,35,362.5438056012274,369.99741176470616,377.4510179281849,365.5627378564735,357.1595420996102,0,0,0,0,312.49333353196437,336.50489411764715,360.51645470332994,357.2221265900544,370.099153284312,0,0,0,0,350.9094189107044,366.0770470588236,381.2446752069428,365.5627378564735,357.1595420996102,0,0,0,0,335.92250152766866,349.0339294117648,362.14535729586095,362.5862504243576,356.1119856533829,0,0,0,0,7.7563468967498235,,,,,,,362.5862504243576,356.1119856533829,0,0,0,0,362.5862504243576,356.1119856533829,0,0,0,0,0
1649165400,367.81,368.52,361.65,363.31,94.63592173666606,75.70873738933285,141.95388260499908,,363.31,15,10,15,15,362.5996894405467,369.3736235294118,376.14755761827695,365.5627378564735,357.1595420996102,0,0,0,0,312.49333353196437,336.50489411764715,360.51645470332994,357.2221265900544,370.099153284312,0,0,0,0,351.84775442184514,367.1788823529411,382.5100102840371,365.5627378564735,357.1595420996102,0,0,0,0,335.92250152766866,349.0339294117648,362.14535729586095,362.5862504243576,356.1119856533829,0,0,0,0,7.7563468967498235,,,,,,,362.5862504243576,356.1119856533829,0,0,0,0,362.5862504243576,356.1119856533829,0,0,0,0,0
1649179800,363.27,363.31,359.95,361.11,94.63592173666606,75.70873738933285,141.95388260499908,,361.11,15,10,15,0,362.23346502090186,368.55703529411784,368.55703529411784,364.2533065410574,357.1595420996102,0,0,0,0,312.49333353196437,336.50489411764715,360.51645470332994,357.2221265900544,370.099153284312,0,0,0,0,352.6415225323386,368.08375294117656,383.5259833500145,364.2533065410574,357.1595420996102,0,0,0,0,336.9533914016116,350.1628470588238,363.37230271603596,362.5862504243576,356.1119856533829,0,0,0,0,6.101210296592378,,,,,,,362.5862504243576,356.1119856533829,0,0,0,0,362.5862504243576,356.1119856533829,0,0,0,0,0
1649251800,355.65,356.61,351.17,352.77,92.35772142389209,73.88617713911367,138.53658213583813,,352.77,10,-10,10,-35,360.35405327133617,366.5957882352945,366.5957882352945,356.9481061501975,357.1595420996102,0,0,0,0,312.49333353196437,336.50489411764715,360.51645470332994,357.2221265900544,370.099153284312,0,0,0,0,353.0593027081228,368.5216588235295,368.5216588235295,356.9481061501975,357.1595420996102,0,0,0,0,336.9533914016116,350.1628470588238,363.37230271603596,361.84658122925913,356.1119856533829,0,0,0,0,-8.93773474869345,,,,,,,361.84658122925913,356.1119856533829,0,0,0,0,361.84658122925913,356.1119856533829,0,0,0,0,0
1649266200,352.745,356.78,350.56,353.17,92.35772142389209,73.88617713911367,138.53658213583813,,353.17,10,5,10,0,358.53044634219964,364.49169411764734,364.49169411764734,356.9481061501975,357.1595420996102,0,0,0,0,312.2072936230121,336.1224235294117,336.1224235294117,357.2221265900544,370.099153284312,0,0,0,0,353.4960462201965,368.98060000000015,368.98060000000015,356.9481061501975,357.1595420996102,0,0,0,0,337.12642725044077,350.3370588235297,350.3370588235297,361.84658122925913,356.1119856533829,0,0,0,0,-8.93773474869345,,,,,,,361.84658122925913,356.1119856533829,0,0,0,0,361.84658122925913,356.1119856533829,0,0,0,0,0
1649338200,352.24,355.73,348.69,352.13,87.58199240596731,70.06559392477385,131.37298860895098,,352.13,10,-20,10,-15,356.3556009245129,362.1710117647059,362.1710117647059,356.0302722760253,357.1595420996102,0,0,0,0,312.2072936230121,336.1224235294117,336.1224235294117,357.2221265900544,370.099153284312,0,0,0,0,353.78901387351357,369.286011764706,369.286011764706,356.0302722760253,357.1595420996102,0,0,0,0,337.12642725044077,350.3370588235297,350.3370588235297,361.1606236109428,356.1119856533829,0,0,0,0,-8.973851773285679,,,,,,,361.1606236109428,356.1119856533829,0,0,0,0,361.1606236109428,356.1119856533829,0,0,0,0,0
1649352600,352.18,356.33,351.26,354.13,87.58199240596731,70.06559392477385,131.37298860895098,,354.13,15,10,15,5,354.9768586509324,360.86371764705905,360.86371764705905,356.0302722760253,357.1595420996102,0,0,0,0,312.2072936230121,336.1224235294117,336.1224235294117,357.2221265900544,370.099153284312,0,0,0,0,354.08649735196303,369.59252941176476,369.59252941176476,356.0302722760253,357.1595420996102,0,0,0,0,337.32409780845364,350.5357176470589,363.74733748566416,361.1606236109428,356.1119856533829,0,0,0,0,-8.973851773285679,,,,,,,361.1606236109428,356.1119856533829,0,0,0,0,361.1606236109428,356.1119856533829,0,0,0,0,0
1649424600,352.32,353.07,348.65,351.09,88.1591119811597,70.52728958492776,132.23866797173955,,351.09,10,-20,10,0,352.9555432487764,359.0876000000001,359.0876000000001,356.0302722760253,357.1595420996102,0,0,0,0,312.2072936230121,336.1224235294117,336.1224235294117,357.2221265900544,370.099153284312,0,0,0,0,354.01754524294483,369.46911764705885,369.46911764705885,356.0302722760253,357.1595420996102,0,0,0,0,337.32409780845364,350.5357176470589,363.74733748566416,358.48023158290476,356.1119856533829,0,0,0,0,-9.11497971210948,,,,,,,358.48023158290476,356.1119856533829,0,0,0,0,358.48023158290476,356.1119856533829,0,0,0,0,0
1649439000,351.11,351.14,348.51,349.11,88.1591119811597,70.52728958492776,132.23866797173955,,349.11,-15,-10,-15,-40,350.57084898717676,356.96407058823513,356.96407058823513,354.0256601714063,357.1595420996102,0,0,0,0,311.902219117583,335.66945882352945,335.66945882352945,357.2221265900544,370.099153284312,0,0,0,0,353.7531505718078,369.13027058823513,369.13027058823513,354.0256601714063,357.1595420996102,0,0,0,0,337.02989700013427,350.1887999999998,350.1887999999998,356.3516436126973,356.1119856533829,0,0,0,0,-9.227054076492816,,,,,,,356.3516436126973,356.1119856533829,0,0,1,0,356.3516436126973,356.1119856533829,0,0,0,0,0
1649683800,344.81,345.75,341.79,343.18,85.46930965438537,68.3754477235083,128.20396448157805,,343.18,-10,-10,-10,-35,346.5366744075176,353.6462352941176,353.6462352941176,347.70136004575335,357.1595420996102,0,0,0,0,311.902219117583,335.66945882352945,335.66945882352945,357.2221265900544,370.099153284312,0,0,0,0,352.8159880515331,367.9569058823531,367.9569058823531,347.70136004575335,357.1595420996102,0,0,0,0,337.02989700013427,350.1887999999998,350.1887999999998,351.1122404975046,356.1119856533829,0,0,0,0,-17.00291900765939,,,,,,,351.1122404975046,356.1119856533829,0,0,0,0,351.1122404975046,356.1119856533829,0,0,0,0,0
1649698200,343.285,343.92,340.55,340.9,85.46930965438537,68.3754477235083,128.20396448157805,,340.9,-15,-60,-40,-80,342.5801925128985,350.5403764705882,350.5403764705882,345.4574482027159,353.948504310061,0,0,0,0,311.902219117583,335.66945882352945,335.66945882352945,353.9223562147659,370.099153284312,0,0,0,0,351.6163290171869,366.4168117647057,366.4168117647057,345.4574482027159,353.948504310061,0,0,0,0,336.3998865105689,349.6095764705881,349.6095764705881,349.1399376048257,356.1119856533829,0,0,0,0,-18.22125327999503,,,,,,,349.1399376048257,356.1119856533829,0,0,0,0,349.1399376048257,356.1119856533829,0,0,0,0,0
1649770200,345.76,347.69,342.4,342.98,80.0728278424055,64.0582622739244,120.10924176360825,,342.98,-10,-20,-20,-45,339.69610880318555,348.1976235294118,348.1976235294118,345.4574482027159,353.948504310061,0,0,0,0,311.902219117583,335.66945882352945,335.66945882352945,353.9223562147659,370.099153284312,0,0,0,0,350.6247016947622,365.19754117647057,365.19754117647057,345.4574482027159,353.948504310061,0,0,0,0,336.3998865105689,349.6095764705881,349.6095764705881,349.1399376048257,356.1119856533829,0,0,0,0,-18.22125327999503,,,,,,,349.1399376048257,356.1119856533829,0,0,0,0,349.1399376048257,356.1119856533829,0,0,0,0,0
1649784600,342.96,343.42,338.045,339.53,80.0728278424055,64.0582622739244,120.10924176360825,,339.53,-15,-20,-25,-65,335.6533248038692,344.98343529411727,344.98343529411727,343.93796928669747,353.948504310061,0,0,0,0,311.00104774849325,334.6910823529406,334.6910823529406,353.9223562147659,370.099153284312,0,0,0,0,349.25227817792836,363.4208117647063,363.4208117647063,343.93796928669747,353.948504310061,0,0,0,0,336.26269748645564,349.39421176470586,349.39421176470586,348.755150281712,356.1119856533829,0,0,0,0,-18.241513093197174,,,,,,,348.755150281712,356.1119856533829,0,0,0,0,348.755150281712,356.1119856533829,0,0,0,0,0
1649856600,339.68,345.98,339.07,345.51,81.21378220624419,64.97102576499536,121.82067330936628,,345.51,-10,-20,-20,-45,333.35136209926134,343.0127529411766,343.0127529411766,343.93796928669747,353.948504310061,0,0,0,0,311.00104774849325,334.6910823529406,334.6910823529406,353.9223562147659,370.099153284312,0,0,0,0,348.50706104539853,362.5349529411768,362.5349529411768,343.93796928669747,353.948504310061,0,0,0,0,336.26269748645564,349.39421176470586,349.39421176470586,348.755150281712,356.1119856533829,0,0,0,0,-18.241513093197174,,,,,,,348.755150281712,356.1119856533829,0,0,0,0,348.755150281712,356.1119856533829,0,0,0,0,0
1649871000,345.49,347.42,344.19,346.36,81.21378220624419,64.97102576499536,121.82067330936628,,346.36,-5,-20,-15,-40,331.8020175614384,341.6591764705885,341.6591764705885,343.93796928669747,353.948504310061,0,0,0,0,311.00104774849325,334.6910823529406,334.6910823529406,353.9223562147659,370.099153284312,0,0,0,0,347.8154908882107,361.6969058823534,361.6969058823534,343.93796928669747,353.948504310061,0,0,0,0,336.9521477911182,349.8689411764705,349.8689411764705,348.755150281712,356.1119856533829,0,0,0,0,-18.241513093197174,,,,,,,348.755150281712,356.1119856533829,0,0,0,0,348.755150281712,356.1119856533829,0,0,0,0,0
1649943000,346.44,346.97,340.055,340.45,83.38831958359756,66.71065566687805,125.08247937539635,,340.45,-10,-10,-10,-10,329.7707506607075,339.94065882352925,339.94065882352925,343.93796928669747,353.948504310061,0,0,0,0,311.00104774849325,334.6910823529406,334.6910823529406,353.9223562147659,370.099153284312,0,0,0,0,346.4998772168881,360.1139764705881,360.1139764705881,343.93796928669747,353.948504310061,0,0,0,0,336.9521477911182,349.8689411764705,349.8689411764705,348.755150281712,356.1119856533829,0,0,0,0,-18.241513093197174,,,,,,,348.755150281712,356.1119856533829,0,0,0,0,348.755150281712,356.1119856533829,0,0,0,0,0
1649957400,340.5,342.15,338.21,338.43,83.38831958359756,66.71065566687805,125.08247937539635,,338.43,-5,-15,-5,-30,327.975233000101,338.3467764705881,338.3467764705881,342.74677700233843,353.948504310061,0,0,0,0,310.6401411989832,334.02479999999974,334.02479999999974,353.9223562147659,370.099153284312,0,0,0,0,345.00386265231884,358.45985882352915,358.45985882352915,342.74677700233843,353.948504310061,0,0,0,0,337.2254445991587,349.89261176470603,349.89261176470603,347.4506939086832,356.1119856533829,0,0,0,0,-18.3101952998615,,,,,,,347.4506939086832,356.1119856533829,0,0,0,0,347.4506939086832,356.1119856533829,0,0,0,0,0
1650288600,337.35,341.04,335.8,337.55,80.392337385396,64.3138699083168,120.58850607809401,,337.55,-10,-10,-10,-35,326.78409790419477,337.10155294117635,337.10155294117635,341.3960985377306,353.948504310061,0,0,0,0,310.6401411989832,334.02479999999974,334.02479999999974,353.9223562147659,370.099153284312,0,0,0,0,343.3872135811555,356.62630588235305,356.62630588235305,341.3960985377306,353.948504310061,0,0,0,0,337.2254445991587,349.89261176470603,349.89261176470603,346.3363586294916,356.1119856533829,0,0,0,0,-18.368867255107567,,,,,,,346.3363586294916,356.1119856533829,0,0,0,0,346.3363586294916,356.1119856533829,0,0,0,0,0
1650303000,337.54,340.87,336.73,338.96,80.392337385396,64.3138699083168,120.58850607809401,,338.96,-15,-35,-60,-55,325.85246446292854,336.0812235294121,336.0812235294121,341.3960985377306,349.1589262963259,0,0,0,0,310.6401411989832,334.02479999999974,334.02479999999974,349.13703953690987,370.099153284312,0,0,0,0,341.87917182660044,354.6958352941181,354.6958352941181,341.3960985377306,349.1589262963259,0,0,0,0,336.70543063085495,349.40960000000024,349.40960000000024,346.0837615845279,356.1119856533829,0,0,0,0,-19.998394908922908,,,,,,,346.0837615845279,356.1119856533829,0,0,0,0,346.0837615845279,356.1119856533829,0,0,0,0,0
1650375000,338.03,345.75,336.98,344.05,82.69878473291122,66.15902778632898,124.04817709936682,,344.05,-10,-20,-20,-35,326.18003518681786,336.0790588235296,336.0790588235296,341.3960985377306,349.1589262963259,0,0,0,0,310.6401411989832,334.02479999999974,334.02479999999974,349.13703953690987,370.099153284312,0,0,0,0,340.88738764459566,352.88310588235305,352.88310588235305,341.3960985377306,349.1589262963259,0,0,0,0,336.70543063085495,349.40960000000024,349.40960000000024,346.0837615845279,356.1119856533829,0,0,0,0,-19.998394908922908,,,,,,,346.0837615845279,356.1119856533829,0,0,0,0,346.0837615845279,356.1119856533829,0,0,0,0,0
1650389400,344.03,346.85,343.505,346.11,82.69878473291122,66.15902778632898,124.04817709936682,,346.11,-5,-20,-15,-15,326.9792227245913,336.47230588235266,345.965389040114,342.0797626073101,349.1589262963259,0,0,0,0,310.7981249750856,333.8603529411762,333.8603529411762,349.13703953690987,370.099153284312,0,0,0,0,340.1058135107946,351.1665647058826,351.1665647058826,342.0797626073101,349.1589262963259,0,0,0,0,337.11084296970216,349.72774117647054,349.72774117647054,346.0837615845279,356.1119856533829,0,0,0,0,-19.32970173318759,,,,,,,346.0837615845279,356.1119856533829,0,0,0,0,346.0837615845279,356.1119856533829,0,0,0,0,0
1650461400,347.09,347.53,340.52,342.715,84.12727866344794,67.30182293075835,126.1909179951719,,342.715,-10,-20,-20,-35,327.0370639016087,336.277611764706,336.277611764706,342.0797626073101,349.1589262963259,0,0,0,0,310.7981249750856,333.8603529411762,333.8603529411762,349.13703953690987,370.099153284312,0,0,0,0,338.9373860402291,349.35801176470574,349.35801176470574,342.0797626073101,349.1589262963259,0,0,0,0,337.11084296970216,349.72774117647054,349.72774117647054,346.0837615845279,356.1119856533829,0,0,0,0,-19.32970173318759,,,,,,,346.0837615845279,356.1119856533829,0,0,0,0,346.0837615845279,356.1119856533829,0,0,0,0,0
1650475800,342.68,343.78,339.96,341.07,84.12727866344794,67.30182293075835,126.1909179951719,,341.07,-15,-25,-25,-40,326.7087580881201,335.8410235294119,335.8410235294119,342.0797626073101,349.1589262963259,0,0,0,0,310.7981249750856,333.8603529411762,333.8603529411762,349.13703953690987,370.099153284312,0,0,0,0,337.56472372724426,347.5380705882351,347.5380705882351,342.0797626073101,349.1589262963259,0,0,0,0,336.971252644488,349.56621176470566,349.56621176470566,346.0837615845279,356.1119856533829,0,0,0,0,-19.32970173318759,,,,,,,346.0837615845279,356.1119856533829,0,0,0,0,346.0837615845279,356.1119856533829,0,0,0,0,0
1650547800,345.19,347.87,337.48,339.48,83.86247500539766,67.08998000431812,125.79371250809649,,339.48,-10,-10,-10,-10,326.69197104185895,335.61796470588234,335.61796470588234,342.0797626073101,349.1589262963259,0,0,0,0,310.7981249750856,333.8603529411762,333.8603529411762,349.13703953690987,370.099153284312,0,0,0,0,335.9986668069745,345.7942941176471,345.7942941176471,342.0797626073101,349.1589262963259,0,0,0,0,336.971252644488,349.56621176470566,349.56621176470566,346.0837615845279,356.1119856533829,0,0,0,0,-19.32970173318759,,,,,,,346.0837615845279,356.1119856533829,0,0,0,0,346.0837615845279,356.1119856533829,0,0,0,0,0
1650562200,339.52,339.78,333.22,334.23,83.86247500539766,67.08998000431812,125.79371250809649,,334.23,-15,-10,-15,-30,326.78481121947954,335.1556588235292,335.1556588235292,339.0662661072479,349.1589262963259,0,0,0,0,309.5230103630291,332.6249176470589,332.6249176470589,349.13703953690987,370.099153284312,0,0,0,0,333.904636673932,343.8889647058825,343.8889647058825,339.0662661072479,349.1589262963259,0,0,0,0,336.4478347185419,349.0488470588235,349.0488470588235,345.52625299355145,356.1119856533829,0,0,0,0,-19.3590556625748,,,,,,,345.52625299355145,356.1119856533829,0,0,0,0,345.52625299355145,356.1119856533829,0,0,0,0,0
1650634200,334.31,335.56,327.89,328.25,82.02354032106412,65.61883225685129,123.03531048159618,,328.25,-10,-10,-10,-35,326.64961143028154,334.3777764705884,334.3777764705884,335.8540763883923,349.1589262963259,0,0,0,0,309.5230103630291,332.6249176470589,332.6249176470589,349.13703953690987,370.099153284312,0,0,0,0,331.1584542203309,341.60939999999965,341.60939999999965,335.8540763883923,349.1589262963259,0,0,0,0,336.4478347185419,349.0488470588235,349.0488470588235,341.44366349401207,356.1119856533829,0,0,0,0,-19.574012070110243,,,,,,,341.44366349401207,356.1119856533829,0,0,0,0,341.44366349401207,356.1119856533829,0,0,0,0,0
1650648600,328.25,329.02,324.97,325.41,82.02354032106412,65.61883225685129,123.03531048159618,,325.41,-20,-35,-45,-85,325.2992542243106,332.96584705882333,332.96584705882333,332.32485664636425,344.35883912821123,0,0,0,0,309.5230103630291,332.6249176470589,332.6249176470589,344.3386785769909,370.099153284312,0,0,0,0,328.1738485943708,339.2255294117648,339.2255294117648,332.32485664636425,344.35883912821123,0,0,0,0,335.6102956026067,348.2152235294117,348.2152235294117,334.77268753015403,356.1119856533829,0,0,0,0,-21.545885733142146,,,,,,,334.77268753015403,356.1119856533829,0,0,0,0,334.77268753015403,356.1119856533829,0,0,0,0,0
1650893400,323.73,328,322.46,325.94,79.93622356591807,63.948978852734456,119.90433534887711,,325.94,-15,-20,-25,-65,323.8169029250654,331.5041529411764,331.5041529411764,330.49924564579527,344.35883912821123,0,0,0,0,309.5230103630291,332.6249176470589,332.6249176470589,344.3386785769909,370.099153284312,0,0,0,0,325.49538718728746,337.1186000000002,337.1186000000002,330.49924564579527,344.35883912821123,0,0,0,0,335.6102956026067,348.2152235294117,348.2152235294117,333.7374955637145,356.1119856533829,0,0,0,0,-21.600390636522828,,,,,,,333.7374955637145,356.1119856533829,0,0,0,0,333.7374955637145,356.1119856533829,0,0,0,0,0
1650907800,325.94,329.9,324.53,329.61,79.93622356591807,63.948978852734456,119.90433534887711,,329.61,-35,-40,-45,-70,322.463737551049,330.2902941176472,330.2902941176472,330.49924564579527,338.6039220476247,0,0,0,0,308.14037358499905,331.27367058823495,331.27367058823495,338.58305867863436,370.099153284312,0,0,0,0,323.42854238677785,335.4408235294116,335.4408235294116,330.49924564579527,338.6039220476247,0,0,0,0,334.80174465621513,347.4714117647056,347.4714117647056,333.7374955637145,356.1119856533829,0,0,0,0,-22.574599124317952,,,,,,,333.7374955637145,356.1119856533829,0,0,0,0,333.7374955637145,356.1119856533829,0,0,0,0,0
1650979800,327.5,327.66,319.06,319.38,81.94005580594015,65.55204464475212,122.91008370891022,,319.38,-15,-20,-25,-65,319.38534775713913,327.92601176470555,327.92601176470555,326.4980605708444,338.6039220476247,0,0,0,0,308.14037358499905,331.27367058823495,331.27367058823495,338.58305867863436,370.099153284312,0,0,0,0,320.0348749732637,332.8171411764705,332.8171411764705,326.4980605708444,338.6039220476247,0,0,0,0,334.80174465621513,347.4714117647056,347.4714117647056,333.7168711748355,356.1119856533829,0,0,0,0,-22.575685039162327,,,,,,,333.7168711748355,356.1119856533829,0,0,0,0,333.7168711748355,356.1119856533829,0,0,0,0,0
1650994200,319.3,321.88,316.86,316.87,81.94005580594015,65.55204464475212,122.91008370891022,,316.87,-20,-35,-45,-85,316.15870150817136,325.43351764705903,325.43351764705903,323.080317533024,336.6511419013658,0,0,0,0,308.14037358499905,331.27367058823495,331.27367058823495,336.6335544873034,370.099153284312,0,0,0,0,316.602896154519,330.2151294117647,330.2151294117647,323.080317533024,336.6511419013658,0,0,0,0,332.11722858706025,345.374752941176,345.374752941176,327.8628089480615,356.1119856533829,0,0,0,0,-23.542352818531395,,,,,,,327.8628089480615,356.1119856533829,0,0,0,0,327.8628089480615,356.1119856533829,0,0,0,0,0
1651066200,317.24,322.87,315,320.73,77.1797116392736,61.74376931141889,115.76956745891042,,320.73,-15,-25,-25,-50,314.4629016696335,323.86083529411763,323.86083529411763,323.080317533024,336.6511419013658,0,0,0,0,308.14037358499905,331.27367058823495,331.27367058823495,336.6335544873034,370.099153284312,0,0,0,0,314.0484406019125,328.2171176470587,328.2171176470587,323.080317533024,336.6511419013658,0,0,0,0,332.11722858706025,345.374752941176,345.374752941176,327.8628089480615,356.1119856533829,0,0,0,0,-23.542352818531395,,,,,,,327.8628089480615,356.1119856533829,0,0,0,0,327.8628089480615,356.1119856533829,0,0,0,0,0
1651080600,320.72,321,316.12,316.72,77.1797116392736,61.74376931141889,115.76956745891042,,316.72,-45,-40,-45,-75,312.11459050543897,321.882764705882,321.882764705882,322.1619707689686,331.79177462269683,0,0,0,0,305.3154285961484,328.92174117647045,328.92174117647045,331.7647291667817,370.099153284312,0,0,0,0,311.2192260009168,326.0370352941174,326.0370352941174,322.1619707689686,331.79177462269683,0,0,0,0,329.5289502768916,343.3361882352943,343.3361882352943,327.0292077154204,356.1119856533829,0,0,0,0,-25.23067631224477,,,,,,,327.0292077154204,356.1119856533829,0,0,0,0,327.0292077154204,356.1119856533829,0,0,0,0,0
1651152600,321.85,327.17,317.53,326.6,79.49892211020142,63.599137688161136,119.24838316530213,,326.6,-25,-10,-25,-50,311.4775163749806,321.13457647058885,321.13457647058885,322.1619707689686,331.79177462269683,0,0,0,0,305.3154285961484,328.92174117647045,328.92174117647045,331.7647291667817,370.099153284312,0,0,0,0,309.47076719183667,324.57118823529396,324.57118823529396,322.1619707689686,331.79177462269683,0,0,0,0,329.5289502768916,343.3361882352943,343.3361882352943,327.0292077154204,356.1119856533829,0,0,0,0,-25.23067631224477,,,,,,,327.0292077154204,356.1119856533829,0,0,0,0,327.0292077154204,356.1119856533829,0,0,0,0,0
1651167000,326.61,329.89,326.07,327.92,79.49892211020142,63.599137688161136,119.24838316530213,,327.92,-30,-25,-60,-30,311.1639299733993,320.76810588235287,330.3722817913064,322.3443029692703,331.79177462269683,0,0,0,0,305.3154285961484,328.92174117647045,328.92174117647045,331.7647291667817,370.099153284312,0,0,0,0,307.8779814911073,323.21338823529413,323.21338823529413,322.3443029692703,331.79177462269683,0,0,0,0,328.71801052140285,342.5890588235295,342.5890588235295,327.0292077154204,356.1119856533829,0,0,0,0,-25.23067631224477,,,,,,,327.0292077154204,356.1119856533829,0,0,0,0,327.0292077154204,356.1119856533829,0,0,0,0,0
1651239000,323.7,327.2,318.15,319.21,80.51819500305677,64.41455600244542,120.77729250458516,,319.21,-25,-20,-40,-40,309.32763263168977,319.2003411764703,319.2003411764703,322.3443029692703,331.79177462269683,0,0,0,0,305.3154285961484,328.92174117647045,328.92174117647045,331.7647291667817,370.099153284312,0,0,0,0,305.6735013769379,321.4319647058822,321.4319647058822,322.3443029692703,331.79177462269683,0,0,0,0,328.71801052140285,342.5890588235295,342.5890588235295,327.0292077154204,356.1119856533829,0,0,0,0,-25.23067631224477,,,,,,,327.0292077154204,356.1119856533829,0,0,0,0,327.0292077154204,356.1119856533829,0,0,0,0,0
1651253400,319.29,320.05,312.6,313.24,80.51819500305677,64.41455600244542,120.77729250458516,,313.24,-30,-50,-45,-60,306.77656562369447,317.10257647058836,317.10257647058836,320.5399758666876,331.79177462269683,0,0,0,0,302.12229215802824,326.32098823529384,326.32098823529384,331.7647291667817,370.099153284312,0,0,0,0,303.08195741255497,319.38891764705863,319.38891764705863,320.5399758666876,331.79177462269683,0,0,0,0,326.38523773919906,340.75842352941163,340.75842352941163,326.5455677728062,348.0730449884775,0,0,0,0,-23.886672626294242,,,,,,,326.5455677728062,348.0730449884775,0,0,0,0,326.5455677728062,348.0730449884775,0,0,0,0,0
1651498200,312.83,317.76,310.47,311.7,77.91018336266639,62.32814669013311,116.86527504399959,,311.7,-15,-35,-40,-30,303.6785819407568,314.61076470588233,314.61076470588233,320.2952342932153,331.79177462269683,0,0,0,0,302.12229215802824,326.32098823529384,326.32098823529384,331.7647291667817,370.099153284312,0,0,0,0,300.339883418397,317.22855294117653,317.22855294117653,320.2952342932153,331.79177462269683,0,0,0,0,326.38523773919906,340.75842352941163,340.75842352941163,324.3123129318914,348.0730449884775,0,0,0,0,-24.006973605844497,,,,,,,324.3123129318914,348.0730449884775,0,0,0,0,324.3123129318914,348.0730449884775,0,0,0,0,0
1651512600,311.73,318.71,309.65,318.45,77.91018336266639,62.32814669013311,116.86527504399959,,318.45,-20,-40,-60,-60,302.69323287191787,313.587494117647,313.587494117647,320.2952342932153,328.3342342733473,0,0,0,0,302.12229215802824,326.32098823529384,326.32098823529384,328.3060094677184,370.099153284312,0,0,0,0,298.65256397096084,315.79350588235286,315.79350588235286,320.2952342932153,328.3342342733473,0,0,0,0,324.2574523254359,339.01096470588203,339.01096470588203,324.3123129318914,348.0730449884775,0,0,0,0,-24.008779797510265,,,,,,,324.3123129318914,348.0730449884775,0,0,0,0,324.3123129318914,348.0730449884775,0,0,0,0,0
1651584600,318.5,320.77,315.99,319.96,77.97681096016574,62.38144876813259,116.96521644024861,,319.96,-15,-35,-25,-40,302.7853798202569,313.3299647058823,313.3299647058823,320.2952342932153,328.3342342733473,0,0,0,0,302.12229215802824,326.32098823529384,326.32098823529384,328.3060094677184,370.099153284312,0,0,0,0,297.3895444545477,314.65660000000014,314.65660000000014,320.2952342932153,328.3342342733473,0,0,0,0,324.2574523254359,339.01096470588203,339.01096470588203,324.3123129318914,348.0730449884775,0,0,0,0,-24.008779797510265,,,,,,,324.3123129318914,348.0730449884775,0,0,0,0,324.3123129318914,348.0730449884775,0,0,0,0,0
1651599000,319.99,321.15,316.64,318.93,77.97681096016574,62.38144876813259,116.96521644024861,,318.93,-45,-40,-70,-45,302.3788799293265,312.78622352941176,312.78622352941176,320.2952342932153,328.3342342733473,0,0,0,0,300.7505483331379,324.8607764705881,324.8607764705881,328.3060094677184,370.099153284312,0,0,0,0,296.38915596715333,313.68084705882336,313.68084705882336,320.2952342932153,328.3342342733473,0,0,0,0,322.09050787258167,337.1957647058824,337.1957647058824,324.3123129318914,348.0730449884775,0,0,0,0,-23.613715898951437,,,,,,,324.3123129318914,348.0730449884775,0,0,0,0,324.3123129318914,348.0730449884775,0,0,0,0,0
1651671000,319.31,319.88,313.9,319.1,76.3634879884435,61.0907903907548,114.54523198266524,,319.1,-25,-20,-50,-40,301.51061927343636,311.9227882352939,311.9227882352939,320.2952342932153,328.3342342733473,0,0,0,0,300.7505483331379,324.8607764705881,324.8607764705881,328.3060094677184,370.099153284312,0,0,0,0,295.7819327312691,312.9518941176475,312.9518941176475,320.2952342932153,328.3342342733473,0,0,0,0,322.09050787258167,337.1957647058824,337.1957647058824,324.3123129318914,348.0730449884775,0,0,0,0,-23.613715898951437,,,,,,,324.3123129318914,348.0730449884775,0,0,0,0,324.3123129318914,348.0730449884775,0,0,0,0,0
1651685400,319.15,330.28,315.26,329.73,76.3634879884435,61.0907903907548,114.54523198266524,,329.73,-15,-20,-40,-5,302.8159943013525,313.0167411764708,323.21748805158916,322.9969260875843,328.3342342733473,0,0,0,0,300.7505483331379,324.8607764705881,324.8607764705881,328.3060094677184,370.099153284312,0,0,0,0,296.5989931228273,313.28529411764737,329.9715951124674,322.9969260875843,328.3342342733473,0,0,0,0,320.943604436537,336.1337882352941,336.1337882352941,324.3123129318914,348.0730449884775,0,0,0,0,-22.62705625437071,,,,,,,324.3123129318914,348.0730449884775,0,0,0,0,324.3123129318914,348.0730449884775,0,0,0,0,0
1651757400,325.17,325.25,311.89,314.38,80.3766980649313,64.30135845194505,120.56504709739696,,314.38,-20,-10,-35,-25,301.8908937102068,312.0804352941174,312.0804352941174,322.1387729142768,328.3342342733473,0,0,0,0,300.7505483331379,324.8607764705881,324.8607764705881,328.3060094677184,370.099153284312,0,0,0,0,295.89857934555994,312.4431176470586,312.4431176470586,322.1387729142768,328.3342342733473,0,0,0,0,320.943604436537,336.1337882352941,336.1337882352941,324.3123129318914,348.0730449884775,0,0,0,0,-22.62705625437071,,,,,,,324.3123129318914,348.0730449884775,0,0,0,0,324.3123129318914,348.0730449884775,0,0,0,0,0
1651771800,314.36,315.21,309.63,313.33,80.3766980649313,64.30135845194505,120.56504709739696,,313.33,-25,-10,-40,-30,301.58208598441473,311.4161764705882,311.4161764705882,319.4460848087387,328.3342342733473,0,0,0,0,298.91313683960027,323.0747529411765,323.0747529411765,328.3060094677184,370.099153284312,0,0,0,0,295.1376869625951,311.5694588235292,311.5694588235292,319.4460848087387,328.3342342733473,0,0,0,0,317.84055070718483,333.4564235294119,333.4564235294119,322.8492936690171,348.0730449884775,0,0,0,0,-22.705866181119855,,,,,,,322.8492936690171,348.0730449884775,0,0,0,0,322.8492936690171,348.0730449884775,0,0,0,0,0
1651843800,310.95,315.09,305.12,311.48,73.93484407226795,59.14787525781436,110.90226610840193,,311.48,-15,-10,-15,-15,302.28167336249436,311.3514235294117,311.3514235294117,319.4460848087387,328.3342342733473,0,0,0,0,298.91313683960027,323.0747529411765,323.0747529411765,328.3060094677184,370.099153284312,0,0,0,0,294.2491369490878,310.6120352941176,310.6120352941176,319.4460848087387,328.3342342733473,0,0,0,0,317.84055070718483,333.4564235294119,333.4564235294119,322.8492936690171,348.0730449884775,0,0,0,0,-22.705866181119855,,,,,,,322.8492936690171,348.0730449884775,0,0,0,0,322.8492936690171,348.0730449884775,0,0,0,0,0
1651858200,311.46,312.14,306.31,309.4,73.93484407226795,59.14787525781436,110.90226610840193,,309.4,-60,-40,-45,-85,301.9658721863347,310.62607058823545,310.62607058823545,316.4732467779671,325.58308853293084,0,0,0,0,298.91313683960027,323.0747529411765,323.0747529411765,325.57354087899586,355.29030351041064,0,0,0,0,293.0780642607417,309.4826117647058,309.4826117647058,316.4732467779671,325.58308853293084,0,0,0,0,314.7324413415621,330.9693176470589,330.9693176470589,319.8046460717545,348.0730449884775,0,0,0,0,-19.20945171894162,,,,,,,319.8046460717545,348.0730449884775,0,0,0,0,319.8046460717545,348.0730449884775,0,0,0,0,0
1652103000,303.48,305.98,298.26,300.15,68.78687931754581,55.02950345403665,103.18031897631872,,300.15,-40,-20,-25,-65,300.02118643719047,308.8064941176473,308.8064941176473,308.53249339528793,325.58308853293084,0,0,0,0,298.91313683960027,323.0747529411765,323.0747529411765,325.57354087899586,355.29030351041064,0,0,0,0,290.826706462014,307.6352588235294,307.6352588235294,308.53249339528793,325.58308853293084,0,0,0,0,314.7324413415621,330.9693176470589,330.9693176470589,313.8928856380578,348.0730449884775,0,0,0,0,-19.52790645057843,,,,,,,313.8928856380578,348.0730449884775,0,0,0,0,313.8928856380578,348.0730449884775,0,0,0,0,0
1652117400,300.25,300.67,295.75,297.21,68.78687931754581,55.02950345403665,103.18031897631872,,297.21,-60,-35,-45,-85,298.27298955939494,307.0588470588235,307.0588470588235,303.68424175410036,320.06576078057867,0,0,0,0,294.83056594371806,319.8656470588234,319.8656470588234,316.6897165304962,355.29030351041064,0,0,0,0,288.6650954613121,305.8148235294114,305.8148235294114,303.68424175410036,320.06576078057867,0,0,0,0,310.5213138982296,327.8273882352941,327.8273882352941,308.36910809248224,348.0730449884775,0,0,0,0,-22.250108542854214,,,,,,,308.36910809248224,348.0730449884775,0,0,0,0,308.36910809248224,348.0730449884775,0,0,0,0,0
1652189400,304.5,305.73,296.61,300.86,60.72206032780056,48.57764826224045,91.08309049170084,,300.86,-40,-25,-25,-50,296.54055220114486,305.4600941176472,305.4600941176472,303.68424175410036,320.06576078057867,0,0,0,0,294.83056594371806,319.8656470588234,319.8656470588234,316.6897165304962,355.29030351041064,0,0,0,0,287.6401670174885,304.6647882352942,304.6647882352942,303.68424175410036,320.06576078057867,0,0,0,0,310.5213138982296,327.8273882352941,327.8273882352941,308.36910809248224,348.0730449884775,0,0,0,0,-22.250108542854214,,,,,,,308.36910809248224,348.0730449884775,0,0,0,0,308.36910809248224,348.0730449884775,0,0,0,0,0
1652203800,300.91,305.05,300.14,300.79,60.72206032780056,48.57764826224045,91.08309049170084,,300.79,-45,-40,-45,-70,295.0682276181373,304.1008470588235,304.1008470588235,303.68424175410036,316.3679850105373,0,0,0,0,294.83056594371806,319.8656470588234,319.8656470588234,316.3261653497465,355.29030351041064,0,0,0,0,287.00134292919336,303.72752941176486,303.72752941176486,303.68424175410036,316.3679850105373,0,0,0,0,307.0259126805811,325.1213647058823,325.1213647058823,308.36910809248224,348.0730449884775,0,0,0,0,-22.378014925732415,,,,,,,308.36910809248224,348.0730449884775,0,0,0,0,308.36910809248224,348.0730449884775,0,0,0,0,0
1652275800,298.44,304.09,294.36,294.72,62.60688554100044,50.08550843280035,93.91032831150065,,294.72,-25,-25,-25,-50,292.6083928905924,302.1008705882353,302.1008705882353,303.68424175410036,316.3679850105373,0,0,0,0,294.83056594371806,319.8656470588234,319.8656470588234,316.3261653497465,355.29030351041064,0,0,0,0,285.4355408117057,302.2413058823533,302.2413058823533,303.68424175410036,316.3679850105373,0,0,0,0,307.0259126805811,325.1213647058823,325.1213647058823,308.36910809248224,348.0730449884775,0,0,0,0,-22.378014925732415,,,,,,,308.36910809248224,348.0730449884775,0,0,0,0,308.36910809248224,348.0730449884775,0,0,0,0,0
1652290200,294.7,296.53,290.95,291.75,62.60688554100044,50.08550843280035,93.91032831150065,,291.75,-45,-45,-75,-75,289.24043161871356,299.4735529411766,299.4735529411766,298.735854051001,314.87884322407035,0,0,0,0,290.3811152134145,316.4040705882351,316.4040705882351,314.8678678247645,355.29030351041064,0,0,0,0,283.61325814380325,300.5978588235294,300.5978588235294,298.735854051001,314.87884322407035,0,0,0,0,302.3881692561803,321.61865882352936,321.61865882352936,304.1219274841052,348.0730449884775,0,0,0,0,-23.119867546983524,,,,,,,304.1219274841052,348.0730449884775,0,0,0,0,304.1219274841052,348.0730449884775,0,0,0,0,0
1652362200,287.45,295.75,285.05,288.91,58.51351780751531,46.81081424601226,87.77027671127297,,288.91,-25,-25,-40,-40,286.6612155521356,297.304094117647,297.304094117647,298.735854051001,314.87884322407035,0,0,0,0,290.3811152134145,316.4040705882351,316.4040705882351,314.8678678247645,355.29030351041064,0,0,0,0,281.1016350181768,298.5634941176472,298.5634941176472,298.735854051001,314.87884322407035,0,0,0,0,302.3881692561803,321.61865882352936,321.61865882352936,303.56393266381195,348.0730449884775,0,0,0,0,-23.14992561390693,,,,,,,303.56393266381195,348.0730449884775,0,0,0,0,303.56393266381195,348.0730449884775,0,0,0,0,0
1652376600,288.94,291.44,284.94,291.21,58.51351780751531,46.81081424601226,87.77027671127297,,291.21,-30,-40,-60,-75,283.13487565161154,294.5188470588235,294.5188470588235,295.6466076348576,306.5403544223511,0,0,0,0,290.3811152134145,316.4040705882351,316.4040705882351,306.5301629801385,355.29030351041064,0,0,0,0,279.1425609915657,296.87397647058884,296.87397647058884,295.6466076348576,306.5403544223511,0,0,0,0,298.1689999140287,318.4083999999998,318.4083999999998,299.16008033068255,348.0730449884775,0,0,0,0,-26.320565094785724,,,,,,,299.16008033068255,348.0730449884775,0,0,0,0,299.16008033068255,348.0730449884775,0,0,0,0,0
1652448600,295.72,302.955,294.09,301.25,58.38493772665679,46.70795018132543,87.57740658998517,,301.25,-10,-10,-25,-25,282.14184540263653,293.59051764705885,293.59051764705885,295.6466076348576,306.5403544223511,0,0,0,0,290.3811152134145,316.4040705882351,316.4040705882351,306.5301629801385,355.29030351041064,0,0,0,0,278.44045253447973,296.06822352941185,296.06822352941185,295.6466076348576,306.5403544223511,0,0,0,0,298.1689999140287,318.4083999999998,318.4083999999998,299.16008033068255,348.0730449884775,0,0,0,0,-26.320565094785724,,,,,,,299.16008033068255,348.0730449884775,0,0,0,0,299.16008033068255,348.0730449884775,0,0,0,0,0
1652463000,301.36,302.99,297.83,301.9,58.38493772665679,46.70795018132543,87.57740658998517,,301.9,-40,-50,-40,-40,281.82577917456166,293.19181176470573,304.5578443548498,295.6466076348576,306.5403544223511,0,0,0,0,287.10893890742415,313.70425882352913,313.70425882352913,306.5301629801385,355.29030351041064,0,0,0,0,278.1329602159656,295.51265882353,295.51265882353,295.6466076348576,306.5403544223511,0,0,0,0,295.1845557531208,315.969482352941,315.969482352941,299.16008033068255,328.4322275665954,0,0,0,0,-27.553104902190388,,,,,,,299.16008033068255,328.4322275665954,0,0,0,0,299.16008033068255,328.4322275665954,0,0,0,0,0
1652707800,300.13,301.59,297.17,300.34,63.2022777144969,50.56182217159753,94.80341657174534,,300.34,-10,-35,-20,-35,280.81853461254593,292.2487529411763,292.2487529411763,295.6466076348576,306.5403544223511,0,0,0,0,287.10893890742415,313.70425882352913,313.70425882352913,306.5301629801385,355.29030351041064,0,0,0,0,277.6269675508703,294.8372588235295,294.8372588235295,295.6466076348576,306.5403544223511,0,0,0,0,295.1845557531208,315.969482352941,315.969482352941,299.16008033068255,328.4322275665954,0,0,0,0,-27.553104902190388,,,,,,,299.16008033068255,328.4322275665954,0,0,0,0,299.16008033068255,328.4322275665954,0,0,0,0,0
1652722200,300.33,302.24,297.69,298.54,63.2022777144969,50.56182217159753,94.80341657174534,,298.54,-15,-40,-65,-40,280.82485535387406,291.9712470588234,291.9712470588234,295.6466076348576,306.5403544223511,0,0,0,0,287.10893890742415,313.70425882352913,313.70425882352913,306.5301629801385,355.29030351041064,0,0,0,0,276.9705329418493,294.0623058823532,294.0623058823532,295.6466076348576,306.5403544223511,0,0,0,0,291.7326893245322,313.1552705882353,313.1552705882353,299.16008033068255,328.4322275665954,0,0,0,0,-25.67777416686129,,,,,,,299.16008033068255,328.4322275665954,0,0,0,0,299.16008033068255,328.4322275665954,0,0,0,0,0
1652794200,304.47,305.53,300.58,304.34,60.22600774840955,48.180806198727645,90.33901162261432,,304.34,-10,-35,-35,15,282.7217743347291,293.0595764705881,303.39737860644715,298.2521232328896,306.5403544223511,0,0,0,0,287.10893890742415,313.70425882352913,313.70425882352913,306.5301629801385,355.29030351041064,0,0,0,0,276.65723639027607,293.6194941176471,293.6194941176471,298.2521232328896,306.5403544223511,0,0,0,0,291.7326893245322,313.1552705882353,313.1552705882353,299.16008033068255,328.4322275665954,0,0,0,0,-25.67777416686129,,,,,,,299.16008033068255,328.4322275665954,0,0,0,0,299.16008033068255,328.4322275665954,0,0,0,0,0
1652808600,304.4,306.54,301.56,306.23,60.22600774840955,48.180806198727645,90.33901162261432,,306.23,-15,-35,-40,10,284.13390784254204,294.088517647059,304.04312745157597,300.45978993039967,306.5403544223511,0,0,0,0,285.5093978150886,312.0485882352941,312.0485882352941,306.5301629801385,355.29030351041064,0,0,0,0,276.5000629666236,293.3236235294119,293.3236235294119,300.45978993039967,306.5403544223511,0,0,0,0,288.7819052635941,310.53510588235287,310.53510588235287,299.16008033068255,328.4322275665954,0,0,0,0,-25.601030337134375,,,,,,,299.16008033068255,328.4322275665954,0,0,0,0,299.16008033068255,328.4322275665954,0,0,0,0,0
1652880600,301.54,302.25,292.73,293.09,61.41111056042179,49.128888448337435,92.11666584063269,,293.09,-10,-10,-35,0,282.8974985781856,292.9669411764706,292.9669411764706,300.45978993039967,306.5403544223511,0,0,0,0,285.5093978150886,312.0485882352941,312.0485882352941,306.5301629801385,355.29030351041064,0,0,0,0,275.2714409759832,292.1722470588238,292.1722470588238,300.45978993039967,306.5403544223511,0,0,0,0,288.7819052635941,310.53510588235287,310.53510588235287,299.16008033068255,328.4322275665954,0,0,0,0,-25.601030337134375,,,,,,,299.16008033068255,328.4322275665954,0,0,0,0,299.16008033068255,328.4322275665954,0,0,0,0,0
1652895000,293.07,293.58,289.86,291.09,61.41111056042179,49.128888448337435,92.11666584063269,,291.09,-15,-10,-40,-30,280.96592568707206,291.3173647058826,291.3173647058826,296.659850057212,306.5403544223511,0,0,0,0,285.5093978150886,312.0485882352941,312.0485882352941,306.5301629801385,355.29030351041064,0,0,0,0,273.77038397282223,290.8449647058823,290.8449647058823,296.659850057212,306.5403544223511,0,0,0,0,284.19702322919085,306.7314823529415,306.7314823529415,299.16008033068255,328.4322275665954,0,0,0,0,-25.293191048268326,,,,,,,299.16008033068255,328.4322275665954,0,0,0,0,299.16008033068255,328.4322275665954,0,0,0,0,0
1652967000,289.29,294.37,287.59,290.05,57.86441808950136,46.291534471601096,86.79662713425205,,290.05,-10,-10,-10,-10,279.8556158564594,290.218729411765,290.218729411765,296.659850057212,306.5403544223511,0,0,0,0,285.5093978150886,312.0485882352941,312.0485882352941,306.5301629801385,355.29030351041064,0,0,0,0,272.7455575383872,289.7901058823532,289.7901058823532,296.659850057212,306.5403544223511,0,0,0,0,284.19702322919085,306.7314823529415,306.7314823529415,299.16008033068255,328.4322275665954,0,0,0,0,-25.293191048268326,,,,,,,299.16008033068255,328.4322275665954,0,0,0,0,299.16008033068255,328.4322275665954,0,0,0,0,0
1652981400,290.06,293.8,289.05,289.62,57.86441808950136,46.291534471601096,86.79662713425205,,289.62,-30,-30,-30,-55,279.2910099624613,289.44390588235325,289.44390588235325,295.5823330769479,304.8308463987066,0,0,0,0,283.0963872416403,309.692494117647,309.692494117647,304.7904978085481,355.29030351041064,0,0,0,0,271.9416611327647,288.8663529411766,288.8663529411766,295.5823330769479,304.8308463987066,0,0,0,0,279.9811130046153,303.3481176470587,303.3481176470587,299.16008033068255,328.4322275665954,0,0,0,0,-24.14520104440887,,,,,,,299.16008033068255,328.4322275665954,0,0,0,0,299.16008033068255,328.4322275665954,0,0,0,0,0
1653053400,293.13,293.75,280.34,280.37,61.143369786090545,48.91469582887244,91.71505467913582,,280.37,-10,-10,-10,-35,277.70072356508626,287.9300235294119,287.9300235294119,292.3691545408377,304.8308463987066,0,0,0,0,283.0963872416403,309.692494117647,309.692494117647,304.7904978085481,355.29030351041064,0,0,0,0,269.87203784133754,287.1214705882354,287.1214705882354,292.3691545408377,304.8308463987066,0,0,0,0,279.9811130046153,303.3481176470587,303.3481176470587,299.16008033068255,328.4322275665954,0,0,0,0,-24.14520104440887,,,,,,,299.16008033068255,328.4322275665954,0,0,0,0,299.16008033068255,328.4322275665954,0,0,0,0,0
1653067800,280.34,288.84,280.23,288.54,61.143369786090545,48.91469582887244,91.71505467913582,,288.54,-55,-30,-30,-55,276.99194683792985,287.05143529411765,287.05143529411765,289.63921493077794,304.4657859416562,0,0,0,0,283.0963872416403,309.692494117647,309.692494117647,304.3918908222232,334.644603259667,0,0,0,0,268.79647861560863,286.0715294117647,286.0715294117647,289.63921493077794,304.4657859416562,0,0,0,0,275.6807244490883,299.8529176470586,299.8529176470586,296.48573649725046,326.16256131183854,0,0,0,0,-17.71331479969345,,,,,,,296.48573649725046,326.16256131183854,0,0,0,0,296.48573649725046,326.16256131183854,0,0,0,0,0
1653312600,289.86,293.83,287.31,291.4,61.10450170280171,48.88360136224137,91.65675255420257,,291.4,-35,-10,-10,-20,279.9617282158974,288.1864235294118,288.1864235294118,289.63921493077794,304.4657859416562,0,0,0,0,283.0963872416403,309.692494117647,309.692494117647,304.3918908222232,334.644603259667,0,0,0,0,268.1315140153534,285.3258470588237,285.3258470588237,289.63921493077794,304.4657859416562,0,0,0,0,275.6807244490883,299.8529176470586,299.8529176470586,296.48573649725046,326.16256131183854,0,0,0,0,-17.71331479969345,,,,,,,296.48573649725046,326.16256131183854,0,0,0,0,296.48573649725046,326.16256131183854,0,0,0,0,0
1653327000,291.37,293.87,291.12,293.41,61.10450170280171,48.88360136224137,91.65675255420257,,293.41,-55,-25,-30,-40,281.1416271328143,288.71312941176484,288.71312941176484,289.63921493077794,304.24394408868073,0,0,0,0,281.4412172199175,307.83002352941145,307.83002352941145,304.2203271920644,334.644603259667,0,0,0,0,267.9273442907174,284.90122352941177,284.90122352941177,289.63921493077794,304.24394408868073,0,0,0,0,271.8079995131861,296.5558352941176,296.5558352941176,296.48573649725046,326.16256131183854,0,0,0,0,-17.777399065690737,,,,,,,296.48573649725046,326.16256131183854,0,0,0,0,296.48573649725046,326.16256131183854,0,0,0,0,0
1653399000,288.125,288.83,282.25,284.74,58.6858010897189,46.948640871775126,88.02870163457835,,284.74,-35,-10,-10,-20,280.55176340805684,287.92774117647065,287.92774117647065,289.63921493077794,304.24394408868073,0,0,0,0,281.4412172199175,307.83002352941145,307.83002352941145,304.2203271920644,334.644603259667,0,0,0,0,267.3790786910784,284.1141764705883,284.1141764705883,289.63921493077794,304.24394408868073,0,0,0,0,271.8079995131861,296.5558352941176,296.5558352941176,296.33270520570676,326.16256131183854,0,0,0,0,-17.786196325268612,,,,,,,296.33270520570676,326.16256131183854,0,0,0,0,296.33270520570676,326.16256131183854,0,0,0,0,0
1653413400,284.64,288.43,284.1,287.21,58.6858010897189,46.948640871775126,88.02870163457835,,287.21,-40,-40,-70,-55,281.03341748893666,287.82145882352927,287.82145882352927,289.63921493077794,299.2950909394892,0,0,0,0,281.4412172199175,307.83002352941145,307.83002352941145,299.23816096405983,334.644603259667,0,0,0,0,267.49437271054546,283.74087058823545,283.74087058823545,289.63921493077794,299.2950909394892,0,0,0,0,267.150319422071,292.59778823529433,292.59778823529433,295.7060834052991,326.16256131183854,0,0,0,0,-19.68321027557793,,,,,,,295.7060834052991,326.16256131183854,0,0,0,0,295.7060834052991,326.16256131183854,0,0,0,0,0
1653485400,285.66,290.82,285.52,288.4,59.8146346803499,47.85170774427992,89.72195202052484,,288.4,-20,-20,-35,-35,281.6069366400524,287.9376941176471,287.9376941176471,289.63921493077794,299.2950909394892,0,0,0,0,281.4412172199175,307.83002352941145,307.83002352941145,299.23816096405983,334.644603259667,0,0,0,0,267.68226153692024,283.4627529411764,283.4627529411764,289.63921493077794,299.2950909394892,0,0,0,0,267.150319422071,292.59778823529433,292.59778823529433,295.7060834052991,326.16256131183854,0,0,0,0,-19.68321027557793,,,,,,,295.7060834052991,326.16256131183854,0,0,0,0,295.7060834052991,326.16256131183854,0,0,0,0,0
1653499800,288.34,293.37,287,291.33,59.8146346803499,47.85170774427992,89.72195202052484,,291.33,-20,-20,-20,-20,281.7138899606581,287.97068235294114,294.2274747452242,289.63921493077794,299.2950909394892,0,0,0,0,279.65257828663835,305.9014588235295,305.9014588235295,299.23816096405983,334.644603259667,0,0,0,0,268.2423436463103,283.4741411764706,283.4741411764706,289.63921493077794,299.2950909394892,0,0,0,0,263.3829474385573,289.42385882352926,289.42385882352926,295.7060834052991,326.16256131183854,0,0,0,0,-19.68321027557793,,,,,,,295.7060834052991,326.16256131183854,0,0,0,0,295.7060834052991,326.16256131183854,0,0,0,0,0
1653571800,290.44,300.92,290.19,299.65,59.57177108268285,47.657416866146285,89.35765662402427,,299.65,10,-20,-15,10,282.67136495713413,288.9554352941176,295.23950563110105,292.34410949545475,299.2950909394892,0,0,0,0,279.65257828663835,305.9014588235295,305.9014588235295,299.23816096405983,334.644603259667,0,0,0,0,269.6387342006719,284.1849882352941,298.7312422699163,292.34410949545475,299.2950909394892,0,0,0,0,263.3829474385573,289.42385882352926,289.42385882352926,295.7060834052991,326.16256131183854,0,0,0,0,-19.68321027557793,,,,,,,295.7060834052991,326.16256131183854,0,0,0,0,295.7060834052991,326.16256131183854,0,0,0,0,0
1653586200,299.74,300.72,298.29,299.28,59.57177108268285,47.657416866146285,89.35765662402427,,299.28,5,-20,-20,5,283.8721493819327,290.1375529411763,296.4029565004199,294.3795637996524,299.2950909394892,0,0,0,0,279.65257828663835,305.9014588235295,305.9014588235295,299.23816096405983,334.644603259667,0,0,0,0,270.7307140919014,284.7508235294118,298.77093296692215,294.3795637996524,299.2950909394892,0,0,0,0,261.1022616709009,287.4501411764703,287.4501411764703,295.7060834052991,326.16256131183854,0,0,0,0,-19.315975688593316,,,,,,,295.7060834052991,326.16256131183854,0,0,0,0,295.7060834052991,326.16256131183854,0,0,0,0,0
1653658200,302.54,307.48,302.42,306.91,58.88788608369684,47.110308866957475,88.33182912554526,,306.91,15,-10,15,60,286.0651206223144,292.64559999999983,299.22607937768527,301.8835014394962,299.2950909394892,0,0,0,0,279.65257828663835,305.9014588235295,305.9014588235295,299.23816096405983,334.644603259667,0,0,0,0,272.10656979819055,285.75214117647056,299.39771255475057,301.8835014394962,299.2950909394892,0,0,0,0,261.1022616709009,287.4501411764703,287.4501411764703,295.7060834052991,326.16256131183854,0,0,0,0,-4.3159756885933165,,,,,,,295.7060834052991,326.16256131183854,0,0,1,0,295.7060834052991,326.16256131183854,0,0,0,0,0
1653672600,306.95,309.25,306.43,309.24,58.88788608369684,47.110308866957475,88.33182912554526,,309.24,10,5,10,35,288.00113924899586,295.13327058823495,302.26540192747404,303.65480481262676,299.2950909394892,0,0,0,0,280.1091554704375,305.5537176470588,305.5537176470588,299.23816096405983,334.644603259667,0,0,0,0,273.5191182404298,286.87098823529436,300.2228582301589,303.65480481262676,299.2950909394892,0,0,0,0,260.092128997077,286.4962823529413,312.9004357088056,299.65742566534664,326.16256131183854,0,0,0,0,-7.968893390797425,,,,,,,299.65742566534664,326.16256131183854,0,0,0,0,299.65742566534664,326.16256131183854,0,0,0,0,0
1654003800,309.07,311,304.33,309.09,64.07220110016313,51.257760880130505,96.1083016502447,,309.09,10,10,10,20,289.3831387756786,296.9475764705884,304.51201416549816,303.65480481262676,299.2950909394892,0,0,0,0,280.1091554704375,305.5537176470588,305.5537176470588,299.23816096405983,334.644603259667,0,0,0,0,275.0121067316666,288.0374352941175,301.0627638565683,303.65480481262676,299.2950909394892,0,0,0,0,260.092128997077,286.4962823529413,312.9004357088056,299.65742566534664,326.16256131183854,0,0,0,0,-7.968893390797425,,,,,,,299.65742566534664,326.16256131183854,0,0,0,0,299.65742566534664,326.16256131183854,0,0,0,0,0
1654018200,309.06,311.32,307.29,308.31,64.07220110016313,51.257760880130505,96.1083016502447,,308.31,5,10,5,30,290.73581091972045,298.69002352941186,306.64423613910327,304.08680485353585,299.2950909394892,0,0,0,0,280.1091554704375,305.5537176470588,305.5537176470588,299.23816096405983,334.644603259667,0,0,0,0,276.7912224237917,289.3297647058825,301.8683069879733,304.08680485353585,299.2950909394892,0,0,0,0,259.49874825822803,285.84390588235283,312.1890635064776,300.72012723185503,326.16256131183854,0,0,0,0,-7.869351655400424,,,,,,,300.72012723185503,326.16256131183854,0,0,0,0,300.72012723185503,326.16256131183854,0,0,0,0,0
1654090200,310.47,312.62,303.73,305.23,64.1867958789904,51.34943670319232,96.2801938184856,,305.23,10,-20,10,20,291.5693470404185,299.6168941176472,307.66444119487585,304.08680485353585,299.2950909394892,0,0,0,0,280.1091554704375,305.5537176470588,305.5537176470588,299.23816096405983,334.644603259667,0,0,0,0,277.67419312927626,290.0238588235296,302.373524517783,304.08680485353585,299.2950909394892,0,0,0,0,259.49874825822803,285.84390588235283,312.1890635064776,300.72012723185503,326.16256131183854,0,0,0,0,-7.869351655400424,,,,,,,300.72012723185503,326.16256131183854,0,0,0,0,300.72012723185503,326.16256131183854,0,0,0,0,0
1654104600,305.27,308.8,304.65,305.98,64.1867958789904,51.34943670319232,96.2801938184856,,305.98,5,-10,5,5,293.26399128440204,301.5155058823532,309.7670204803043,304.08680485353585,299.2950909394892,0,0,0,0,279.5850013250838,304.6728470588234,304.6728470588234,299.23816096405983,334.644603259667,0,0,0,0,278.49553627328834,290.70908235294115,302.92262843259397,304.08680485353585,299.2950909394892,0,0,0,0,258.74234280783105,285.05976470588223,285.05976470588223,300.72012723185503,326.16256131183854,0,0,0,0,-6.752756726151254,,,,,,,300.72012723185503,326.16256131183854,0,0,0,0,300.72012723185503,326.16256131183854,0,0,0,0,0
1654176600,304.85,312.22,303.41,312.14,60.13312600054271,48.10650080043417,90.19968900081406,,312.14,10,10,10,25,295.4148094493315,304.03611764705903,312.65742584478653,304.2145024989974,299.2950909394892,0,0,0,0,279.5850013250838,304.6728470588234,304.6728470588234,299.23816096405983,334.644603259667,0,0,0,0,280.02163500154984,292.05263529411775,304.08363558668566,304.2145024989974,299.2950909394892,0,0,0,0,258.74234280783105,285.05976470588223,285.05976470588223,300.72012723185503,326.16256131183854,0,0,0,0,-6.752756726151254,,,,,,,300.72012723185503,326.16256131183854,0,0,0,0,300.72012723185503,326.16256131183854,0,0,0,0,0
1654191000,312.13,314.55,311.97,314.43,60.13312600054271,48.10650080043417,90.19968900081406,,314.43,15,5,15,40,297.4826087672449,306.66395294117655,315.84529711510817,308.7142138894416,299.2950909394892,0,0,0,0,279.5850013250838,304.6728470588234,304.6728470588234,299.23816096405983,334.644603259667,0,0,0,0,281.4490746311792,293.43381176470575,305.4185488982323,308.7142138894416,299.2950909394892,0,0,0,0,259.2912973482295,285.3052235294117,311.31914971059393,305.5528882202471,326.16256131183854,0,0,0,0,-6.474937383036283,,,,,,,305.5528882202471,326.16256131183854,0,0,0,0,305.5528882202471,326.16256131183854,0,0,0,0,0
1654263000,309.03,310.45,304.925,306.68,61.44959836518622,49.15967869214898,92.17439754777934,,306.68,0,10,0,10,298.67364565799267,307.99096470588256,317.30828375377246,308.7142138894416,299.2950909394892,0,0,0,0,279.5850013250838,304.6728470588234,304.6728470588234,299.23816096405983,334.644603259667,0,0,0,0,283.0836887540984,294.61381176470616,306.14393477531394,308.7142138894416,299.2950909394892,0,0,0,0,259.2912973482295,285.3052235294117,311.31914971059393,305.5528882202471,326.16256131183854,0,0,0,0,-6.474937383036283,,,,,,,305.5528882202471,326.16256131183854,0,0,0,0,305.5528882202471,326.16256131183854,0,0,0,0,0
1654277400,306.65,307.35,305.13,306.09,61.44959836518622,49.15967869214898,92.17439754777934,,306.09,5,15,5,15,300.2697173726866,309.6521647058823,319.03461203907796,308.7142138894416,299.2950909394892,0,0,0,0,279.0694587391721,303.83468235294083,303.83468235294083,299.23816096405983,334.644603259667,0,0,0,0,284.8683601745639,295.8476705882355,306.82698100190703,308.7142138894416,299.2950909394892,0,0,0,0,258.9215033274671,284.8105176470585,284.8105176470585,305.5528882202471,326.16256131183854,0,0,0,0,-6.474937383036283,,,,,,,305.5528882202471,326.16256131183854,0,0,0,0,305.5528882202471,326.16256131183854,0,0,0,0,0
1654522200,310.75,312.34,305.62,306.91,60.36171547932309,48.28937238345847,90.54257321898463,,306.91,10,15,10,20,302.3082105053549,311.7515529411766,321.1948953769983,308.7142138894416,299.2950909394892,0,0,0,0,279.0694587391721,303.83468235294083,303.83468235294083,299.23816096405983,334.644603259667,0,0,0,0,286.10887149078826,296.84816470588214,307.587457920976,308.7142138894416,299.2950909394892,0,0,0,0,258.9215033274671,284.8105176470585,284.8105176470585,305.5528882202471,326.16256131183854,0,0,0,0,-6.474937383036283,,,,,,,305.5528882202471,326.16256131183854,0,0,0,0,305.5528882202471,326.16256131183854,0,0,0,0,0
1654536600,306.83,309.25,305.82,307.28,60.36171547932309,48.28937238345847,90.54257321898463,,307.28,15,15,15,25,303.1967149320531,312.7448941176473,322.29307330324144,308.7142138894416,299.2950909394892,0,0,0,0,279.0694587391721,303.83468235294083,303.83468235294083,299.23816096405983,334.644603259667,0,0,0,0,287.0171533038608,297.6675294117649,308.317905519669,308.7142138894416,299.2950909394892,0,0,0,0,259.2913550482386,284.8151764705882,284.8151764705882,305.5528882202471,326.16256131183854,0,0,0,0,-6.474937383036283,,,,,,,305.5528882202471,326.16256131183854,0,0,0,0,305.5528882202471,326.16256131183854,0,0,0,0,0
1654608600,303.81,309.82,302.72,308.585,63.32183631768142,50.65746905414514,94.98275447652213,,308.585,15,15,15,15,303.90824355873866,313.4694941176475,323.03074467655637,308.7142138894416,299.2950909394892,0,0,0,0,279.0694587391721,303.83468235294083,303.83468235294083,299.23816096405983,334.644603259667,0,0,0,0,287.93688308512935,298.5406470588232,309.14441103251704,308.7142138894416,299.2950909394892,0,0,0,0,259.2913550482386,284.8151764705882,284.8151764705882,305.5528882202471,326.16256131183854,0,0,0,0,-6.474937383036283,,,,,,,305.5528882202471,326.16256131183854,0,0,0,0,305.5528882202471,326.16256131183854,0,0,0,0,0
1654623000,308.66,310.66,308.14,309.95,63.32183631768142,50.65746905414514,94.98275447652213,,309.95,15,10,15,15,304.7119219930127,314.2924823529413,323.8730427128699,308.7142138894416,299.2950909394892,0,0,0,0,279.7687977956122,303.7449882352941,303.7449882352941,299.23816096405983,334.644603259667,0,0,0,0,289.38951720014,299.7970823529411,310.20464750574223,308.7142138894416,299.2950909394892,0,0,0,0,260.04904503445533,285.13696470588224,310.22488437730914,305.5528882202471,326.16256131183854,0,0,0,0,-6.474937383036283,,,,,,,305.5528882202471,326.16256131183854,0,0,0,0,305.5528882202471,326.16256131183854,0,0,0,0,0
1654695000,309.05,311.71,307.42,307.91,62.82360464967211,50.258883719737696,94.23540697450817,,307.91,10,15,10,10,305.33479056149685,314.8340352941178,324.3332800267388,308.7142138894416,299.2950909394892,0,0,0,0,279.7687977956122,303.7449882352941,303.7449882352941,299.23816096405983,334.644603259667,0,0,0,0,290.85119119984284,300.9755176470588,311.0998440942747,308.7142138894416,299.2950909394892,0,0,0,0,260.04904503445533,285.13696470588224,310.22488437730914,305.5528882202471,326.16256131183854,0,0,0,0,-6.474937383036283,,,,,,,305.5528882202471,326.16256131183854,0,0,0,0,305.5528882202471,326.16256131183854,0,0,0,0,0
1654709400,307.81,308.63,306.79,307.71,62.82360464967211,50.258883719737696,94.23540697450817,,307.71,10,15,10,10,305.5848151738074,314.4436588235295,323.30250247325165,308.7142138894416,299.2950909394892,0,0,0,0,279.7687977956122,303.7449882352941,303.7449882352941,299.23816096405983,334.644603259667,0,0,0,0,292.263593886452,302.1255764705883,311.98755905472467,308.7142138894416,299.2950909394892,0,0,0,0,261.17838063899706,285.62442352941173,285.62442352941173,305.5528882202471,326.16256131183854,0,0,0,0,-6.474937383036283,,,,,,,305.5528882202471,326.16256131183854,0,0,0,0,305.5528882202471,326.16256131183854,0,0,0,0,0
1654781400,305.9,309.03,305.03,306.12,60.94427174419704,48.75541739535763,91.41640761629556,,306.12,10,15,10,10,305.498700336265,313.796717647059,313.796717647059,308.7142138894416,299.2950909394892,0,0,0,0,279.7687977956122,303.7449882352941,303.7449882352941,299.23816096405983,334.644603259667,0,0,0,0,293.62316310705074,303.18537647058827,312.7475898341258,308.7142138894416,299.2950909394892,0,0,0,0,261.17838063899706,285.62442352941173,285.62442352941173,305.5528882202471,326.16256131183854,0,0,0,0,-6.474937383036283,,,,,,,305.5528882202471,326.16256131183854,0,0,0,0,305.5528882202471,326.16256131183854,0,0,0,0,0
1654795800,306.07,306.07,299.23,299.28,60.94427174419704,48.75541739535763,91.41640761629556,,299.28,15,-20,15,-10,304.49832332567837,312.48638823529427,312.48638823529427,305.0295505970619,299.2950909394892,0,0,0,0,279.0992492515866,302.73103529411736,302.73103529411736,299.23816096405983,334.644603259667,0,0,0,0,295.51307515037894,304.16981176470586,304.16981176470586,305.0295505970619,299.2950909394892,0,0,0,0,262.2601148051211,285.8580235294118,285.8580235294118,305.5528882202471,326.16256131183854,0,0,0,0,-6.474937383036283,,,,,,,305.5528882202471,326.16256131183854,0,0,0,0,305.5528882202471,326.16256131183854,0,0,0,0,0
1654867800,293.65,294.81,288.39,289.8,60.7308993532469,48.58471948259752,91.09634902987034,,289.8,15,-10,15,-30,301.2995379447517,309.49954117647087,309.49954117647087,293.66619413726266,299.2950909394892,0,0,0,0,279.0992492515866,302.73103529411736,302.73103529411736,299.23816096405983,334.644603259667,0,0,0,0,295.314970343371,303.87579999999997,303.87579999999997,293.66619413726266,299.2950909394892,0,0,0,0,262.2601148051211,285.8580235294118,285.8580235294118,300.72967318943,326.16256131183854,0,0,0,0,-21.752207960824506,,,,,,,300.72967318943,326.16256131183854,0,0,0,0,300.72967318943,326.16256131183854,0,0,0,0,0
1654882200,289.79,292.04,288.64,288.71,60.7308993532469,48.58471948259752,91.09634902987034,,288.71,10,-15,10,0,298.212375551918,305.9755647058826,305.9755647058826,293.66619413726266,299.2950909394892,0,0,0,0,279.0992492515866,302.73103529411736,302.73103529411736,299.23816096405983,334.644603259667,0,0,0,0,295.015750612996,303.5129882352941,303.5129882352941,293.66619413726266,299.2950909394892,0,0,0,0,262.23980119456394,285.27658823529396,285.27658823529396,297.77969653304217,326.16256131183854,0,0,0,0,-21.921792299642565,,,,,,,297.77969653304217,326.16256131183854,0,0,0,0,297.77969653304217,326.16256131183854,0,0,0,0,0
1655127000,279.75,282.3,276.09,277.85,53.586886952729074,42.86950956218326,80.38033042909362,,277.85,-20,-10,-20,-45,292.0507233895735,300.7103882352941,300.7103882352941,285.4102608484579,299.2950909394892,0,0,0,0,279.0992492515866,302.73103529411736,302.73103529411736,299.23816096405983,334.644603259667,0,0,0,0,293.4315994634101,302.29085882352933,302.29085882352933,285.4102608484579,299.2950909394892,0,0,0,0,262.23980119456394,285.27658823529396,285.27658823529396,288.531146780682,326.16256131183854,0,0,0,0,-22.45346064060509,,,,,,,288.531146780682,326.16256131183854,0,0,0,0,288.531146780682,326.16256131183854,0,0,0,0,0
1655141400,277.8,279.62,274.53,275.47,53.586886952729074,42.86950956218326,80.38033042909362,,275.47,-15,-35,-40,-80,285.5296218671985,295.36777647058847,295.36777647058847,280.21695960912945,292.14458057829023,0,0,0,0,274.9666577147918,299.50279999999964,299.50279999999964,292.06994923970205,334.644603259667,0,0,0,0,291.5559331862318,300.8798588235297,300.8798588235297,280.21695960912945,292.14458057829023,0,0,0,0,260.6952814945422,283.6544705882354,283.6544705882354,285.7696362963476,326.16256131183854,0,0,0,0,-25.289757124783264,,,,,,,285.7696362963476,326.16256131183854,0,0,0,0,285.7696362963476,326.16256131183854,0,0,0,0,0
1655213400,277.75,278.66,274.225,277.32,45.28843433468522,36.23074746774818,67.93265150202782,,277.32,-10,-20,-20,-45,279.6279527061813,290.53194117647075,290.53194117647075,280.21695960912945,292.14458057829023,0,0,0,0,274.9666577147918,299.50279999999964,299.50279999999964,292.06994923970205,334.644603259667,0,0,0,0,289.5508964393895,299.3223411764705,299.3223411764705,280.21695960912945,292.14458057829023,0,0,0,0,260.6952814945422,283.6544705882354,283.6544705882354,284.6871622751799,326.16256131183854,0,0,0,0,-25.351984953186562,,,,,,,284.6871622751799,326.16256131183854,0,0,0,0,284.6871622751799,326.16256131183854,0,0,0,0,0
1655227800,277.33,277.43,273.34,276.05,45.28843433468522,36.23074746774818,67.93265150202782,,276.05,-15,-35,-40,-65,274.2057398132771,286.254905882353,286.254905882353,280.21695960912945,288.14443196555527,0,0,0,0,274.9666577147918,299.50279999999964,299.50279999999964,288.11209572258053,334.644603259667,0,0,0,0,287.3646092158526,297.60232941176474,297.60232941176474,280.21695960912945,288.14443196555527,0,0,0,0,259.4893915148484,282.2485882352941,282.2485882352941,283.31879354123845,326.16256131183854,0,0,0,0,-26.909027322569045,,,,,,,283.31879354123845,326.16256131183854,0,0,0,0,283.31879354123845,326.16256131183854,0,0,0,0,0
1655299800,279.415,281.49,278.78,280.725,44.585723565542274,35.66857885243382,66.87858534831341,,280.725,-10,-20,-20,-45,270.24971060070766,282.95656470588233,282.95656470588233,280.21695960912945,288.14443196555527,0,0,0,0,274.9666577147918,299.50279999999964,299.50279999999964,288.11209572258053,334.644603259667,0,0,0,0,285.9528414387086,296.4411058823532,296.4411058823532,280.21695960912945,288.14443196555527,0,0,0,0,259.4893915148484,282.2485882352941,282.2485882352941,283.31879354123845,326.16256131183854,0,0,0,0,-26.909027322569045,,,,,,,283.31879354123845,326.16256131183854,0,0,0,0,283.31879354123845,326.16256131183854,0,0,0,0,0
1655314200,280.745,286.82,276.63,282.89,44.585723565542274,35.66857885243382,66.87858534831341,,282.89,-15,-25,-40,-15,268.031148490365,281.04115294117656,281.04115294117656,280.21695960912945,288.14443196555527,0,0,0,0,271.1577840286729,296.4710588235296,296.4710588235296,288.11209572258053,334.644603259667,0,0,0,0,284.83434137177125,295.4925647058826,295.4925647058826,280.21695960912945,288.14443196555527,0,0,0,0,260.01461465344744,281.87790588235305,281.87790588235305,283.31879354123845,326.16256131183854,0,0,0,0,-26.909027322569045,,,,,,,283.31879354123845,326.16256131183854,0,0,0,0,283.31879354123845,326.16256131183854,0,0,0,0,0
1655386200,275.59,276.05,270.74,272.85,45.49430685136655,36.39544548109324,68.24146027704982,,272.85,-30,-20,-45,-60,263.9797247695027,277.8073647058823,277.8073647058823,277.9281048525875,288.14443196555527,0,0,0,0,271.1577840286729,296.4710588235296,296.4710588235296,288.11209572258053,334.644603259667,0,0,0,0,282.39741002945294,293.5637647058825,293.5637647058825,277.9281048525875,288.14443196555527,0,0,0,0,260.01461465344744,281.87790588235305,281.87790588235305,282.6436659657802,326.16256131183854,0,0,0,0,-26.947838159683297,,,,,,,282.6436659657802,326.16256131183854,0,0,0,0,282.6436659657802,326.16256131183854,0,0,0,0,0
1655400600,272.82,273.18,269.29,271.62,45.49430685136655,36.39544548109324,68.24146027704982,,271.62,-25,-35,-55,-70,260.076993518986,274.64538823529426,274.64538823529426,276.0942842861596,285.927903072341,0,0,0,0,271.1577840286729,296.4710588235296,296.4710588235296,285.8857866179393,334.644603259667,0,0,0,0,279.799600667427,291.4721176470589,291.4721176470589,276.0942842861596,285.927903072341,0,0,0,0,258.9235861819344,280.4968000000001,280.4968000000001,279.5805469682245,326.16256131183854,0,0,0,0,-27.955521254446708,,,,,,,279.5805469682245,326.16256131183854,0,0,0,0,279.5805469682245,326.16256131183854,0,0,0,0,0
1655472600,272.18,277.18,270.52,276.03,41.052987407897746,32.8423899263182,61.57948111184662,,276.03,-20,-10,-35,-20,257.61552634240894,272.4964235294119,272.4964235294119,276.0942842861596,285.927903072341,0,0,0,0,271.1577840286729,296.4710588235296,296.4710588235296,285.8857866179393,334.644603259667,0,0,0,0,277.69547878141884,289.6566588235296,289.6566588235296,276.0942842861596,285.927903072341,0,0,0,0,258.9235861819344,280.4968000000001,280.4968000000001,279.5805469682245,326.16256131183854,0,0,0,0,-27.955521254446708,,,,,,,279.5805469682245,326.16256131183854,0,0,0,0,279.5805469682245,326.16256131183854,0,0,0,0,0
1655487000,276.14,276.87,274.1,274.71,41.052987407897746,32.8423899263182,61.57948111184662,,274.71,-40,-50,-40,-25,255.19296559996113,270.3826117647062,270.3826117647062,276.0942842861596,285.927903072341,0,0,0,0,266.3053281037024,292.7084941176472,292.7084941176472,285.8857866179393,334.644603259667,0,0,0,0,275.56092607395493,287.861011764706,287.861011764706,276.0942842861596,285.927903072341,0,0,0,0,257.91025230184425,279.26941176470586,279.26941176470586,279.5805469682245,306.6220159576068,0,0,0,0,-26.931267749235207,,,,,,,279.5805469682245,306.6220159576068,0,0,0,0,279.5805469682245,306.6220159576068,0,0,0,0,0
1655818200,278.75,283.44,278.67,281.95,41.52603802826887,33.2208304226151,62.28905704240331,,281.95,0,-35,10,0,254.62495576005986,269.72477647058855,269.72477647058855,276.0942842861596,285.927903072341,0,0,0,0,266.3053281037024,292.7084941176472,292.7084941176472,285.8857866179393,334.644603259667,0,0,0,0,274.6597609697491,287.06795294117626,287.06795294117626,276.0942842861596,285.927903072341,0,0,0,0,257.91025230184425,279.26941176470586,279.26941176470586,279.5805469682245,306.6220159576068,0,0,0,0,-26.931267749235207,,,,,,,279.5805469682245,306.6220159576068,0,0,0,0,279.5805469682245,306.6220159576068,0,0,0,0,0
1655832600,282.04,282.46,280.75,281.21,41.52603802826887,33.2208304226151,62.28905704240331,,281.21,0,-40,-30,10,254.6860007449627,269.4789411764705,269.4789411764705,276.0942842861596,285.927903072341,0,0,0,0,266.3053281037024,292.7084941176472,292.7084941176472,285.8857866179393,334.644603259667,0,0,0,0,273.77753182980797,286.2888470588236,286.2888470588236,276.0942842861596,285.927903072341,0,0,0,0,257.95553748452585,278.7566588235294,278.7566588235294,279.5805469682245,306.6220159576068,0,0,0,0,-25.324739886272273,,,,,,,279.5805469682245,306.6220159576068,0,0,0,0,279.5805469682245,306.6220159576068,0,0,0,0,0
1655904600,278.52,285.17,277.93,283.29,41.75961573976737,33.4076925918139,62.639423609651054,,283.29,0,-35,-15,25,255.85554979519378,270.0268235294118,284.1980972636298,276.76496289432737,285.927903072341,0,0,0,0,266.3053281037024,292.7084941176472,292.7084941176472,285.8857866179393,334.644603259667,0,0,0,0,273.07913602628673,285.65752941176453,285.65752941176453,276.76496289432737,285.927903072341,0,0,0,0,257.95553748452585,278.7566588235294,278.7566588235294,279.5805469682245,306.6220159576068,0,0,0,0,-25.324739886272273,,,,,,,279.5805469682245,306.6220159576068,0,0,0,0,279.5805469682245,306.6220159576068,0,0,0,0,0
1655919000,283.29,284.54,280.23,280.69,41.75961573976737,33.4076925918139,62.639423609651054,,280.69,0,-35,-15,10,255.99705660370205,269.90531764705867,269.90531764705867,276.76496289432737,285.927903072341,0,0,0,0,262.2134856256226,289.41555294117666,289.41555294117666,285.8857866179393,334.644603259667,0,0,0,0,272.0920717903585,284.79244705882365,284.79244705882365,276.76496289432737,285.927903072341,0,0,0,0,257.836742789805,278.1858823529411,278.1858823529411,279.5805469682245,306.6220159576068,0,0,0,0,-24.437712242937522,,,,,,,279.5805469682245,306.6220159576068,0,0,0,0,279.5805469682245,306.6220159576068,0,0,0,0,0
1655991000,283.21,285.14,280.32,281.14,40.2740840372644,32.21926722981152,60.4111260558966,,281.14,15,-10,-10,15,256.7179381294415,270.25755294117636,270.25755294117636,276.76496289432737,285.927903072341,0,0,0,0,262.2134856256226,289.41555294117666,289.41555294117666,285.8857866179393,334.644603259667,0,0,0,0,271.5073490688581,284.23630588235295,284.23630588235295,276.76496289432737,285.927903072341,0,0,0,0,257.836742789805,278.1858823529411,278.1858823529411,279.5805469682245,306.6220159576068,0,0,0,0,-24.437712242937522,,,,,,,279.5805469682245,306.6220159576068,0,0,0,0,279.5805469682245,306.6220159576068,0,0,0,0,0
1656005400,281.11,285.71,280.65,284.9,40.2740840372644,32.21926722981152,60.4111260558966,,284.9,10,-10,-15,35,258.26668634161604,271.23374117647063,284.2007960113252,280.2097525389354,285.927903072341,0,0,0,0,262.2134856256226,289.41555294117666,289.41555294117666,285.8857866179393,334.644603259667,0,0,0,0,271.45697679055627,284.1023058823529,284.1023058823529,280.2097525389354,285.927903072341,0,0,0,0,257.7541905526546,277.7704000000002,277.7704000000002,279.5805469682245,306.6220159576068,0,0,0,0,-24.437712242937522,,,,,,,279.5805469682245,306.6220159576068,0,0,0,0,279.5805469682245,306.6220159576068,0,0,0,0,0
1656077400,287.74,293.4,287.52,291.855,42.5503309299714,34.040264743977126,63.8254963949571,,291.855,15,-10,15,60,261.0655983827424,273.4569999999999,285.84840161725737,287.0883070361229,285.927903072341,0,0,0,0,262.2134856256226,289.41555294117666,289.41555294117666,285.8857866179393,334.644603259667,0,0,0,0,271.3868585796902,284.0329294117646,296.67900024383897,287.0883070361229,285.927903072341,0,0,0,0,257.7541905526546,277.7704000000002,277.7704000000002,281.49948529893453,306.6220159576068,0,0,0,0,-9.320368765208293,,,,,,,281.49948529893453,306.6220159576068,0,0,0,0,281.49948529893453,306.6220159576068,0,0,0,0,0
1656091800,291.82,295,291.38,295,42.5503309299714,34.040264743977126,63.8254963949571,,295,15,5,15,40,264.5155335405421,276.24519999999984,287.9748664594576,288.70022392400386,285.927903072341,0,0,0,0,261.0995649925036,288.2251999999997,288.2251999999997,285.8857866179393,334.644603259667,0,0,0,0,271.48356153245834,284.13065882352936,296.7777561146004,288.70022392400386,285.927903072341,0,0,0,0,258.67740156255246,278.18701176470586,297.69662196685925,285.5309506347249,306.6220159576068,0,0,0,0,-8.574887074467997,,,,,,,285.5309506347249,306.6220159576068,0,0,1,0,285.5309506347249,306.6220159576068,0,0,0,0,0
1656336600,296,296.57,291.95,293.22,42.41580872186976,33.93264697749581,63.62371308280464,,293.22,10,10,10,35,268.474604053704,279.3261882352943,290.1777724168846,288.7816216487585,285.927903072341,0,0,0,0,261.0995649925036,288.2251999999997,288.2251999999997,285.8857866179393,334.644603259667,0,0,0,0,271.398872000836,284.03937647058837,296.67988094034075,288.7816216487585,285.927903072341,0,0,0,0,258.67740156255246,278.18701176470586,297.69662196685925,286.1887398751017,306.6220159576068,0,0,0,0,-8.534663125712893,,,,,,,286.1887398751017,306.6220159576068,0,0,0,0,286.1887398751017,306.6220159576068,0,0,0,0,0
1656351000,293.15,293.33,291.3,292.48,42.41580872186976,33.93264697749581,63.62371308280464,,292.48,10,10,10,20,272.51058184831294,282.32750588235325,292.14442991639356,288.7816216487585,285.927903072341,0,0,0,0,261.0995649925036,288.2251999999997,288.2251999999997,285.8857866179393,334.644603259667,0,0,0,0,271.23434483371045,283.8659764705885,296.4976081074666,288.7816216487585,285.927903072341,0,0,0,0,260.12739432651273,278.8174117647061,278.8174117647061,286.1887398751017,306.6220159576068,0,0,0,0,-8.534663125712893,,,,,,,286.1887398751017,306.6220159576068,0,0,0,0,286.1887398751017,306.6220159576068,0,0,0,0,0
1656423000,293,295.64,285.1,286.04,41.77775238230855,33.42220190584684,62.66662857346282,,286.04,10,-20,10,20,275.8534481758294,284.51183529411776,284.51183529411776,288.7816216487585,285.927903072341,0,0,0,0,261.0995649925036,288.2251999999997,288.2251999999997,285.8857866179393,334.644603259667,0,0,0,0,270.27327333709025,282.81579999999997,282.81579999999997,288.7816216487585,285.927903072341,0,0,0,0,260.12739432651273,278.8174117647061,278.8174117647061,286.1887398751017,306.6220159576068,0,0,0,0,-8.534663125712893,,,,,,,286.1887398751017,306.6220159576068,0,0,0,0,286.1887398751017,306.6220159576068,0,0,0,0,0
1656437400,285.89,286.19,283.35,283.49,41.77775238230855,33.42220190584684,62.66662857346282,,283.49,10,-10,10,-5,278.86335014959536,286.27315294117653,286.27315294117653,288.07570823503306,285.927903072341,0,0,0,0,259.4430613703333,286.5539294117644,286.5539294117644,285.8857866179393,334.644603259667,0,0,0,0,269.28161933701205,281.88108235294135,281.88108235294135,288.07570823503306,285.927903072341,0,0,0,0,260.30344413396716,278.5659999999998,278.5659999999998,286.1887398751017,306.6220159576068,0,0,0,0,-8.534663125712893,,,,,,,286.1887398751017,306.6220159576068,0,0,0,0,286.1887398751017,306.6220159576068,0,0,0,0,0
1656509400,283.4,285.34,280.86,282.96,40.86003643168714,32.68802914534972,61.29005464753071,,282.96,15,-10,15,0,281.1375329043804,287.6707058823529,287.6707058823529,287.96517699857435,285.927903072341,0,0,0,0,259.4430613703333,286.5539294117644,286.5539294117644,285.8857866179393,334.644603259667,0,0,0,0,268.354741449484,281.0314941176472,281.0314941176472,287.96517699857435,285.927903072341,0,0,0,0,260.30344413396716,278.5659999999998,278.5659999999998,286.1887398751017,306.6220159576068,0,0,0,0,-8.534663125712893,,,,,,,286.1887398751017,306.6220159576068,0,0,0,0,286.1887398751017,306.6220159576068,0,0,0,0,0
1656523800,282.94,284.77,282.61,283.89,40.86003643168714,32.68802914534972,61.29005464753071,,283.89,15,-15,15,0,282.0565711550437,288.4584000000003,288.4584000000003,287.8288005753014,285.927903072341,0,0,0,0,259.4430613703333,286.5539294117644,286.5539294117644,285.8857866179393,334.644603259667,0,0,0,0,267.61563768333775,280.3543764705884,280.3543764705884,287.8288005753014,285.927903072341,0,0,0,0,260.7333047513917,278.4743294117647,278.4743294117647,286.1887398751017,306.6220159576068,0,0,0,0,-8.534663125712893,,,,,,,286.1887398751017,306.6220159576068,0,0,0,0,286.1887398751017,306.6220159576068,0,0,0,0,0
1656595800,280.75,283.87,275.79,282.085,40.534423660010674,32.42753892800854,60.80163549001601,,282.085,15,-10,15,-30,282.7533228908374,288.960505882353,288.960505882353,285.2974576770656,285.927903072341,0,0,0,0,259.4430613703333,286.5539294117644,286.5539294117644,285.8857866179393,334.644603259667,0,0,0,0,266.4354558433259,279.21270588235325,279.21270588235325,285.2974576770656,285.927903072341,0,0,0,0,260.7333047513917,278.4743294117647,278.4743294117647,286.1887398751017,306.6220159576068,0,0,0,0,-23.534663125712896,,,,,,,286.1887398751017,306.6220159576068,0,0,0,0,286.1887398751017,306.6220159576068,0,0,0,0,0
1656610200,282.09,283.45,278.69,280.22,40.534423660010674,32.42753892800854,60.80163549001601,,280.22,20,-10,20,10,282.1957617921819,288.3518470588239,288.3518470588239,285.2974576770656,285.927903072341,0,0,0,0,257.0137067876123,284.41021176470576,284.41021176470576,285.8857866179393,334.644603259667,0,0,0,0,265.1575116577689,278.0312705882352,278.0312705882352,285.2974576770656,285.927903072341,0,0,0,0,261.6997124627085,278.54129411764694,278.54129411764694,286.1887398751017,306.6220159576068,0,0,0,0,-23.534663125712896,,,,,,,286.1887398751017,306.6220159576068,0,0,0,0,286.1887398751017,306.6220159576068,0,0,0,0,0
1656682200,278.95,282.25,277.03,278.84,40.250569944223116,32.200455955378494,60.375854916334674,,278.84,15,-10,15,-10,281.2514925256584,287.2967411764708,287.2967411764708,283.5131430603519,285.927903072341,0,0,0,0,257.0137067876123,284.41021176470576,284.41021176470576,285.8857866179393,334.644603259667,0,0,0,0,263.8031744686044,276.806729411765,276.806729411765,283.5131430603519,285.927903072341,0,0,0,0,261.6997124627085,278.54129411764694,278.54129411764694,286.1887398751017,306.6220159576068,0,0,0,0,-23.534663125712896,,,,,,,286.1887398751017,306.6220159576068,0,0,0,0,286.1887398751017,306.6220159576068,0,0,0,0,0
1656696600,278.85,282.53,278.78,282.12,40.250569944223116,32.200455955378494,60.375854916334674,,282.12,-20,-10,20,10,280.7837862643224,286.7087176470591,286.7087176470591,283.5131430603519,285.927903072341,0,0,0,0,257.0137067876123,284.41021176470576,284.41021176470576,285.8857866179393,323.24340213611094,0,0,0,0,262.8954632599099,275.9765647058825,275.9765647058825,283.5131430603519,285.927903072341,0,0,0,0,262.6860277415919,278.70515294117666,278.70515294117666,286.1887398751017,306.6220159576068,0,0,0,0,-19.768148229777616,,,,,,,286.1887398751017,306.6220159576068,0,0,0,0,286.1887398751017,306.6220159576068,0,0,0,0,0
1657027800,278.31,283.65,276.77,283.46,40.768847208908305,32.61507776712664,61.153270813362454,,283.46,-10,-10,15,5,280.1898406418738,285.9589764705885,291.7281122993032,283.5131430603519,285.927903072341,0,0,0,0,257.0137067876123,284.41021176470576,284.41021176470576,285.8857866179393,323.24340213611094,0,0,0,0,262.51375291813616,275.60491764705876,275.60491764705876,283.5131430603519,285.927903072341,0,0,0,0,262.6860277415919,278.70515294117666,278.70515294117666,286.1887398751017,306.6220159576068,0,0,0,0,-19.768148229777616,,,,,,,286.1887398751017,306.6220159576068,0,0,0,0,286.1887398751017,306.6220159576068,0,0,0,0,0
1657042200,283.5,287.07,283.09,287.02,40.768847208908305,32.61507776712664,61.153270813362454,,287.02,-5,5,20,20,280.565049121957,286.36075294117677,292.15645676039657,283.5131430603519,285.927903072341,0,0,0,0,255.63632805500137,283.01247058823475,283.01247058823475,285.8857866179393,323.24340213611094,0,0,0,0,262.4694384558574,275.53298823529406,288.5965380147307,283.5131430603519,285.927903072341,0,0,0,0,263.76691352109316,279.10065882352956,279.10065882352956,286.1887398751017,306.6220159576068,0,0,0,0,-19.768148229777616,,,,,,,286.1887398751017,306.6220159576068,0,0,0,0,286.1887398751017,306.6220159576068,0,0,0,0,0
1657114200,287.4,288.72,285.63,287.66,40.67716636891227,32.541733095129814,61.0157495533684,,287.66,-10,10,15,15,281.22992306035417,287.0731529411768,292.9163828219994,283.5131430603519,285.927903072341,0,0,0,0,255.63632805500137,283.01247058823475,283.01247058823475,285.8857866179393,323.24340213611094,0,0,0,0,262.9569879343397,275.84480000000036,288.73261206566104,283.5131430603519,285.927903072341,0,0,0,0,263.76691352109316,279.10065882352956,279.10065882352956,286.1887398751017,306.6220159576068,0,0,0,0,-19.768148229777616,,,,,,,286.1887398751017,306.6220159576068,0,0,0,0,286.1887398751017,306.6220159576068,0,0,0,0,0
1657128600,287.63,290.92,286.53,288.74,40.67716636891227,32.541733095129814,61.0157495533684,,288.74,-5,10,20,35,281.62908900055476,287.2092235294116,292.7893580582684,284.52723534162203,285.927903072341,0,0,0,0,255.63632805500137,283.01247058823475,283.01247058823475,285.8857866179393,323.24340213611094,0,0,0,0,263.7490449975155,276.37896470588254,289.00888441424956,284.52723534162203,285.927903072341,0,0,0,0,264.49071590736526,279.40007058823517,279.40007058823517,286.1887398751017,306.6220159576068,0,0,0,0,-19.768148229777616,,,,,,,286.1887398751017,306.6220159576068,0,0,0,0,286.1887398751017,306.6220159576068,0,0,0,0,0
1657200600,289.68,294.29,289.65,293.76,41.44194132881868,33.15355306305494,62.16291199322802,,293.76,15,15,15,60,282.34565507384735,287.62550588235325,292.90535669085915,288.9436110853782,285.927903072341,0,0,0,0,255.63632805500137,283.01247058823475,283.01247058823475,285.8857866179393,323.24340213611094,0,0,0,0,264.98065355787077,277.34515294117676,289.70965232448276,288.9436110853782,285.927903072341,0,0,0,0,264.49071590736526,279.40007058823517,279.40007058823517,286.1887398751017,306.6220159576068,0,0,0,0,-4.768148229777616,,,,,,,286.1887398751017,306.6220159576068,0,0,1,0,286.1887398751017,306.6220159576068,0,0,0,0,0
1657215000,293.69,295.69,293.63,294.94,41.44194132881868,33.15355306305494,62.16291199322802,,294.94,20,15,20,45,283.13783472416605,288.4272705882352,293.7167064523044,291.52219527259655,285.927903072341,0,0,0,0,255.25532319628422,282.3796470588236,282.3796470588236,285.8857866179393,323.24340213611094,0,0,0,0,266.29030433109745,278.407835294118,290.52536625713856,291.52219527259655,285.927903072341,0,0,0,0,266.219960240924,280.4326588235292,294.6453574061344,288.7057072122553,306.6220159576068,0,0,0,0,-4.614235154018064,,,,,,,288.7057072122553,306.6220159576068,0,0,0,0,288.7057072122553,306.6220159576068,0,0,0,0,0
1657287000,292.08,296.74,291.13,294.52,43.605052712040106,34.88404216963209,65.40757906806016,,294.52,0,15,0,10,283.90496388872594,289.1267764705883,294.3485890524507,291.52219527259655,285.927903072341,0,0,0,0,255.25532319628422,282.3796470588236,282.3796470588236,285.8857866179393,323.24340213611094,0,0,0,0,267.40306058510305,279.3461647058823,291.28926882666156,291.52219527259655,285.927903072341,0,0,0,0,266.219960240924,280.4326588235292,294.6453574061344,288.7057072122553,306.6220159576068,0,0,0,0,-4.614235154018064,,,,,,,288.7057072122553,306.6220159576068,0,0,0,0,288.7057072122553,306.6220159576068,0,0,0,0,0
1657301400,294.56,296.22,294.17,295.38,43.605052712040106,34.88404216963209,65.40757906806016,,295.38,15,10,15,40,284.7437919932655,290.18943529411763,295.63507859496974,291.9586729274424,285.927903072341,0,0,0,0,255.25532319628422,282.3796470588236,282.3796470588236,285.8857866179393,323.24340213611094,0,0,0,0,268.6569026966164,280.4064705882354,292.1560384798544,291.9586729274424,285.927903072341,0,0,0,0,267.14966462297764,281.07778823529424,295.00591184761083,289.40553325954664,306.6220159576068,0,0,0,0,-4.571440645783772,,,,,,,289.40553325954664,306.6220159576068,0,0,0,0,289.40553325954664,306.6220159576068,0,0,0,0,0
1657546200,292.88,293.11,288.16,291.08,42.04163646397937,33.6333091711835,63.06245469596906,,291.08,0,15,0,10,284.95249373137614,290.33764705882356,295.722800386271,291.9586729274424,285.927903072341,0,0,0,0,255.25532319628422,282.3796470588236,282.3796470588236,285.8857866179393,323.24340213611094,0,0,0,0,270.09530118166543,281.40423529411777,292.7131694065701,291.9586729274424,285.927903072341,0,0,0,0,267.14966462297764,281.07778823529424,295.00591184761083,289.40553325954664,306.6220159576068,0,0,0,0,-4.571440645783772,,,,,,,289.40553325954664,306.6220159576068,0,0,0,0,289.40553325954664,306.6220159576068,0,0,0,0,0
1657560600,291.06,291.79,288.22,288.97,42.04163646397937,33.6333091711835,63.06245469596906,,288.97,10,15,10,20,284.9755837090978,290.3160000000001,290.3160000000001,291.9586729274424,285.927903072341,0,0,0,0,253.7949245885059,280.99729411764713,280.99729411764713,285.8857866179393,323.24340213611094,0,0,0,0,271.6534867235465,282.37931764705877,293.10514857057103,291.9586729274424,285.927903072341,0,0,0,0,267.5955188129792,281.2690352941175,281.2690352941175,289.40553325954664,306.6220159576068,0,0,0,0,-6.831349583344937,,,,,,,289.40553325954664,306.6220159576068,0,0,0,0,289.40553325954664,306.6220159576068,0,0,0,0,0
1657632600,290.32,292.22,286.9,288.77,40.24424087589775,32.1953927007182,60.366361313846625,,288.77,10,15,10,10,284.8863340289446,290.08324705882353,290.08324705882353,291.9586729274424,285.927903072341,0,0,0,0,253.7949245885059,280.99729411764713,280.99729411764713,285.8857866179393,323.24340213611094,0,0,0,0,272.6704250002361,283.08877647058836,293.5071279409406,291.9586729274424,285.927903072341,0,0,0,0,267.5955188129792,281.2690352941175,281.2690352941175,289.40553325954664,306.6220159576068,0,0,0,0,-6.831349583344937,,,,,,,289.40553325954664,306.6220159576068,0,0,0,0,289.40553325954664,306.6220159576068,0,0,0,0,0
1657647000,288.8,289.43,284.62,286.19,40.24424087589775,32.1953927007182,60.366361313846625,,286.19,15,15,15,0,284.29261451470205,289.3954588235293,289.3954588235293,289.70235797492876,285.927903072341,0,0,0,0,253.7949245885059,280.99729411764713,280.99729411764713,285.8857866179393,323.24340213611094,0,0,0,0,273.5031409643872,283.6164470588235,283.6164470588235,289.70235797492876,285.927903072341,0,0,0,0,268.79062120886647,281.7580941176471,281.7580941176471,289.40553325954664,306.6220159576068,0,0,0,0,-6.831349583344937,,,,,,,289.40553325954664,306.6220159576068,0,0,0,0,289.40553325954664,306.6220159576068,0,0,0,0,0
1657719000,280.56,288.005,280.04,287.13,38.972046671262554,31.177637337010044,58.458070006893834,,287.13,15,15,15,15,283.7998509970495,288.86847058823497,288.86847058823497,289.70235797492876,285.927903072341,0,0,0,0,253.7949245885059,280.99729411764713,280.99729411764713,285.8857866179393,323.24340213611094,0,0,0,0,274.54770709361634,284.2967294117649,284.2967294117649,289.70235797492876,285.927903072341,0,0,0,0,268.79062120886647,281.7580941176471,281.7580941176471,289.40553325954664,306.6220159576068,0,0,0,0,-6.831349583344937,,,,,,,289.40553325954664,306.6220159576068,0,0,0,0,289.40553325954664,306.6220159576068,0,0,0,0,0
1657733400,287.07,287.71,285.29,285.65,38.972046671262554,31.177637337010044,58.458070006893834,,285.65,15,10,15,15,283.87139875311965,288.89328235294124,288.89328235294124,289.70235797492876,285.927903072341,0,0,0,0,252.7354331467087,279.8312470588235,279.8312470588235,285.8857866179393,323.24340213611094,0,0,0,0,275.5824991076433,284.9234352941178,284.9234352941178,289.70235797492876,285.927903072341,0,0,0,0,268.92509324065304,281.70922352941176,281.70922352941176,289.40553325954664,306.6220159576068,0,0,0,0,-6.831349583344937,,,,,,,289.40553325954664,306.6220159576068,0,0,0,0,289.40553325954664,306.6220159576068,0,0,0,0,0
1657805400,282.99,284.74,279.81,284.49,40.81117388132013,32.64893910505611,61.216760821980195,,284.49,15,15,15,-10,283.9009551176372,288.8101294117646,288.8101294117646,287.33063991117024,285.927903072341,0,0,0,0,252.7354331467087,279.8312470588235,279.8312470588235,285.8857866179393,323.24340213611094,0,0,0,0,276.7277606851379,285.5631647058823,285.5631647058823,287.33063991117024,285.927903072341,0,0,0,0,268.92509324065304,281.70922352941176,281.70922352941176,289.40553325954664,306.6220159576068,0,0,0,0,-6.831349583344937,,,,,,,289.40553325954664,306.6220159576068,0,0,0,0,289.40553325954664,306.6220159576068,0,0,0,0,0
1657819800,284.46,287.56,284.01,286.7,40.81117388132013,32.64893910505611,61.216760821980195,,286.7,20,15,20,10,284.60104479642933,289.3157529411763,289.3157529411763,287.33063991117024,285.927903072341,0,0,0,0,252.7354331467087,279.8312470588235,279.8312470588235,285.8857866179393,323.24340213611094,0,0,0,0,278.2946222493204,286.48578823529436,286.48578823529436,287.33063991117024,285.927903072341,0,0,0,0,269.6338613821069,282.01369411764705,282.01369411764705,289.40553325954664,306.6220159576068,0,0,0,0,-6.831349583344937,,,,,,,289.40553325954664,306.6220159576068,0,0,0,0,289.40553325954664,306.6220159576068,0,0,0,0,0
1657891800,289.73,291.62,288.09,291.065,41.506843324088074,33.20547465927046,62.260264986132114,,291.065,15,15,15,15,285.729101468284,290.38298823529396,295.03687500230393,287.33063991117024,285.927903072341,0,0,0,0,252.7354331467087,279.8312470588235,279.8312470588235,285.8857866179393,323.24340213611094,0,0,0,0,280.0984780638867,287.72044705882365,295.3424160537606,287.33063991117024,285.927903072341,0,0,0,0,269.6338613821069,282.01369411764705,282.01369411764705,289.40553325954664,306.6220159576068,0,0,0,0,-6.831349583344937,,,,,,,289.40553325954664,306.6220159576068,0,0,0,0,289.40553325954664,306.6220159576068,0,0,0,0,0
1657906200,291.08,291.97,290.58,291.88,41.506843324088074,33.20547465927046,62.260264986132114,,291.88,0,15,15,30,286.3493568216557,291.08298823529407,295.81661964893243,287.68529769471525,285.927903072341,0,0,0,0,251.603825372975,278.73258823529386,278.73258823529386,285.8857866179393,322.9375305549602,0,0,0,0,282.03330347230644,289.05002352941176,296.0667435865171,287.68529769471525,285.927903072341,0,0,0,0,270.9351332663416,282.81037647058815,294.6856196748347,289.40553325954664,306.6220159576068,0,0,0,0,-6.7266382918526695,,,,,,,289.40553325954664,306.6220159576068,0,0,0,0,289.40553325954664,306.6220159576068,0,0,0,0,0
1658151000,294.72,296.15,293.89,294.655,41.94164025378563,33.553312203028504,62.91246038067844,,294.655,10,15,10,25,287.08040975269523,291.9966470588232,296.9128843649512,291.27033321636156,285.927903072341,0,0,0,0,251.603825372975,278.73258823529386,278.73258823529386,285.8857866179393,322.9375305549602,0,0,0,0,284.0556151229325,290.568717647059,297.0818201711854,291.27033321636156,285.927903072341,0,0,0,0,270.9351332663416,282.81037647058815,294.6856196748347,289.40553325954664,306.6220159576068,0,0,0,0,-6.7266382918526695,,,,,,,289.40553325954664,306.6220159576068,0,0,0,0,289.40553325954664,306.6220159576068,0,0,0,0,0
1658165400,294.63,294.7,288.26,289.41,41.94164025378563,33.553312203028504,62.91246038067844,,289.41,10,10,10,20,287.0969748636286,291.9460588235292,296.7951427834298,291.27033321636156,285.927903072341,0,0,0,0,251.603825372975,278.73258823529386,278.73258823529386,285.8857866179393,322.9375305549602,0,0,0,0,285.2000765764765,291.43352941176454,297.6669822470526,291.27033321636156,285.927903072341,0,0,0,0,273.1858773753234,283.90988235294105,283.90988235294105,289.40553325954664,306.6220159576068,0,0,0,0,-6.7266382918526695,,,,,,,289.40553325954664,306.6220159576068,0,0,0,0,289.40553325954664,306.6220159576068,0,0,0,0,0
1658237400,293.15,296.68,291.48,296.46,45.24840822177462,36.1987265774197,67.87261233266193,,296.46,10,15,10,35,287.8650875281069,292.91495294117664,297.96481835424635,292.17641339526506,285.927903072341,0,0,0,0,251.603825372975,278.73258823529386,278.73258823529386,285.8857866179393,322.9375305549602,0,0,0,0,286.09086390595996,292.48977647058837,298.88868903521677,292.17641339526506,285.927903072341,0,0,0,0,273.1858773753234,283.90988235294105,283.90988235294105,289.40553325954664,306.6220159576068,0,0,0,0,-6.7266382918526695,,,,,,,289.40553325954664,306.6220159576068,0,0,0,0,289.40553325954664,306.6220159576068,0,0,0,0,0
1658251800,296.49,298.59,296.48,298.25,45.24840822177462,36.1987265774197,67.87261233266193,,298.25,15,15,15,40,288.6525748665034,293.85679999999996,299.0610251334965,294.65751971326426,285.927903072341,0,0,0,0,250.5706773767647,277.7664000000002,277.7664000000002,285.8857866179393,322.9375305549602,0,0,0,0,286.9916008214743,293.62574117647006,300.2598815314658,294.65751971326426,285.927903072341,0,0,0,0,274.7661161743184,285.1310352941176,295.4959544139168,291.7682681231566,306.6220159576068,0,0,0,0,-6.582156563903913,,,,,,,291.7682681231566,306.6220159576068,0,0,0,0,291.7682681231566,306.6220159576068,0,0,0,0,0
1658323800,298.73,304.23,297.95,301.73,47.19128647010984,37.75302917608787,70.78692970516475,,301.73,15,15,15,40,289.6731845149719,295.2090588235297,300.74493313208745,297.2493919976616,285.927903072341,0,0,0,0,250.5706773767647,277.7664000000002,277.7664000000002,285.8857866179393,322.9375305549602,0,0,0,0,287.6582878325222,294.57507058823546,301.4918533439487,297.2493919976616,285.927903072341,0,0,0,0,274.7661161743184,285.1310352941176,295.4959544139168,293.12624897150255,306.6220159576068,0,0,0,0,-6.499115752803098,,,,,,,293.12624897150255,306.6220159576068,0,0,0,0,293.12624897150255,306.6220159576068,0,0,0,0,0
1658338200,301.675,303.84,300.74,302.98,47.19128647010984,37.75302917608787,70.78692970516475,,302.98,20,40,45,85,290.6989411447484,296.37494117647077,302.05094120819314,299.74896554900414,290.11505619597597,0,0,0,0,250.5706773767647,277.7664000000002,277.7664000000002,290.1635149282296,322.9375305549602,0,0,0,0,288.32395723832695,295.4700705882353,302.6161839381436,299.74896554900414,290.11505619597597,0,0,0,0,276.40339306214435,286.60404705882354,296.80470105550273,296.0393740449667,306.6220159576068,0,0,0,0,-4.665189701042382,,,,,,,296.0393740449667,306.6220159576068,0,0,0,0,296.0393740449667,306.6220159576068,0,0,0,0,0
1658410200,303.52,306.755,300.78,305.83,46.831179630696816,37.464943704557456,70.24676944604522,,305.83,15,25,25,65,291.7791400665644,297.77665882352966,303.7741775804949,300.63737335602906,290.11505619597597,0,0,0,0,250.5706773767647,277.7664000000002,277.7664000000002,290.1635149282296,322.9375305549602,0,0,0,0,289.0822932780954,296.59563529411764,304.1089773101399,300.63737335602906,290.11505619597597,0,0,0,0,276.40339306214435,286.60404705882354,296.80470105550273,296.0393740449667,306.6220159576068,0,0,0,0,-4.665189701042382,,,,,,,296.0393740449667,306.6220159576068,0,0,0,0,296.0393740449667,306.6220159576068,0,0,0,0,0
1658424600,305.89,307.43,304.99,307.43,46.831179630696816,37.464943704557456,70.24676944604522,,307.43,20,40,45,85,292.94609940000566,299.2546588235293,305.563218247053,303.4513066182087,293.04521646769194,0,0,0,0,251.33447605778747,278.23247058823495,305.1304651186824,293.074692433356,322.9375305549602,0,0,0,0,289.86428554843485,297.72755294117644,305.59082033391803,303.4513066182087,293.04521646769194,0,0,0,0,277.5527979207593,287.9454588235294,298.3381197262995,300.3663225183641,306.6220159576068,0,0,0,0,-3.2737612869307395,,,,,,,300.3663225183641,306.6220159576068,0,0,0,0,300.3663225183641,306.6220159576068,0,0,0,0,0
1658496600,306.43,308.55,301.03,301.31,46.700108329991544,37.360086663993236,70.05016249498732,,301.31,15,25,25,50,293.77368315209594,300.2350117647061,306.69634037731623,303.4513066182087,293.04521646769194,0,0,0,0,251.33447605778747,278.23247058823495,305.1304651186824,293.074692433356,322.9375305549602,0,0,0,0,290.47634705375054,298.49743529411745,306.51852353448436,303.4513066182087,293.04521646769194,0,0,0,0,277.5527979207593,287.9454588235294,298.3381197262995,300.3663225183641,306.6220159576068,0,0,0,0,-3.2737612869307395,,,,,,,300.3663225183641,306.6220159576068,0,0,1,0,300.3663225183641,306.6220159576068,0,0,0,0,0
1658511000,301.23,302.18,300.13,302.01,46.700108329991544,37.360086663993236,70.05016249498732,,302.01,20,25,30,45,294.49784838536175,301.03978823529434,307.5817280852269,303.4513066182087,293.04521646769194,0,0,0,0,251.33447605778747,278.23247058823495,305.1304651186824,293.074692433356,322.9375305549602,0,0,0,0,291.1465387233299,299.3598352941179,307.57313186490586,303.4513066182087,293.04521646769194,0,0,0,0,278.5755469461583,288.9886823529413,299.4018177597243,300.3663225183641,306.6220159576068,0,0,0,0,-3.3365880618260997,,,,,,,300.3663225183641,306.6220159576068,0,0,0,0,300.3663225183641,306.6220159576068,0,0,0,0,0
1658755800,302.01,302.48,298.75,300.475,45.54606316960167,36.43685053568134,68.31909475440251,,300.475,15,25,25,50,295.0771718926585,301.67182352941165,308.2664751661648,303.4513066182087,293.04521646769194,0,0,0,0,251.33447605778747,278.23247058823495,305.1304651186824,293.074692433356,322.9375305549602,0,0,0,0,291.5907957503687,299.6564588235296,307.72212189669045,303.4513066182087,293.04521646769194,0,0,0,0,278.5755469461583,288.9886823529413,299.4018177597243,300.3663225183641,306.6220159576068,0,0,0,0,-3.3365880618260997,,,,,,,300.3663225183641,306.6220159576068,0,0,0,0,300.3663225183641,306.6220159576068,0,0,0,0,0
1658770200,300.45,300.66,298.24,300.36,45.54606316960167,36.43685053568134,68.31909475440251,,300.36,20,25,30,30,295.67244793991193,302.33476470588266,308.9970814718534,303.4215986579397,293.04521646769194,0,0,0,0,251.33945238086216,278.0656000000002,304.7917476191382,293.074692433356,322.9375305549602,0,0,0,0,292.01116017951904,299.82995294117626,307.6487457028335,303.4215986579397,293.04521646769194,0,0,0,0,279.07316837921763,289.5386588235293,300.004149267841,300.3663225183641,306.6220159576068,0,0,0,0,-3.3365880618260997,,,,,,,300.3663225183641,306.6220159576068,0,0,0,0,300.3663225183641,306.6220159576068,0,0,0,0,0
1658842200,298.53,298.74,294.3,295.51,42.97215052994854,34.377720423958834,64.45822579492281,,295.51,0,15,0,-25,295.8122440607449,302.4759411764709,302.4759411764709,298.44602851730815,293.04521646769194,0,0,0,0,251.33945238086216,278.0656000000002,304.7917476191382,293.074692433356,322.9375305549602,0,0,0,0,292.1245619867756,299.7356352941177,299.7356352941177,298.44602851730815,293.04521646769194,0,0,0,0,279.07316837921763,289.5386588235293,300.004149267841,300.3663225183641,306.6220159576068,0,0,0,0,-3.3365880618260997,,,,,,,300.3663225183641,306.6220159576068,0,0,0,0,300.3663225183641,306.6220159576068,0,0,0,0,0
1658856600,295.5,295.64,293.55,294.33,42.97215052994854,34.377720423958834,64.45822579492281,,294.33,15,10,15,-10,295.81576130521125,302.4747647058823,302.4747647058823,297.51295316033196,293.04521646769194,0,0,0,0,251.33945238086216,278.0656000000002,304.7917476191382,293.074692433356,322.9375305549602,0,0,0,0,292.14267581155485,299.4510588235294,299.4510588235294,297.51295316033196,293.04521646769194,0,0,0,0,279.1186368349047,289.58308235294095,300.0475278709772,299.9972831926771,306.6220159576068,0,0,0,0,-3.3591548932880233,,,,,,,299.9972831926771,306.6220159576068,0,0,0,0,299.9972831926771,306.6220159576068,0,0,0,0,0
1658928600,299.04,303.24,298.46,302.4,42.88840655375347,34.31072524300278,64.3326098306302,,302.4,10,15,10,15,296.86822985870833,303.68947058823545,310.51071131776257,298.9793414076729,293.04521646769194,0,0,0,0,251.33945238086216,278.0656000000002,304.7917476191382,293.074692433356,322.9375305549602,0,0,0,0,292.6446783411769,300.0365294117645,307.42838048235205,298.9793414076729,293.04521646769194,0,0,0,0,279.1186368349047,289.58308235294095,300.0475278709772,299.9972831926771,306.6220159576068,0,0,0,0,-3.3591548932880233,,,,,,,299.9972831926771,306.6220159576068,0,0,0,0,299.9972831926771,306.6220159576068,0,0,0,0,0
1658943000,302.45,308.52,301.58,306.74,42.88840655375347,34.31072524300278,64.3326098306302,,306.74,15,15,15,30,298.0745771064165,305.2697764705882,312.46497583475997,303.61325866273836,293.04521646769194,0,0,0,0,252.07508161520062,278.5343294117646,304.99357720832853,293.074692433356,322.9375305549602,0,0,0,0,293.29576635385826,300.8812705882354,308.46677482261254,303.61325866273836,293.04521646769194,0,0,0,0,280.44776698128703,291.01745882352935,301.5871506657717,299.9972831926771,306.6220159576068,0,0,0,0,-4.352627602144233,,,,,,,299.9972831926771,306.6220159576068,0,0,0,0,299.9972831926771,306.6220159576068,0,0,0,0,0
1659015000,306.64,308.72,302.75,308.5,46.308015406046245,37.046412324837,69.46202310906936,,308.5,10,15,10,25,299.19379638528056,306.6702,314.1466036147195,303.8553607857285,293.04521646769194,0,0,0,0,252.07508161520062,278.5343294117646,304.99357720832853,293.074692433356,322.9375305549602,0,0,0,0,294.0226964136465,301.8858000000005,309.74890358635446,303.8553607857285,293.04521646769194,0,0,0,0,280.44776698128703,291.01745882352935,301.5871506657717,299.9972831926771,306.6220159576068,0,0,0,0,-4.352627602144233,,,,,,,299.9972831926771,306.6220159576068,0,0,0,0,299.9972831926771,306.6220159576068,0,0,0,0,0
1659029400,308.47,310.38,308.46,309.77,46.308015406046245,37.046412324837,69.46202310906936,,309.77,20,30,35,60,300.3744954135507,308.1516823529408,315.9288692923309,306.21411210606186,294.8116165119793,0,0,0,0,252.07508161520062,278.5343294117646,304.99357720832853,294.83533181423303,322.9375305549602,0,0,0,0,294.74043796013007,302.82562352941187,310.9108090986937,306.21411210606186,294.8116165119793,0,0,0,0,281.7305721738005,292.533317647059,303.3360631203175,303.750407245261,306.6220159576068,0,0,0,0,-4.117730262725188,,,,,,,303.750407245261,306.6220159576068,0,0,0,0,303.750407245261,306.6220159576068,0,0,0,0,0
1659101400,311.385,314.46,309.95,313.54,48.106031760300965,38.48482540824077,72.15904764045145,,313.54,15,15,15,40,301.57858453881244,309.5512588235293,317.5239331082461,307.95410686696147,294.8116165119793,0,0,0,0,252.07508161520062,278.5343294117646,304.99357720832853,294.83533181423303,322.9375305549602,0,0,0,0,295.566532929251,304.0077529411764,312.4489729531018,307.95410686696147,294.8116165119793,0,0,0,0,281.7305721738005,292.533317647059,303.3360631203175,305.24180672774236,306.6220159576068,0,0,0,0,-4.02653087441906,,,,,,,305.24180672774236,306.6220159576068,0,0,1,0,305.24180672774236,306.6220159576068,0,0,0,0,0
1659115800,313.55,316.36,313.53,315.43,48.106031760300965,38.48482540824077,72.15904764045145,,315.43,20,45,65,85,302.94665903383725,311.2247411764705,319.50282331910375,312.46542888018615,302.0942867611236,0,0,0,0,252.6461350842249,279.0621176470589,305.47810020989294,302.12995097035923,322.9375305549602,0,0,0,0,296.49564693066236,305.4108,314.32595306933763,312.46542888018615,302.0942867611236,0,0,0,0,283.6717589074161,294.77032941176486,305.8688999161136,308.95596339004646,306.6220159576068,0,0,0,0,6.524131690576713,,,,,,,308.95596339004646,306.6220159576068,0,0,0,0,308.95596339004646,306.6220159576068,1,0,0,0,1
1659360600,313.67,318.81,312.54,314.7,47.01667355583459,37.61333884466767,70.5250103337519,,314.7,15,25,25,40,304.2528909795035,312.70457647058817,321.15626196167284,312.46542888018615,302.0942867611236,0,0,0,0,252.6461350842249,279.0621176470589,305.47810020989294,302.12995097035923,322.9375305549602,0,0,0,0,297.58314615521545,306.9635294117645,316.3439126683136,312.46542888018615,302.0942867611236,0,0,0,0,283.6717589074161,294.77032941176486,305.8688999161136,308.95596339004646,306.6220159576068,0,0,0,0,6.524131690576713,,,,,,,308.95596339004646,306.6220159576068,0,0,0,0,308.95596339004646,306.6220159576068,0,0,0,0,0
1659375000,314.67,316.15,313.7,315.27,47.01667355583459,37.61333884466767,70.5250103337519,,315.27,20,40,45,60,305.3497415395677,313.53092941176476,321.71211728396185,312.46542888018615,304.8044805639005,0,0,0,0,252.6461350842249,279.0621176470589,305.47810020989294,304.83066875819077,322.9375305549602,0,0,0,0,298.79893303900826,308.6325647058823,318.4661963727564,312.46542888018615,304.8044805639005,0,0,0,0,284.86565715239016,296.36952941176474,307.87340167113933,309.1651929230503,306.6220159576068,0,0,0,0,7.582297721435993,,,,,,,309.1651929230503,306.6220159576068,0,0,0,0,309.1651929230503,306.6220159576068,0,0,0,0,0
1659447000,312.92,318.51,311.85,315.96,46.93826993500069,37.550615948000555,70.40740490250104,,315.96,15,25,25,40,306.3918816553635,314.41394117647053,322.4360006975776,312.46542888018615,304.8044805639005,0,0,0,0,252.6461350842249,279.0621176470589,305.47810020989294,304.83066875819077,322.9375305549602,0,0,0,0,299.9609096862332,310.2362823529412,320.5116550196492,312.46542888018615,304.8044805639005,0,0,0,0,284.86565715239016,296.36952941176474,307.87340167113933,309.1651929230503,306.6220159576068,0,0,0,0,7.582297721435993,,,,,,,309.1651929230503,306.6220159576068,0,0,0,0,309.1651929230503,306.6220159576068,0,0,0,0,0
1659461400,315.9,316.17,313.85,314.3,46.93826993500069,37.550615948000555,70.40740490250104,,314.3,45,25,30,45,307.2677173523286,315.217576470588,323.16743558884747,312.46542888018615,304.8044805639005,0,0,0,0,253.6843125870598,279.92948235294114,306.17465211882245,304.83066875819077,322.9375305549602,0,0,0,0,301.0133594502823,311.6280000000003,322.2426405497184,312.46542888018615,304.8044805639005,0,0,0,0,285.94381971750255,297.7765647058825,309.60930969426244,309.33243675507913,306.6220159576068,0,0,0,0,7.592524716522263,,,,,,,309.33243675507913,306.6220159576068,0,0,0,0,309.33243675507913,306.6220159576068,0,0,0,0,0
1659533400,316.075,322.95,315.99,322.73,46.3679934259643,37.09439474077144,69.55199013894645,,322.73,25,25,25,65,308.6460710554048,316.8946352941177,325.1431995328306,317.1883567808481,304.8044805639005,0,0,0,0,253.6843125870598,279.92948235294114,306.17465211882245,304.83066875819077,322.9375305549602,0,0,0,0,302.1765356656154,313.3653411764708,324.5541466873262,317.1883567808481,304.8044805639005,0,0,0,0,285.94381971750255,297.7765647058825,309.60930969426244,311.17726270114485,306.6220159576068,0,0,0,0,7.705336206527973,,,,,,,311.17726270114485,306.6220159576068,0,0,0,0,311.17726270114485,306.6220159576068,0,0,0,0,0
1659547800,322.7,323.71,322.29,322.8,46.3679934259643,37.09439474077144,69.55199013894645,,322.8,30,65,45,85,310.08178708536497,318.7372588235291,327.3927305616932,319.81740967328227,308.2126332413224,0,0,0,0,253.6843125870598,279.92948235294114,306.17465211882245,308.22879091905224,322.9375305549602,0,0,0,0,303.28117586097244,314.9197882352943,326.5584006096161,319.81740967328227,308.2126332413224,0,0,0,0,287.30186449412685,299.7540235294121,312.2061825646974,317.7196010796346,306.6220159576068,0,0,0,0,9.42071870120103,,,,,,,317.7196010796346,306.6220159576068,0,0,0,0,317.7196010796346,306.6220159576068,0,0,0,0,0
1659619800,322.97,324.51,320.77,323.62,46.04087511954707,36.832700095637655,69.0613126793206,,323.62,25,25,25,50,311.33714269733997,319.8636588235296,328.3901749497192,319.81740967328227,308.2126332413224,0,0,0,0,253.6843125870598,279.92948235294114,306.17465211882245,308.22879091905224,322.9375305549602,0,0,0,0,304.3820753861515,316.4242117647059,328.4663481432603,319.81740967328227,308.2126332413224,0,0,0,0,287.30186449412685,299.7540235294121,312.2061825646974,317.7196010796346,306.6220159576068,0,0,0,0,9.42071870120103,,,,,,,317.7196010796346,306.6220159576068,0,0,0,0,317.7196010796346,306.6220159576068,0,0,0,0,0
1659634200,323.59,324.71,322.89,324.32,46.04087511954707,36.832700095637655,69.0613126793206,,324.32,45,40,45,75,312.6779903521095,321.4673058823527,330.25662141259596,320.68456548517844,313.2660165812279,0,0,0,0,254.958594940001,281.20376470588235,307.44893447176366,313.28173442483416,322.9375305549602,0,0,0,0,305.4938549149391,317.92451764705885,330.3551803791786,320.68456548517844,313.2660165812279,0,0,0,0,288.85494582154155,301.960235294118,315.0655247666944,318.5711356247869,306.6220159576068,0,0,0,0,11.019745702010116,,,11.019745702010116,,,,318.5711356247869,306.6220159576068,0,0,0,0,318.5711356247869,306.6220159576068,0,0,0,0,0
1659706200,319.2,323.82,318.405,321.485,45.617982445993015,36.49438595679441,68.42697366898952,,321.485,25,25,25,40,313.5307698294413,322.3083058823531,331.08584193526497,320.68456548517844,313.2660165812279,0,0,0,0,254.958594940001,281.20376470588235,307.44893447176366,313.28173442483416,322.9375305549602,0,0,0,0,306.4328802991432,319.0373647058824,331.64184911262157,320.68456548517844,313.2660165812279,0,0,0,0,288.85494582154155,301.960235294118,315.0655247666944,318.5711356247869,306.6220159576068,0,0,0,0,11.019745702010116,,,,,,,318.5711356247869,306.6220159576068,0,0,0,0,318.5711356247869,306.6220159576068,0,0,0,0,0
1659720600,321.515,322.17,319.85,321.79,45.617982445993015,36.49438595679441,68.42697366898952,,321.79,30,25,30,45,314.5684509827653,323.50360000000006,332.43874901723484,320.68456548517844,313.2660165812279,0,0,0,0,254.958594940001,281.20376470588235,307.44893447176366,313.28173442483416,322.9375305549602,0,0,0,0,307.32506634871737,320.00658823529415,332.6881101218709,320.68456548517844,313.2660165812279,0,0,0,0,290.09802036802455,303.6383294117648,317.17863845550505,318.5711356247869,306.6220159576068,0,0,0,0,9.325621034092785,,,,,,,318.5711356247869,306.6220159576068,0,0,0,0,318.5711356247869,306.6220159576068,0,0,0,1,0
1659965400,322.69,326.45,320.16,320.88,46.745813180392624,37.3966505443141,70.11871977058894,,320.88,25,25,25,40,315.60040747935534,324.6955058823529,333.79060428535047,320.68456548517844,313.2660165812279,0,0,0,0,254.958594940001,281.20376470588235,307.44893447176366,313.28173442483416,322.9375305549602,0,0,0,0,308.1244108182577,320.75214117647056,333.37987153468345,320.68456548517844,313.2660165812279,0,0,0,0,290.09802036802455,303.6383294117648,317.17863845550505,318.5711356247869,306.6220159576068,0,0,0,0,9.325621034092785,,,,,,,318.5711356247869,306.6220159576068,0,0,0,0,318.5711356247869,306.6220159576068,0,0,0,0,0
1659979800,320.88,321.505,319.23,320.7,46.745813180392624,37.3966505443141,70.11871977058894,,320.7,45,30,70,45,316.43235367347245,325.6105411764706,334.7887286794687,320.68456548517844,313.2660165812279,0,0,0,0,256.15843482842877,282.341529411765,308.52462399510125,313.28173442483416,322.9375305549602,0,0,0,0,308.89229090006796,321.5159999999996,334.1397090999313,320.68456548517844,313.2660165812279,0,0,0,0,291.37850180921066,305.3152705882353,319.25203936725995,318.5711356247869,306.6220159576068,0,0,0,0,8.698398073233198,,,,,,,318.5711356247869,306.6220159576068,0,0,0,0,318.5711356247869,306.6220159576068,0,0,0,0,0
1660051800,318.77,319.01,315.44,316.51,48.03522328147614,38.42817862518092,72.05283492221422,,316.51,10,15,25,-15,316.8327090877806,326.01176470588223,326.01176470588223,320.5435903188189,313.2660165812279,0,0,0,0,256.15843482842877,282.341529411765,308.52462399510125,313.28173442483416,322.9375305549602,0,0,0,0,309.40973368184103,321.9173411764708,334.4249486711006,320.5435903188189,313.2660165812279,0,0,0,0,291.37850180921066,305.3152705882353,319.25203936725995,318.5711356247869,306.6220159576068,0,0,0,0,8.698398073233198,,,,,,,318.5711356247869,306.6220159576068,0,0,0,0,318.5711356247869,306.6220159576068,0,0,0,0,0
1660066200,316.46,317.71,315.67,317.04,48.03522328147614,38.42817862518092,72.05283492221422,,317.04,25,15,40,0,316.981647546285,325.98637647058797,325.98637647058797,320.29069777489997,313.2660165812279,0,0,0,0,256.15843482842877,282.341529411765,308.52462399510125,313.28173442483416,322.9375305549602,0,0,0,0,309.9549777757874,322.424470588235,334.8939634006826,320.29069777489997,313.2660165812279,0,0,0,0,292.749769721514,306.9638588235291,321.17794792554423,318.5711356247869,306.6220159576068,0,0,0,0,8.698398073233198,,,,,,,318.5711356247869,306.6220159576068,0,0,0,0,318.5711356247869,306.6220159576068,0,0,0,0,0
1660138200,324.6,325.7,322.085,324.79,46.70065266429334,37.36052213143467,70.05097899644001,,324.79,20,15,35,25,317.9228344263825,326.95014117647037,335.9774479265582,320.9706738573567,313.2660165812279,0,0,0,0,256.15843482842877,282.341529411765,308.52462399510125,313.28173442483416,322.9375305549602,0,0,0,0,310.85726110224704,323.4883294117647,336.1193977212824,320.9706738573567,313.2660165812279,0,0,0,0,292.749769721514,306.9638588235291,321.17794792554423,318.5711356247869,306.6220159576068,0,0,0,0,8.698398073233198,,,,,,,318.5711356247869,306.6220159576068,0,0,0,0,318.5711356247869,306.6220159576068,0,0,0,0,0
1660152600,324.8,326.23,324.41,325.92,46.70065266429334,37.36052213143467,70.05097899644001,,325.92,25,30,55,45,318.8018423434452,327.70758823529417,336.61333412714316,322.50639735659837,314.6858569652345,0,0,0,0,258.6828374950444,284.55371764705865,310.4245977990729,314.72947188431095,322.9375305549602,0,0,0,0,311.78392637722186,324.5957647058819,337.4076030345419,322.50639735659837,314.6858569652345,0,0,0,0,294.9695171919494,309.64865882352956,324.3278004551097,320.1032232219313,306.6220159576068,0,0,0,0,8.563273556293218,,,,,,,320.1032232219313,306.6220159576068,0,0,0,0,320.1032232219313,306.6220159576068,0,0,0,0,0
1660224600,328.305,330.36,325.18,326.47,48.32019906235613,38.65615924988491,72.4802985935342,,326.47,10,15,10,25,319.62938406987183,328.253988235294,336.8785924007162,322.6173689739842,314.6858569652345,0,0,0,0,258.6828374950444,284.55371764705865,310.4245977990729,314.72947188431095,322.9375305549602,0,0,0,0,312.78562370229065,325.8592235294117,338.9328233565327,322.6173689739842,314.6858569652345,0,0,0,0,294.9695171919494,309.64865882352956,324.3278004551097,320.8108501346505,306.6220159576068,0,0,0,0,8.60654508906965,,,,,,,320.8108501346505,306.6220159576068,0,0,0,0,320.8108501346505,306.6220159576068,0,0,0,0,0
1660239000,326.54,326.66,323.38,324.06,48.32019906235613,38.65615924988491,72.4802985935342,,324.06,15,45,40,55,320.15814779725645,327.86114117647037,335.5641345556843,322.6173689739842,316.01248861057496,0,0,0,0,258.6828374950444,284.55371764705865,310.4245977990729,316.05129532114586,322.9375305549602,0,0,0,0,313.65759536382365,326.90578823529404,340.15398110676443,322.6173689739842,316.01248861057496,0,0,0,0,297.0495058770253,312.11741176470605,327.1853176523868,320.8108501346505,306.6220159576068,0,0,0,0,7.944674562711291,,,,,,,320.8108501346505,306.6220159576068,0,0,0,0,320.8108501346505,306.6220159576068,0,0,0,0,0
1660311000,326.33,328.67,325.12,328.58,48.30592540658781,38.64474032527025,72.45888810988171,,328.58,10,25,20,60,321.2373112890789,327.716176470588,334.1950416520971,324.68104775625017,316.01248861057496,0,0,0,0,258.6828374950444,284.55371764705865,310.4245977990729,316.05129532114586,322.9375305549602,0,0,0,0,314.6968320401047,328.2179999999999,341.7391679598951,324.68104775625017,316.01248861057496,0,0,0,0,297.0495058770253,312.11741176470605,327.1853176523868,320.8108501346505,306.6220159576068,0,0,0,0,7.944674562711291,,,,,,,320.8108501346505,306.6220159576068,0,0,0,0,320.8108501346505,306.6220159576068,0,0,0,0,0
1660325400,328.63,330.575,328.46,330.54,48.30592540658781,38.64474032527025,72.45888810988171,,330.54,40,40,40,80,322.21850716022686,328.2319882352942,334.2454693103615,327.35309730003206,317.8127679955339,0,0,0,0,261.9307038036609,287.38136470588233,312.8320256081038,317.8494170839212,322.9375305549602,0,0,0,0,315.8028284082147,329.6366588235295,343.4704892388443,327.35309730003206,317.8127679955339,0,0,0,0,299.2484594336636,314.9477411764707,330.6470229192778,324.3029656508116,306.6220159576068,0,0,0,0,8.854220317033919,,,,,,,324.3029656508116,306.6220159576068,0,0,0,0,324.3029656508116,306.6220159576068,0,0,0,0,0
1660570200,329.42,332.87,329.42,332.64,49.03117239480379,39.224937915843036,73.54675859220569,,332.64,20,25,20,60,323.1688745178895,329.1454941176466,335.1221137174037,328.2557318556399,317.8127679955339,0,0,0,0,261.9307038036609,287.38136470588233,312.8320256081038,317.8494170839212,322.9375305549602,0,0,0,0,316.878884013614,330.96364705882354,345.04841010403305,328.2557318556399,317.8127679955339,0,0,0,0,299.2484594336636,314.9477411764707,330.6470229192778,325.31346810432507,306.6220159576068,0,0,0,0,8.916012752075495,,,,,,,325.31346810432507,306.6220159576068,0,0,0,0,325.31346810432507,306.6220159576068,0,0,0,0,0
1660584600,332.64,333.56,332.01,333.09,49.03117239480379,39.224937915843036,73.54675859220569,,333.09,25,40,40,80,324.1626481881139,330.124105882353,336.08556357659205,330.502340222465,322.3356774244243,0,0,0,0,261.9307038036609,287.38136470588233,312.8320256081038,322.3730301493554,322.9375305549602,0,0,0,0,317.9011656011786,332.1433882352942,346.3856108694098,330.502340222465,322.3356774244243,0,0,0,0,301.9797181548907,318.2632000000001,334.5466818451095,328.0860775254447,306.6220159576068,0,0,0,0,10.836521288700837,,,,,,,328.0860775254447,306.6220159576068,0,0,0,0,328.0860775254447,306.6220159576068,0,0,0,0,0
1660656600,332.06,333.04,329.18,332.68,48.60659707347614,38.885277658780915,72.9098956102142,,332.68,20,25,20,45,324.99206919956595,330.8394705882353,336.6868719769047,330.502340222465,322.3356774244243,0,0,0,0,261.9307038036609,287.38136470588233,312.8320256081038,322.3730301493554,322.9375305549602,0,0,0,0,318.8547425647392,333.1794823529407,347.5042221411422,330.502340222465,322.3356774244243,0,0,0,0,301.9797181548907,318.2632000000001,334.5466818451095,328.0860775254447,306.6220159576068,0,0,0,0,10.836521288700837,,,,,,,328.0860775254447,306.6220159576068,0,0,0,0,328.0860775254447,306.6220159576068,0,0,0,0,0
1660671000,332.64,334.42,330.59,332.31,48.60659707347614,38.885277658780915,72.9098956102142,,332.31,40,30,55,40,325.75194336272045,331.54937647058836,337.34680957845626,330.502340222465,322.3356774244243,0,0,0,0,265.48023374351993,290.4720941176471,315.46395449177425,322.3730301493554,322.9375305549602,0,0,0,0,319.7222747534428,333.9803294117649,348.238384070087,330.502340222465,322.3356774244243,0,0,0,0,304.23252840983906,321.1469411764709,338.0613539431027,328.0860775254447,306.6220159576068,0,0,0,0,10.836521288700837,,,,,,,328.0860775254447,306.6220159576068,0,0,0,0,328.0860775254447,306.6220159576068,0,0,0,0,0
1660743000,329.08,330.18,326.36,328.58,48.12478421388551,38.49982737110841,72.18717632082827,,328.58,20,25,35,35,326.04727955344777,331.72514117647074,337.4030027994937,330.502340222465,322.3356774244243,0,0,0,0,265.48023374351993,290.4720941176471,315.46395449177425,322.3730301493554,322.9375305549602,0,0,0,0,320.35598967328167,334.4206352941176,348.4852809149535,330.502340222465,322.3356774244243,0,0,0,0,304.23252840983906,321.1469411764709,338.0613539431027,328.0860775254447,306.6220159576068,0,0,0,0,10.836521288700837,,,,,,,328.0860775254447,306.6220159576068,0,0,0,0,328.0860775254447,306.6220159576068,0,0,0,0,0
1660757400,328.55,331.42,327.99,328.49,48.12478421388551,38.49982737110841,72.18717632082827,,328.49,25,25,40,40,326.3772335092889,331.93615294117666,337.49507237306443,330.502340222465,322.3356774244243,0,0,0,0,265.48023374351993,290.4720941176471,315.46395449177425,322.3730301493554,322.9375305549602,0,0,0,0,320.93629609120035,334.69722352941164,348.45815096762294,330.502340222465,322.3356774244243,0,0,0,0,306.3492386211945,323.71583529411754,341.0824319670406,328.0860775254447,306.6220159576068,0,0,0,0,10.500294312312658,,,,,,,328.0860775254447,306.6220159576068,0,0,0,0,328.0860775254447,306.6220159576068,0,0,0,0,0
1660829400,328.44,330.46,326.8,329.82,47.06840116755178,37.65472093404142,70.60260175132767,,329.82,20,15,35,10,326.7326144046701,332.0903647058826,337.44811500709517,330.502340222465,322.3356774244243,0,0,0,0,265.48023374351993,290.4720941176471,315.46395449177425,322.3730301493554,322.9375305549602,0,0,0,0,321.5516833799966,334.9298823529412,348.30808132588584,330.502340222465,322.3356774244243,0,0,0,0,306.3492386211945,323.71583529411754,341.0824319670406,328.0860775254447,306.6220159576068,0,0,0,0,10.500294312312658,,,,,,,328.0860775254447,306.6220159576068,0,0,0,0,328.0860775254447,306.6220159576068,0,0,0,0,0
1660843800,329.76,330.38,328.92,329.28,47.06840116755178,37.65472093404142,70.60260175132767,,329.28,25,15,40,15,327.0071295965674,332.1263882352945,337.2456468740216,330.502340222465,322.3356774244243,0,0,0,0,269.47582653253966,293.6766823529413,317.877538173343,322.3730301493554,322.9375305549602,0,0,0,0,322.09680353180244,335.1023529411765,348.10790235055055,330.502340222465,322.3356774244243,0,0,0,0,308.6041578270314,326.40202352941174,344.1998892317921,328.0860775254447,306.6220159576068,0,0,0,0,10.193309993728647,,,,,,,328.0860775254447,306.6220159576068,0,0,0,0,328.0860775254447,306.6220159576068,0,0,0,0,0
1660915800,326.17,326.84,322.53,322.91,46.77549109037537,37.4203928723003,70.16323663556305,,322.91,-10,15,-10,-35,326.24171618857827,330.9250470588235,330.9250470588235,326.66802147533275,322.3356774244243,0,0,0,0,269.47582653253966,293.6766823529413,317.877538173343,322.3730301493554,322.9375305549602,0,0,0,0,322.2226732678842,334.85462352941175,334.85462352941175,326.66802147533275,322.3356774244243,0,0,0,0,308.6041578270314,326.40202352941174,344.1998892317921,328.0860775254447,306.6220159576068,0,0,0,0,10.193309993728647,,,,,,,328.0860775254447,306.6220159576068,0,0,0,0,328.0860775254447,306.6220159576068,0,0,0,0,0
1660930200,322.81,323.45,322.08,322.89,46.77549109037537,37.4203928723003,70.16323663556305,,322.89,-5,20,-5,-30,325.5738680834562,330.2163882352943,330.2163882352943,325.82101994138037,322.3356774244243,0,0,0,0,269.47582653253966,293.6766823529413,317.877538173343,322.3730301493554,322.9375305549602,0,0,0,0,322.31749947449583,334.5630117647058,334.5630117647058,325.82101994138037,322.3356774244243,0,0,0,0,310.40459039472086,328.4548470588236,346.5051037229263,327.280886150471,306.6220159576068,0,0,0,0,9.726471074955812,,,,,,,327.280886150471,306.6220159576068,0,0,0,0,327.280886150471,306.6220159576068,0,0,0,0,0
1661175000,318.44,318.73,315.12,315.17,43.35271501715993,34.68217201372794,65.02907252573989,,315.17,-10,0,-10,-55,323.38106001046003,328.41824705882357,328.41824705882357,319.2057728903837,322.3356774244243,0,0,0,0,269.47582653253966,293.6766823529413,317.877538173343,322.3730301493554,322.9375305549602,0,0,0,0,321.82972873374956,333.71,333.71,319.2057728903837,322.3356774244243,0,0,0,0,310.40459039472086,328.4548470588236,346.5051037229263,322.8422514254374,306.6220159576068,0,0,0,0,-5.544952360946088,,,,,,,322.8422514254374,306.6220159576068,0,0,0,0,322.8422514254374,306.6220159576068,0,0,0,0,0
1661189400,315.14,315.17,313.53,314.45,43.35271501715993,34.68217201372794,65.02907252573989,,314.45,-10,10,-10,-35,321.0769689246724,326.5298941176472,326.5298941176472,316.9742123391573,322.3356774244243,0,0,0,0,273.6029137015347,296.26712941176453,318.93134512199435,322.3730301493554,322.9375305549602,0,0,0,0,321.2761593453434,332.54301176470574,332.54301176470574,316.9742123391573,322.3356774244243,0,0,0,0,311.32969035622995,329.48225882352955,329.48225882352955,319.10566203790614,306.6220159576068,0,0,0,0,-6.824023315137297,,,,,,,319.10566203790614,306.6220159576068,0,0,0,0,319.10566203790614,306.6220159576068,0,0,0,0,0
1661261400,314.08,317,313.33,315.375,43.16861265603856,34.53489012483085,64.75291898405784,,315.375,-10,10,-10,-20,319.1442386792603,324.9436235294118,324.9436235294118,316.9742123391573,322.3356774244243,0,0,0,0,273.6029137015347,296.26712941176453,318.93134512199435,322.3730301493554,322.9375305549602,0,0,0,0,320.766772888234,331.6709294117646,331.6709294117646,316.9742123391573,322.3356774244243,0,0,0,0,311.32969035622995,329.48225882352955,329.48225882352955,319.10566203790614,306.6220159576068,0,0,0,0,-6.824023315137297,,,,,,,319.10566203790614,306.6220159576068,0,0,0,0,319.10566203790614,306.6220159576068,0,0,0,0,0
1661275800,315.36,315.6,313.69,314.1,43.16861265603856,34.53489012483085,64.75291898405784,,314.1,-5,10,-5,-15,316.9526364869753,323.0159647058822,323.0159647058822,316.9742123391573,322.3356774244243,0,0,0,0,273.6029137015347,296.26712941176453,318.93134512199435,322.3730301493554,322.9375305549602,0,0,0,0,320.13896857121404,330.72694117647046,330.72694117647046,316.9742123391573,322.3356774244243,0,0,0,0,311.86880802616486,330.03188235294135,330.03188235294135,319.10566203790614,306.6220159576068,0,0,0,0,-6.824023315137297,,,,,,,319.10566203790614,306.6220159576068,0,0,0,0,319.10566203790614,306.6220159576068,0,0,0,0,0
1661347800,313.56,316.87,312.99,314.5,43.40703603252916,34.72562882602333,65.11055404879374,,314.5,-10,10,-10,-20,315.106491850141,321.3971882352942,321.3971882352942,316.9742123391573,322.3356774244243,0,0,0,0,273.6029137015347,296.26712941176453,318.93134512199435,322.3730301493554,322.9375305549602,0,0,0,0,319.5489042772565,329.91591764705873,329.91591764705873,316.9742123391573,322.3356774244243,0,0,0,0,311.86880802616486,330.03188235294135,330.03188235294135,319.10566203790614,306.6220159576068,0,0,0,0,-6.824023315137297,,,,,,,319.10566203790614,306.6220159576068,0,0,0,0,319.10566203790614,306.6220159576068,0,0,0,0,0
1661362200,314.505,315.89,314.43,315,43.40703603252916,34.72562882602333,65.11055404879374,,315,-5,15,-5,-5,313.35493252024446,319.8683176470586,319.8683176470586,316.9742123391573,322.3356774244243,0,0,0,0,277.27013623062317,298.69576470588225,320.12139318114134,322.3730301493554,322.9375305549602,0,0,0,0,318.9941958618952,329.1636705882353,329.1636705882353,316.9742123391573,322.3356774244243,0,0,0,0,312.1795073430818,330.0555294117649,330.0555294117649,319.10566203790614,306.6220159576068,0,0,0,0,-6.824023315137297,,,,,,,319.10566203790614,306.6220159576068,0,0,0,0,319.10566203790614,306.6220159576068,0,0,0,0,0
1661434200,316.83,319.52,315.76,318,43.10102472582534,34.480819780660276,64.65153708873801,,318,-10,10,-10,-10,312.0476042954549,318.64429411764706,318.64429411764706,316.9742123391573,322.3356774244243,0,0,0,0,277.27013623062317,298.69576470588225,320.12139318114134,322.3730301493554,322.9375305549602,0,0,0,0,318.6992810743955,328.7300823529412,328.7300823529412,316.9742123391573,322.3356774244243,0,0,0,0,312.1795073430818,330.0555294117649,330.0555294117649,319.10566203790614,306.6220159576068,0,0,0,0,-6.824023315137297,,,,,,,319.10566203790614,306.6220159576068,0,0,0,0,319.10566203790614,306.6220159576068,0,0,0,0,0
1661448600,318.07,320.6,317.69,320.53,43.10102472582534,34.480819780660276,64.65153708873801,,320.53,-5,10,-5,-5,310.96338974108295,317.4721764705883,323.98096320009364,316.9742123391573,322.3356774244243,0,0,0,0,277.27013623062317,298.69576470588225,320.12139318114134,322.3730301493554,322.9375305549602,0,0,0,0,318.6010044418977,328.5283058823529,338.45560732280813,316.9742123391573,322.3356774244243,0,0,0,0,312.78064102504266,330.4384941176471,348.09634721025157,319.10566203790614,306.6220159576068,0,0,0,0,-6.824023315137297,,,,,,,319.10566203790614,306.6220159576068,0,0,0,0,319.10566203790614,306.6220159576068,0,0,0,0,0
1661520600,320.28,321.51,310.86,311.365,43.49410059909454,34.79528047927563,65.2411508986418,,311.365,-10,0,-10,-25,308.3087059645501,315.1095294117645,315.1095294117645,315.6896885886352,322.3356774244243,0,0,0,0,277.27013623062317,298.69576470588225,320.12139318114134,322.3730301493554,322.9375305549602,0,0,0,0,317.65428951651234,327.33927058823525,327.33927058823525,315.6896885886352,322.3356774244243,0,0,0,0,312.78064102504266,330.4384941176471,348.09634721025157,319.10566203790614,306.6220159576068,0,0,0,0,-6.824023315137297,,,,,,,319.10566203790614,306.6220159576068,0,0,0,0,319.10566203790614,306.6220159576068,0,0,0,0,0
1661535000,311.37,311.39,307.36,307.42,43.49410059909454,34.79528047927563,65.2411508986418,,307.42,-15,10,-15,-40,305.4145469184192,312.84978823529417,312.84978823529417,311.7319763850987,322.3356774244243,0,0,0,0,281.26485222317103,300.91884705882353,300.91884705882353,322.3730301493554,322.9375305549602,0,0,0,0,316.31635092218755,325.84825882352936,325.84825882352936,311.7319763850987,322.3356774244243,0,0,0,0,312.542946201178,329.97167058823527,329.97167058823527,315.50972455462056,306.6220159576068,0,0,0,0,-7.043915639571452,,,,,,,315.50972455462056,306.6220159576068,0,0,0,0,315.50972455462056,306.6220159576068,0,0,0,0,0
1661779800,304.62,307.21,303.29,305.81,39.45047147479213,31.560377179833708,59.1757072121882,,305.81,-15,10,-15,-40,302.08345443050985,310.3010588235294,310.3010588235294,309.51430616878406,322.3356774244243,0,0,0,0,281.26485222317103,300.91884705882353,300.91884705882353,322.3730301493554,322.9375305549602,0,0,0,0,314.7987278747252,324.15810588235325,324.15810588235325,309.51430616878406,322.3356774244243,0,0,0,0,312.542946201178,329.97167058823527,329.97167058823527,311.3304585150048,306.6220159576068,0,0,0,0,-7.299478626456351,,,,,,,311.3304585150048,306.6220159576068,0,0,0,0,311.3304585150048,306.6220159576068,0,0,0,0,0
1661794200,305.83,307.1,304.21,304.43,39.45047147479213,31.560377179833708,59.1757072121882,,304.43,-20,-15,-45,-75,299.2545849386826,308.06275294117637,308.06275294117637,308.97432521696174,313.9579300810822,0,0,0,0,281.26485222317103,300.91884705882353,300.91884705882353,313.93766637971333,322.9375305549602,0,0,0,0,313.1254874133387,322.34364705882354,322.34364705882354,308.97432521696174,313.9579300810822,0,0,0,0,311.94183677190034,328.75519999999995,328.75519999999995,311.1325686210759,306.6220159576068,0,0,0,0,-10.576670778984026,,,,,,,311.1325686210759,306.6220159576068,0,0,0,0,311.1325686210759,306.6220159576068,0,0,0,0,0
1661866200,306.1,306.71,298.72,299.3,40.94083185214454,32.75266548171563,61.41124777821681,,299.3,-15,0,-25,-65,295.3412944445127,305.0544941176471,305.0544941176471,305.1088314370742,313.9579300810822,0,0,0,0,281.26485222317103,300.91884705882353,300.91884705882353,313.93766637971333,322.9375305549602,0,0,0,0,310.8849892914618,319.92728235294095,319.92728235294095,305.1088314370742,313.9579300810822,0,0,0,0,311.94183677190034,328.75519999999995,328.75519999999995,311.025242290999,306.6220159576068,0,0,0,0,-10.583233806373487,,,,,,,311.025242290999,306.6220159576068,0,0,1,0,311.025242290999,306.6220159576068,0,0,0,0,0
1661880600,299.26,301.78,298.45,300.985,40.94083185214454,32.75266548171563,61.41124777821681,,300.985,-35,-15,-45,-85,292.4757837611313,302.750717647059,302.750717647059,304.3463393513548,313.5787922181478,0,0,0,0,283.54896528172503,302.1473882352938,302.1473882352938,313.5471187811624,322.9375305549602,0,0,0,0,308.85846773300875,317.5856352941178,317.5856352941178,304.3463393513548,313.5787922181478,0,0,0,0,311.04440130134896,327.3298117647059,327.3298117647059,306.02486784164194,306.6220159576068,0,0,0,0,-18.540177691526424,,,,,,,306.02486784164194,306.6220159576068,0,0,0,0,306.02486784164194,306.6220159576068,0,0,0,0,0
1661952600,303.99,304.91,299.78,300.28,39.97335593802128,31.978684750417024,59.960033907031914,,300.28,-15,5,-25,-40,290.13841303931656,300.7862,300.7862,304.3463393513548,313.5787922181478,0,0,0,0,283.54896528172503,302.1473882352938,302.1473882352938,313.5471187811624,322.9375305549602,0,0,0,0,306.6850988291023,315.496388235294,315.496388235294,304.3463393513548,313.5787922181478,0,0,0,0,311.04440130134896,327.3298117647059,327.3298117647059,306.02486784164194,306.6220159576068,0,0,0,0,-18.540177691526424,,,,,,,306.02486784164194,306.6220159576068,0,0,0,0,306.02486784164194,306.6220159576068,0,0,0,0,0
1661967000,300.26,301.83,299.18,299.26,39.97335593802128,31.978684750417024,59.960033907031914,,299.26,-20,-10,-45,-60,288.31847131361184,299.1485058823528,299.1485058823528,304.3463393513548,311.68030705970864,0,0,0,0,283.54896528172503,302.1473882352938,302.1473882352938,311.66803886822225,322.9375305549602,0,0,0,0,304.4335493478798,313.5065294117648,313.5065294117648,304.3463393513548,311.68030705970864,0,0,0,0,310.00893051155543,325.962188235294,325.962188235294,306.01965645529333,306.6220159576068,0,0,0,0,-19.267835147731105,,,,,,,306.01965645529333,306.6220159576068,0,0,0,0,306.01965645529333,306.6220159576068,0,0,0,0,0
1662039000,296.68,297.88,292.95,295.37,40.458974113020474,32.36717929041638,60.68846116953071,,295.37,-15,15,-15,-40,285.95246454387166,297.0887882352941,297.0887882352941,298.6540574197631,311.68030705970864,0,0,0,0,283.54896528172503,302.1473882352938,302.1473882352938,311.66803886822225,322.9375305549602,0,0,0,0,301.7639996789998,311.30262352941145,311.30262352941145,298.6540574197631,311.68030705970864,0,0,0,0,310.00893051155543,325.962188235294,325.962188235294,302.2211095656295,306.6220159576068,0,0,0,0,-19.500117079472904,,,,,,,302.2211095656295,306.6220159576068,0,0,0,0,302.2211095656295,306.6220159576068,0,0,0,0,0
1662053400,295.42,299.78,294.26,299.42,40.458974113020474,32.36717929041638,60.68846116953071,,299.42,-45,-35,-65,-60,284.87035501422105,295.9150470588235,295.9150470588235,298.6540574197631,306.554570841158,0,0,0,0,285.57007839992826,303.2086588235292,303.2086588235292,306.5431789490635,322.9375305549602,0,0,0,0,299.66541882944716,309.49488235294075,309.49488235294075,298.6540574197631,306.554570841158,0,0,0,0,308.9538300426741,324.54545882352943,324.54545882352943,302.2211095656295,306.6220159576068,0,0,0,0,-21.483805654764787,,,,,,,302.2211095656295,306.6220159576068,0,0,0,0,302.2211095656295,306.6220159576068,0,0,0,0,0
1662125400,302.34,303.75,295.74,295.95,40.606493424224865,32.48519473937989,60.9097401363373,,295.95,-15,5,-25,-40,284.4420454782009,295.19589411764724,295.19589411764724,298.6540574197631,306.554570841158,0,0,0,0,285.57007839992826,303.2086588235292,303.2086588235292,306.5431789490635,322.9375305549602,0,0,0,0,297.3025906054668,307.59285882352924,307.59285882352924,298.6540574197631,306.554570841158,0,0,0,0,308.9538300426741,324.54545882352943,324.54545882352943,302.2211095656295,306.6220159576068,0,0,0,0,-21.483805654764787,,,,,,,302.2211095656295,306.6220159576068,0,0,0,0,302.2211095656295,306.6220159576068,0,0,0,0,0
1662139800,295.85,296.66,293.54,295.23,40.606493424224865,32.48519473937989,60.9097401363373,,295.23,-20,5,-30,-45,283.0693110417063,293.8418470588236,293.8418470588236,298.6540574197631,306.554570841158,0,0,0,0,285.57007839992826,303.2086588235292,303.2086588235292,306.5431789490635,322.9375305549602,0,0,0,0,294.9928037430395,305.75191764705863,305.75191764705863,298.6540574197631,306.554570841158,0,0,0,0,307.53889900023995,322.9234117647055,322.9234117647055,301.2298388176706,306.6220159576068,0,0,0,0,-21.54442206701484,,,,,,,301.2298388176706,306.6220159576068,0,0,0,0,301.2298388176706,306.6220159576068,0,0,0,0,0
1662471000,295.66,296.58,290.88,292.13,39.933792653924236,31.94703412313939,59.90068898088636,,292.13,-15,5,-25,-50,281.8235971979965,292.5318705882351,292.5318705882351,298.6540574197631,306.554570841158,0,0,0,0,285.57007839992826,303.2086588235292,303.2086588235292,306.5431789490635,322.9375305549602,0,0,0,0,292.36923316083136,303.68859999999995,303.68859999999995,298.6540574197631,306.554570841158,0,0,0,0,307.53889900023995,322.9234117647055,322.9234117647055,301.2298388176706,306.6220159576068,0,0,0,0,-21.54442206701484,,,,,,,301.2298388176706,306.6220159576068,0,0,0,0,301.2298388176706,306.6220159576068,0,0,0,0,0
1662485400,292.085,294.18,291.68,293.06,39.933792653924236,31.94703412313939,59.90068898088636,,293.06,-45,-10,-45,-75,281.29738435698556,291.656105882353,291.656105882353,297.01843339478376,303.52914526610056,0,0,0,0,286.42407791493247,303.5059294117648,303.5059294117648,303.4958532775088,322.9375305549602,0,0,0,0,289.97356207570397,301.77339999999987,301.77339999999987,297.01843339478376,303.52914526610056,0,0,0,0,306.0944268134734,321.50287058823517,321.50287058823517,298.6769528580935,306.6220159576068,0,0,0,0,-20.921010614184414,,,,,,,298.6769528580935,306.6220159576068,0,0,0,0,298.6769528580935,306.6220159576068,0,0,0,0,0
1662557400,293.54,297,293.27,296.24,37.93210093455272,30.345680747642177,56.89815140182908,,296.24,-15,5,-25,-40,281.87480947606673,291.53125882352924,291.53125882352924,297.01843339478376,303.52914526610056,0,0,0,0,286.42407791493247,303.5059294117648,303.5059294117648,303.4958532775088,322.9375305549602,0,0,0,0,288.05065061376223,300.1849764705881,300.1849764705881,297.01843339478376,303.52914526610056,0,0,0,0,306.0944268134734,321.50287058823517,321.50287058823517,298.6769528580935,306.6220159576068,0,0,0,0,-20.921010614184414,,,,,,,298.6769528580935,306.6220159576068,0,0,0,0,298.6769528580935,306.6220159576068,0,0,0,0,0
1662571800,296.27,299.97,296.27,298.94,37.93210093455272,30.345680747642177,56.89815140182908,,298.94,-20,10,-30,-45,282.51370173457525,291.69965882352943,291.69965882352943,297.01843339478376,303.52914526610056,0,0,0,0,286.42407791493247,303.5059294117648,303.5059294117648,303.4958532775088,322.9375305549602,0,0,0,0,286.4192071173443,298.78619999999967,298.78619999999967,297.01843339478376,303.52914526610056,0,0,0,0,305.1355107245463,320.4592705882351,320.4592705882351,298.6769528580935,306.6220159576068,0,0,0,0,-20.83030864516588,,,,,,,298.6769528580935,306.6220159576068,0,0,0,0,298.6769528580935,306.6220159576068,0,0,0,0,0
1662643800,296.74,301.84,295.45,299.29,38.92063177341611,31.13650541873289,58.380947660124164,,299.29,-15,5,-25,-40,283.65799947111395,292.22412941176424,292.22412941176424,297.01843339478376,303.52914526610056,0,0,0,0,286.42407791493247,303.5059294117648,303.5059294117648,303.4958532775088,322.9375305549602,0,0,0,0,285.25151074354216,297.7879411764703,297.7879411764703,297.01843339478376,303.52914526610056,0,0,0,0,305.1355107245463,320.4592705882351,320.4592705882351,298.6769528580935,306.6220159576068,0,0,0,0,-20.83030864516588,,,,,,,298.6769528580935,306.6220159576068,0,0,0,0,298.6769528580935,306.6220159576068,0,0,0,0,0
1662658200,299.3,300.58,298.24,300.57,38.92063177341611,31.13650541873289,58.380947660124164,,300.57,-45,5,-30,-45,283.92157827430634,292.2821999999999,300.6428217256934,297.01843339478376,303.52914526610056,0,0,0,0,288.0251645680554,304.45160000000027,304.45160000000027,303.4958532775088,322.9375305549602,0,0,0,0,284.2916872620633,296.94702352941187,296.94702352941187,297.01843339478376,303.52914526610056,0,0,0,0,304.15159400075026,319.16428235294126,319.16428235294126,298.6769528580935,306.6220159576068,0,0,0,0,-20.393905377858033,,,,,,,298.6769528580935,306.6220159576068,0,0,0,0,298.6769528580935,306.6220159576068,0,0,0,0,0
1662730200,302.83,307.135,302.8,306.87,38.994545444044654,31.195636355235724,58.49181816606698,,306.87,0,15,0,25,285.2805617537132,293.4102470588234,301.53993236393364,301.65638766454,303.52914526610056,0,0,0,0,288.0251645680554,304.45160000000027,304.45160000000027,303.4958532775088,322.9375305549602,0,0,0,0,284.04044365314996,296.6803882352938,309.3203328174376,301.65638766454,303.52914526610056,0,0,0,0,304.15159400075026,319.16428235294126,319.16428235294126,298.6769528580935,306.6220159576068,0,0,0,0,-20.393905377858033,,,,,,,298.6769528580935,306.6220159576068,0,0,0,0,298.6769528580935,306.6220159576068,0,0,0,0,0
1662744600,306.88,307.6,306.24,307.05,38.994545444044654,31.195636355235724,58.49181816606698,,307.05,-15,15,-15,30,286.8767692639585,294.7339058823528,302.5910425007471,303.88295671075133,303.52914526610056,0,0,0,0,288.0251645680554,304.45160000000027,304.45160000000027,303.4958532775088,322.9375305549602,0,0,0,0,283.8924504717184,296.4951411764706,309.0978318812228,303.88295671075133,303.52914526610056,0,0,0,0,303.6787058547862,318.34988235294065,318.34988235294065,301.9227234177483,306.6220159576068,0,0,0,0,-4.005212688402754,,,,,,,301.9227234177483,306.6220159576068,0,0,0,0,301.9227234177483,306.6220159576068,0,0,0,0,0
1662989400,308.5,311.06,308.18,310.49,44.04256967956541,35.23405574365233,66.06385451934811,,310.49,-10,15,-10,15,288.9408349530264,296.621411764706,304.3019885763856,305.17345980284045,303.52914526610056,0,0,0,0,288.0251645680554,304.45160000000027,304.45160000000027,303.4958532775088,322.9375305549602,0,0,0,0,283.9355534105764,296.5042352941176,309.07291717765884,305.17345980284045,303.52914526610056,0,0,0,0,303.6787058547862,318.34988235294065,318.34988235294065,303.88467174505195,306.6220159576068,0,0,0,0,-3.8852391404432036,,,,,,,303.88467174505195,306.6220159576068,0,0,0,0,303.88467174505195,306.6220159576068,0,0,0,0,0
1663003800,310.49,310.79,309.25,310.78,44.04256967956541,35.23405574365233,66.06385451934811,,310.78,-10,20,-10,15,291.1794813399513,298.61341176470603,306.0473421894608,307.0118298785862,303.52914526610056,0,0,0,0,291.2509791290701,306.5932235294116,321.9354679297531,303.4958532775088,322.9375305549602,0,0,0,0,284.0484787848993,296.5739176470587,309.09935650921807,307.0118298785862,303.52914526610056,0,0,0,0,303.4314139546797,317.6232941176471,331.8151742806145,305.1514809061197,306.6220159576068,0,0,0,0,-3.8077734969673487,,,,,,,305.1514809061197,306.6220159576068,0,0,1,0,305.1514809061197,306.6220159576068,0,0,0,0,0
1663075800,301.75,303,297.15,298.85,45.177258916578886,36.14180713326311,67.76588837486833,,298.85,-10,15,-10,-35,291.6554543495511,298.7597882352943,298.7597882352943,302.37964668632105,303.52914526610056,0,0,0,0,291.2509791290701,306.5932235294116,321.9354679297531,303.4958532775088,322.9375305549602,0,0,0,0,283.0544447720569,295.7067764705881,295.7067764705881,302.37964668632105,303.52914526610056,0,0,0,0,303.4314139546797,317.6232941176471,331.8151742806145,305.1514809061197,306.6220159576068,0,0,0,0,-18.807773496967346,,,,,,,305.1514809061197,306.6220159576068,0,0,0,0,305.1514809061197,306.6220159576068,0,0,0,0,0
1663090200,298.8,298.93,292.79,293.63,45.177258916578886,36.14180713326311,67.76588837486833,,293.63,-15,15,-15,-40,292.0117529227196,298.63722352941176,298.63722352941176,297.9439810713687,303.52914526610056,0,0,0,0,291.2509791290701,306.5932235294116,321.9354679297531,303.4958532775088,322.9375305549602,0,0,0,0,281.5793714638705,294.4789529411765,294.4789529411765,297.9439810713687,303.52914526610056,0,0,0,0,301.7034653927097,315.57592941176466,315.57592941176466,303.80652921870296,306.6220159576068,0,0,0,0,-18.18229733607977,,,,,,,303.80652921870296,306.6220159576068,0,0,0,0,303.80652921870296,306.6220159576068,0,0,0,0,0
1663162200,294.865,296.92,293.09,296.06,40.70029109125212,32.560232873001695,61.050436636878175,,296.06,-15,15,-15,-25,293.5352442049026,299.1728235294115,299.1728235294115,297.9439810713687,303.52914526610056,0,0,0,0,291.2509791290701,306.5932235294116,321.9354679297531,303.4958532775088,322.9375305549602,0,0,0,0,280.2399892863427,293.33590588235296,293.33590588235296,297.9439810713687,303.52914526610056,0,0,0,0,301.7034653927097,315.57592941176466,315.57592941176466,301.72177713165274,306.6220159576068,0,0,0,0,-18.309780359469702,,,,,,,301.72177713165274,306.6220159576068,0,0,0,0,301.72177713165274,306.6220159576068,0,0,0,0,0
1663176600,296.07,296.36,293.08,296.08,40.70029109125212,32.560232873001695,61.050436636878175,,296.08,-20,15,-20,-30,293.8810225657443,299.16770588235295,299.16770588235295,297.9439810713687,303.52914526610056,0,0,0,0,292.4356616044439,307.19183529411765,307.19183529411765,303.4958532775088,322.9375305549602,0,0,0,0,278.99133689911986,292.26372941176453,292.26372941176453,297.9439810713687,303.52914526610056,0,0,0,0,300.2137625364653,313.87545882352913,313.87545882352913,301.05307876510614,306.6220159576068,0,0,0,0,-18.350671403557296,,,,,,,301.05307876510614,306.6220159576068,0,0,0,0,301.05307876510614,306.6220159576068,0,0,0,0,0
1663248600,294.08,296.53,290.6,294.15,40.81574335828431,32.652594686627445,61.22361503742646,,294.15,-15,15,-15,-25,293.52989988089934,298.7365529411766,298.7365529411766,297.9439810713687,303.52914526610056,0,0,0,0,292.4356616044439,307.19183529411765,307.19183529411765,303.4958532775088,322.9375305549602,0,0,0,0,278.03089788749077,291.40101176470574,291.40101176470574,297.9439810713687,303.52914526610056,0,0,0,0,300.2137625364653,313.87545882352913,313.87545882352913,301.05307876510614,306.6220159576068,0,0,0,0,-18.350671403557296,,,,,,,301.05307876510614,306.6220159576068,0,0,0,0,301.05307876510614,306.6220159576068,0,0,0,0,0
1663263000,294.04,294.13,289.47,291.03,40.81574335828431,32.652594686627445,61.22361503742646,,291.03,-20,-20,-20,-45,292.3357334263239,297.7356823529415,297.7356823529415,295.13721124187407,303.52914526610056,0,0,0,1,292.4356616044439,307.19183529411765,307.19183529411765,303.4958532775088,322.9375305549602,0,0,0,0,276.91522941622077,290.4133294117647,290.4133294117647,295.13721124187407,303.52914526610056,0,0,0,0,298.242325083191,311.84444705882333,311.84444705882333,298.90418526174966,306.6220159576068,0,0,0,0,-18.482076687884643,,,,,,,298.90418526174966,306.6220159576068,0,0,0,0,298.90418526174966,306.6220159576068,0,0,0,0,0
1663335000,287.68,288.89,285.63,286.57,39.75021563626707,31.80017250901366,59.62532345440061,,286.57,-15,-10,-15,-40,290.54970239571907,296.32572941176477,296.32572941176477,291.2157076524323,303.52914526610056,0,0,0,0,292.4356616044439,307.19183529411765,307.19183529411765,303.4958532775088,322.9375305549602,0,0,0,0,275.4700192685724,289.18343529411754,289.18343529411754,291.2157076524323,303.52914526610056,0,0,0,0,298.242325083191,311.84444705882333,311.84444705882333,293.7088863144818,306.6220159576068,0,0,0,0,-18.799770298231074,,,,,,,293.7088863144818,306.6220159576068,0,0,0,0,293.7088863144818,306.6220159576068,0,0,0,0,0
1663349400,286.58,289.71,286.23,289.22,39.75021563626707,31.80017250901366,59.62532345440061,,289.22,-45,-35,-45,-70,288.9681910246011,295.01977647058845,295.01977647058845,291.2157076524323,296.82563778682066,0,0,0,0,292.79109347349,307.17632941176487,307.17632941176487,296.7980144471558,322.9375305549602,0,0,0,0,274.3016442299177,288.15678823529413,288.15678823529413,291.2157076524323,296.82563778682066,0,0,0,0,296.187152455886,309.91701176470565,309.91701176470565,293.7088863144818,306.6220159576068,0,0,0,0,-21.392314597295236,,,,,,,293.7088863144818,306.6220159576068,0,0,0,0,293.7088863144818,306.6220159576068,0,0,0,0,0
1663594200,286.1,289.99,286.05,289.08,39.192040839865676,31.35363267189254,58.78806125979851,,289.08,-25,-20,-25,-50,287.58746565388867,293.8649882352942,293.8649882352942,291.2157076524323,296.82563778682066,0,0,0,0,292.79109347349,307.17632941176487,307.17632941176487,296.7980144471558,322.9375305549602,0,0,0,0,273.53430033201914,287.38204705882373,287.38204705882373,291.2157076524323,296.82563778682066,0,0,0,0,296.187152455886,309.91701176470565,309.91701176470565,293.7088863144818,306.6220159576068,0,0,0,0,-21.392314597295236,,,,,,,293.7088863144818,306.6220159576068,0,0,0,0,293.7088863144818,306.6220159576068,0,0,0,0,0
1663608600,289.09,291.205,288,291.1,39.192040839865676,31.35363267189254,58.78806125979851,,291.1,-30,-20,-30,-55,286.7487464777953,293.119811764706,293.119811764706,291.2157076524323,296.82563778682066,0,0,0,0,292.79109347349,307.17632941176487,307.17632941176487,296.7980144471558,322.9375305549602,0,0,0,0,273.2544600467254,286.935494117647,286.935494117647,291.2157076524323,296.82563778682066,0,0,0,0,294.33306128762325,308.15202352941145,308.15202352941145,293.7088863144818,306.6220159576068,0,0,0,0,-21.392314597295236,,,,,,,293.7088863144818,306.6220159576068,0,0,0,0,293.7088863144818,306.6220159576068,0,0,0,0,0
1663680600,288.49,291.06,287.67,287.68,39.42647971605186,31.54118377284149,59.13971957407779,,287.68,-25,-20,-25,-40,285.56090303492346,292.10190588235326,292.10190588235326,291.2157076524323,296.82563778682066,0,0,0,0,292.79109347349,307.17632941176487,307.17632941176487,296.7980144471558,322.9375305549602,0,0,0,0,272.9239846820057,286.40018823529414,286.40018823529414,291.2157076524323,296.82563778682066,0,0,0,0,294.33306128762325,308.15202352941145,308.15202352941145,293.7088863144818,306.6220159576068,0,0,0,0,-21.392314597295236,,,,,,,293.7088863144818,306.6220159576068,0,0,0,0,293.7088863144818,306.6220159576068,0,0,0,0,0
1663695000,287.65,289.76,286.38,288.68,39.42647971605186,31.54118377284149,59.13971957407779,,288.68,-45,-25,-70,-45,284.01618696260675,290.720305882353,290.720305882353,291.2157076524323,296.82563778682066,0,0,0,0,292.33863178295854,306.6969411764705,306.6969411764705,296.7980144471558,322.9375305549602,0,0,0,0,272.90432613020624,286.0663176470591,286.0663176470591,291.2157076524323,296.82563778682066,0,0,0,0,292.1373337549178,305.96461176470575,305.96461176470575,293.7088863144818,306.6220159576068,0,0,0,0,-21.392314597295236,,,,,,,293.7088863144818,306.6220159576068,0,0,0,0,293.7088863144818,306.6220159576068,0,0,0,0,0
1663767000,289.59,290.8,289.03,290.12,38.1039069932863,30.483125594629044,57.15586048992945,,290.12,-25,-10,-40,-15,283.0951805863057,289.89835294117665,289.89835294117665,291.2157076524323,296.82563778682066,0,0,0,0,292.33863178295854,306.6969411764705,306.6969411764705,296.7980144471558,322.9375305549602,0,0,0,0,273.1707175017163,285.9323529411765,285.9323529411765,291.2157076524323,296.82563778682066,0,0,0,0,292.1373337549178,305.96461176470575,305.96461176470575,293.7088863144818,306.6220159576068,0,0,0,0,-21.392314597295236,,,,,,,293.7088863144818,306.6220159576068,0,0,0,0,293.7088863144818,306.6220159576068,0,0,0,0,0
1663781400,290.125,293.93,283.43,283.44,38.1039069932863,30.483125594629044,57.15586048992945,,283.44,-30,-10,-45,-35,281.4633341595518,288.5246588235291,288.5246588235291,290.53119867543717,296.82563778682066,0,0,0,0,292.33863178295854,306.6969411764705,306.6969411764705,296.7980144471558,322.9375305549602,0,0,0,0,272.87323785239926,285.3650470588233,285.3650470588233,290.53119867543717,296.82563778682066,0,0,0,0,289.35028828188524,303.26449411764673,303.26449411764673,293.7088863144818,306.6220159576068,0,0,0,0,-21.392314597295236,,,,,,,293.7088863144818,306.6220159576068,0,0,0,0,293.7088863144818,306.6220159576068,0,0,0,0,0
1663853400,282,282.94,278.83,280.2,37.264987935882154,29.811990348705724,55.897481903823234,,280.2,-25,-10,-40,-40,278.4370809538387,286.12945882352903,286.12945882352903,284.5094008987188,296.82563778682066,0,0,0,0,292.33863178295854,306.6969411764705,306.6969411764705,296.7980144471558,322.9375305549602,0,0,0,0,272.0957632241311,284.51195294117656,284.51195294117656,284.5094008987188,296.82563778682066,0,0,0,0,289.35028828188524,303.26449411764673,303.26449411764673,287.6217526021207,306.6220159576068,0,0,0,0,-21.764544088874047,,,,,,,287.6217526021207,306.6220159576068,0,0,0,0,287.6217526021207,306.6220159576068,0,0,0,0,0
1663867800,280.19,283.02,279.09,280.07,37.264987935882154,29.811990348705724,55.897481903823234,,280.07,-30,-35,-70,-60,275.6897115133375,283.8527294117646,283.8527294117646,284.5094008987188,289.9346717729431,0,0,0,0,290.89301054432235,305.4706823529413,305.4706823529413,289.9009265833303,322.9375305549602,0,0,0,0,271.4864735588114,283.7590000000001,283.7590000000001,284.5094008987188,289.9346717729431,0,0,0,0,286.1671257287118,300.2760941176469,300.2760941176469,287.6217526021207,306.6220159576068,0,0,0,0,-24.434212063038057,,,,,,,287.6217526021207,306.6220159576068,0,0,0,0,287.6217526021207,306.6220159576068,0,0,0,0,0
1663939800,277.55,277.85,273.67,274.17,39.156994687780326,31.325595750224263,58.73549203167049,,274.17,-15,-20,-25,-65,271.7734454961015,280.7846823529411,280.7846823529411,279.4052928224778,289.9346717729431,0,0,0,0,290.89301054432235,305.4706823529413,305.4706823529413,289.9009265833303,322.9375305549602,0,0,0,0,270.495883595647,282.71505882352915,282.71505882352915,279.4052928224778,289.9346717729431,0,0,0,0,286.1671257287118,300.2760941176469,300.2760941176469,282.60462341713475,306.6220159576068,0,0,0,0,-24.741010555392542,,,,,,,282.60462341713475,306.6220159576068,0,0,0,0,282.60462341713475,306.6220159576068,0,0,0,0,0
1663954200,274.11,275.79,272.03,275.53,39.156994687780326,31.325595750224263,58.73549203167049,,275.53,-20,-40,-45,-85,268.40194326191374,278.1139529411763,278.1139529411763,278.12562904944366,284.8364809320187,0,0,0,0,290.89301054432235,305.4706823529413,305.4706823529413,284.8137175416639,322.9375305549602,0,0,0,0,269.8522484024814,281.88605882352925,281.88605882352925,278.12562904944366,284.8364809320187,0,0,0,0,282.4722465524043,296.9875529411766,296.9875529411766,280.4735788873394,306.6220159576068,0,0,0,0,-25.284912775518368,,,,,,,280.4735788873394,306.6220159576068,0,0,0,0,280.4735788873394,306.6220159576068,0,0,0,0,0
1664199000,274.98,279.49,273.73,274.33,37.96787332277295,30.374298658218365,56.951809984159425,,274.33,-15,-20,-25,-50,265.73697709779157,275.94585882352914,275.94585882352914,278.12562904944366,284.8364809320187,0,0,0,0,290.89301054432235,305.4706823529413,305.4706823529413,284.8137175416639,322.9375305549602,0,0,0,0,268.7477120467199,280.8355529411765,280.8355529411765,278.12562904944366,284.8364809320187,0,0,0,0,282.4722465524043,296.9875529411766,296.9875529411766,280.4735788873394,306.6220159576068,0,0,0,0,-25.284912775518368,,,,,,,280.4735788873394,306.6220159576068,0,0,0,0,280.4735788873394,306.6220159576068,0,0,0,0,0
1664213400,274.265,276.3,273.57,274.17,37.96787332277295,30.374298658218365,56.951809984159425,,274.17,-45,-20,-30,-45,263.4956022723321,274.0636235294117,274.0636235294117,278.12562904944366,284.8364809320187,0,0,0,0,289.2788303175824,304.1027058823528,304.1027058823528,284.8137175416639,322.9375305549602,0,0,0,0,267.81541413678093,279.8861294117645,279.8861294117645,278.12562904944366,284.8364809320187,0,0,0,0,278.7679071317935,293.8447529411767,293.8447529411767,280.4735788873394,306.6220159576068,0,0,0,0,-25.284912775518368,,,,,,,280.4735788873394,306.6220159576068,0,0,0,0,280.4735788873394,306.6220159576068,0,0,0,0,0
1664285400,277.85,280.19,272.12,273.15,38.80547482970864,31.044379863766917,58.208212244562965,,273.15,-25,-20,-25,-50,261.45250506624274,272.3152235294115,272.3152235294115,278.12562904944366,284.8364809320187,0,0,0,0,289.2788303175824,304.1027058823528,304.1027058823528,284.8137175416639,322.9375305549602,0,0,0,0,266.36841248657083,278.6633411764706,278.6633411764706,278.12562904944366,284.8364809320187,0,0,0,0,278.7679071317935,293.8447529411767,293.8447529411767,280.4735788873394,306.6220159576068,0,0,0,0,-25.284912775518368,,,,,,,280.4735788873394,306.6220159576068,0,0,0,0,280.4735788873394,306.6220159576068,0,0,0,0,0
1664299800,273.12,275.25,272.32,274.51,38.80547482970864,31.044379863766917,58.208212244562965,,274.51,-30,-20,-30,-45,260.61917999301807,271.32630588235287,271.32630588235287,278.12562904944366,284.8364809320187,0,0,0,0,289.2788303175824,304.1027058823528,304.1027058823528,284.8137175416639,322.9375305549602,0,0,0,0,265.18491926116394,277.6162235294116,277.6162235294116,278.12562904944366,284.8364809320187,0,0,0,0,275.0968641328524,290.65287058823503,290.65287058823503,279.97417421390304,306.6220159576068,0,0,0,0,-25.315451475088544,,,,,,,279.97417421390304,306.6220159576068,0,0,0,0,279.97417421390304,306.6220159576068,0,0,0,0,0
1664371800,274.46,278.97,272.98,278.45,38.51260638531073,30.810085108248586,57.7689095779661,,278.45,-10,-10,0,0,261.0077584647402,271.2090117647058,271.2090117647058,278.12562904944366,284.8364809320187,0,0,0,0,289.2788303175824,304.1027058823528,304.1027058823528,284.8137175416639,322.9375305549602,0,0,0,0,264.63965695984314,277.0060117647058,277.0060117647058,278.12562904944366,284.8364809320187,0,0,0,0,275.0968641328524,290.65287058823503,290.65287058823503,279.97417421390304,306.6220159576068,0,0,0,0,-25.315451475088544,,,,,,,279.97417421390304,306.6220159576068,0,0,0,0,279.97417421390304,306.6220159576068,0,0,0,0,0
1664386200,278.38,281.24,277.55,279.87,38.51260638531073,30.810085108248586,57.7689095779661,,279.87,-25,-15,-55,-15,262.89190732115367,272.0071058823525,272.0071058823525,278.12562904944366,284.8364809320187,0,0,0,0,288.06331539893426,303.03901176470566,303.03901176470566,284.8137175416639,322.9375305549602,0,0,0,0,264.27979757268986,276.54194117647023,276.54194117647023,278.12562904944366,284.8364809320187,0,0,0,0,272.32191872914257,288.2760470588235,288.2760470588235,279.97417421390304,306.6220159576068,0,0,0,0,-25.315451475088544,,,,,,,279.97417421390304,306.6220159576068,0,0,0,0,279.97417421390304,306.6220159576068,0,0,0,0,0
1664458200,275.87,276.26,270.45,270.78,39.16867657488858,31.334941259910863,58.75301486233287,,270.78,-10,-10,-35,-25,263.6663641762697,271.76157647058784,271.76157647058784,276.7975217693316,284.8364809320187,0,0,0,0,288.06331539893426,303.03901176470566,303.03901176470566,284.8137175416639,322.9375305549602,0,0,0,0,263.08646017847735,275.4685999999999,275.4685999999999,276.7975217693316,284.8364809320187,0,0,0,0,272.32191872914257,288.2760470588235,288.2760470588235,279.97417421390304,306.6220159576068,0,0,0,0,-25.315451475088544,,,,,,,279.97417421390304,306.6220159576068,0,0,0,0,279.97417421390304,306.6220159576068,0,0,0,0,0
1664472600,270.75,272.275,268.84,272.06,39.16867657488858,31.334941259910863,58.75301486233287,,272.06,-15,-25,-55,-55,262.87239656056124,270.86595294117643,270.86595294117643,274.8998416429508,283.62591711524846,0,0,0,0,288.06331539893426,303.03901176470566,303.03901176470566,283.6085890438219,322.9375305549602,0,0,0,0,262.2399285441781,274.61751764705855,274.61751764705855,274.8998416429508,283.62591711524846,0,0,0,0,268.8530077711946,285.5050117647059,285.5050117647059,277.2272467129135,306.6220159576068,0,0,0,0,-24.348097093108,,,,,,,277.2272467129135,306.6220159576068,0,0,0,0,277.2272467129135,306.6220159576068,0,0,0,0,0
1664544600,271.09,275.18,270,272.04,39.54014145439314,31.63211316351451,59.310212181589705,,272.04,-10,-10,-35,-20,262.26755218290594,270.19277647058806,270.19277647058806,274.8998416429508,283.62591711524846,0,0,0,0,288.06331539893426,303.03901176470566,303.03901176470566,283.6085890438219,322.9375305549602,0,0,0,0,261.7912237452112,273.9859176470585,273.9859176470585,274.8998416429508,283.62591711524846,0,0,0,0,268.8530077711946,285.5050117647059,285.5050117647059,277.2272467129135,306.6220159576068,0,0,0,0,-24.348097093108,,,,,,,277.2272467129135,306.6220159576068,0,0,0,0,277.2272467129135,306.6220159576068,0,0,0,0,0
1664559000,272.07,272.22,267.1,267.2,39.54014145439314,31.63211316351451,59.310212181589705,,267.2,-40,-65,-55,-55,261.20430608285386,269.11849411764683,269.11849411764683,273.5508548858663,282.61692303558783,0,0,0,0,284.7927870497811,300.43454117647076,300.43454117647076,282.5808326835489,322.9375305549602,0,0,0,0,261.19445177809735,273.1878470588234,273.1878470588234,273.5508548858663,282.61692303558783,0,0,0,0,265.1404309141629,282.6233411764706,282.6233411764706,277.19933517593057,299.6959636664689,0,0,0,0,-23.174413006147883,,,,,,,277.19933517593057,299.6959636664689,0,0,0,0,277.19933517593057,299.6959636664689,0,0,0,0,0
1664803800,269.07,272.75,267.54,272.63,38.46499772670281,30.77199818136225,57.697496590054214,,272.63,-20,-35,-10,-20,261.21927098386936,268.8256941176469,268.8256941176469,273.5508548858663,282.61692303558783,0,0,0,0,284.7927870497811,300.43454117647076,300.43454117647076,282.5808326835489,322.9375305549602,0,0,0,0,260.6634744578859,272.57028235294104,272.57028235294104,273.5508548858663,282.61692303558783,0,0,0,0,265.1404309141629,282.6233411764706,282.6233411764706,277.19933517593057,299.6959636664689,0,0,0,0,-23.174413006147883,,,,,,,277.19933517593057,299.6959636664689,0,0,0,0,277.19933517593057,299.6959636664689,0,0,0,0,0
1664818200,272.64,275.16,272.6,273.57,38.46499772670281,30.77199818136225,57.697496590054214,,273.57,-25,-40,-55,-25,261.632889188843,268.8831294117647,268.8831294117647,273.5508548858663,282.61692303558783,0,0,0,0,284.7927870497811,300.43454117647076,300.43454117647076,282.5808326835489,322.9375305549602,0,0,0,0,260.08406544832394,271.95904705882344,271.95904705882344,273.5508548858663,282.61692303558783,0,0,0,0,262.09370072985115,280.1073176470589,280.1073176470589,277.19933517593057,299.6959636664689,0,0,0,0,-23.174413006147883,,,,,,,277.19933517593057,299.6959636664689,0,0,0,0,277.19933517593057,299.6959636664689,0,0,0,0,0
1664890200,278.99,282.83,278.99,280.28,39.6193935277279,31.69551482218232,59.42909029159185,,280.28,0,-35,-15,25,263.0478390231299,269.9842117647057,276.92058450628156,275.5231346837583,282.61692303558783,0,0,0,0,284.7927870497811,300.43454117647076,300.43454117647076,282.5808326835489,322.9375305549602,0,0,0,0,260.1693836999863,271.88407058823503,271.88407058823503,275.5231346837583,282.61692303558783,0,0,0,0,262.09370072985115,280.1073176470589,280.1073176470589,277.19933517593057,299.6959636664689,0,0,0,0,-23.174413006147883,,,,,,,277.19933517593057,299.6959636664689,0,0,0,0,277.19933517593057,299.6959636664689,0,0,0,0,0
1664904600,280.27,282.23,280.17,282.17,39.6193935277279,31.69551482218232,59.42909029159185,,282.17,-5,-35,-20,30,264.1277848521642,270.92988235294104,277.73197985371786,277.50627429364874,282.61692303558783,0,0,0,0,283.0540419738796,298.8426117647057,298.8426117647057,282.5808326835489,322.9375305549602,0,0,0,0,260.4158338620348,271.96071764705846,283.50560143208213,277.50627429364874,282.61692303558783,0,0,0,0,259.99076712320334,278.25722352941176,278.25722352941176,277.19933517593057,299.6959636664689,0,0,0,0,-23.174413006147883,,,,,,,277.19933517593057,299.6959636664689,0,0,0,0,277.19933517593057,299.6959636664689,0,0,0,0,0
1664976600,278.28,281.73,275.44,281.03,41.04059849232736,32.83247879386189,61.56089773849104,,281.03,10,-10,-15,20,265.14491722234317,271.67223529411746,278.19955336589175,277.50627429364874,282.61692303558783,0,0,0,0,283.0540419738796,298.8426117647057,298.8426117647057,282.5808326835489,322.9375305549602,0,0,0,0,260.3052621616987,271.7960235294115,283.28678489712433,277.50627429364874,282.61692303558783,0,0,0,0,259.99076712320334,278.25722352941176,278.25722352941176,277.19933517593057,299.6959636664689,0,0,0,0,-23.174413006147883,,,,,,,277.19933517593057,299.6959636664689,0,0,0,0,277.19933517593057,299.6959636664689,0,0,0,0,0
1664991000,281.06,283.81,280.15,281.96,41.04059849232736,32.83247879386189,61.56089773849104,,281.96,10,-10,-15,35,266.7542178722414,273.0154588235294,279.2766997748174,277.7826587906316,282.61692303558783,0,0,0,0,283.0540419738796,298.8426117647057,298.8426117647057,282.5808326835489,322.9375305549602,0,0,0,0,260.43585803038684,271.8139294117639,283.192000793141,277.7826587906316,282.61692303558783,0,0,0,0,257.72848916039476,276.2021647058821,276.2021647058821,277.19933517593057,299.6959636664689,0,0,0,0,-23.174413006147883,,,,,,,277.19933517593057,299.6959636664689,0,0,0,0,277.19933517593057,299.6959636664689,0,0,0,0,0
1665063000,280.96,284.17,279.45,281.94,40.67794787048037,32.54235829638429,61.01692180572055,,281.94,15,-10,15,25,268.7769912080086,274.5689647058823,280.360938203756,277.7826587906316,282.61692303558783,0,0,0,0,283.0540419738796,298.8426117647057,298.8426117647057,282.5808326835489,322.9375305549602,0,0,0,0,260.5788379622826,271.8468470588231,283.11485615536355,277.7826587906316,282.61692303558783,0,0,0,0,257.72848916039476,276.2021647058821,276.2021647058821,277.19933517593057,299.6959636664689,0,0,0,0,-23.174413006147883,,,,,,,277.19933517593057,299.6959636664689,0,0,0,0,277.19933517593057,299.6959636664689,0,0,0,0,0
1665077400,281.89,282.13,279.45,279.8,40.67794787048037,32.54235829638429,61.01692180572055,,279.8,10,-15,10,10,270.350377905927,275.74858823529405,281.1467985646611,277.7826587906316,282.61692303558783,0,0,0,0,281.49014570394763,297.493505882353,297.493505882353,282.5808326835489,322.9375305549602,0,0,0,0,260.5240373786042,271.7159529411764,271.7159529411764,277.7826587906316,282.61692303558783,0,0,0,0,255.74135743971323,274.5014823529413,274.5014823529413,277.19933517593057,299.6959636664689,0,0,0,0,-22.894530277179136,,,,,,,277.19933517593057,299.6959636664689,0,0,0,0,277.19933517593057,299.6959636664689,0,0,0,0,0
1665149400,275.02,275.15,269.4,269.89,40.26823549832327,32.21458839865862,60.40235324748491,,269.89,-20,-10,-20,-35,270.4587974906637,275.55623529411776,275.55623529411776,275.76647857921796,282.61692303558783,0,0,0,0,281.49014570394763,297.493505882353,297.493505882353,282.5808326835489,322.9375305549602,0,0,0,0,259.3217553084983,270.7057647058825,270.7057647058825,275.76647857921796,282.61692303558783,0,0,0,0,255.74135743971323,274.5014823529413,274.5014823529413,277.19933517593057,299.6959636664689,0,0,0,0,-22.894530277179136,,,,,,,277.19933517593057,299.6959636664689,0,0,0,0,277.19933517593057,299.6959636664689,0,0,0,0,0
1665163800,269.85,270.32,267.75,269.04,40.26823549832327,32.21458839865862,60.40235324748491,,269.04,-55,-10,-15,-40,270.64775273731834,275.3055058823532,275.3055058823532,272.7928310198359,282.61692303558783,0,0,0,0,281.49014570394763,297.493505882353,297.493505882353,282.5808326835489,309.74232537514354,0,0,0,0,258.35617316501344,269.85152941176443,269.85152941176443,272.7928310198359,282.61692303558783,0,0,0,0,252.84022656471763,272.1567294117647,272.1567294117647,275.32032979019755,299.6959636664689,0,0,0,0,-18.113785630646863,,,,,,,275.32032979019755,299.6959636664689,0,0,0,0,275.32032979019755,299.6959636664689,0,0,0,0,0
1665408600,269.34,269.61,263.65,265.02,39.24205216544666,31.393641732357327,58.863078248169984,,265.02,-35,-10,-10,-35,269.617944700946,274.3688941176474,274.3688941176474,270.6059614405728,282.61692303558783,0,0,0,0,281.49014570394763,297.493505882353,297.493505882353,282.5808326835489,309.74232537514354,0,0,0,0,256.8444896353971,268.61783529411736,268.61783529411736,270.6059614405728,282.61692303558783,0,0,0,0,252.84022656471763,272.1567294117647,272.1567294117647,274.67887766232633,299.6959636664689,0,0,0,0,-18.15391706001429,,,,,,,274.67887766232633,299.6959636664689,0,0,0,0,274.67887766232633,299.6959636664689,0,0,0,0,0
1665423000,264.98,268.23,264.97,266.18,39.24205216544666,31.393641732357327,58.863078248169984,,266.18,-55,-35,-40,-65,268.355464329417,273.3376,273.3376,270.6059614405728,277.3479973281863,0,0,0,0,278.7576684485788,295.32919999999984,295.32919999999984,277.2328999933659,309.74232537514354,0,0,0,0,255.5292623034304,267.5181882352941,267.5181882352941,270.6059614405728,277.3479973281863,0,0,0,0,250.0757766954554,269.92489411764706,269.92489411764706,273.1696721150173,299.6959636664689,0,0,0,0,-20.406556499399265,,,,,,,273.1696721150173,299.6959636664689,0,0,0,0,273.1696721150173,299.6959636664689,0,0,0,0,0
1665495000,264.7,267.59,261.55,265.65,38.61410888610107,30.89128710888086,57.92116332915161,,265.65,-35,-20,-20,-60,267.0857448535342,272.2887529411766,272.2887529411766,268.7693721883886,277.3479973281863,0,0,0,0,278.7576684485788,295.32919999999984,295.32919999999984,277.2328999933659,309.74232537514354,0,0,0,0,254.08498905674054,266.3217411764706,266.3217411764706,268.7693721883886,277.3479973281863,0,0,0,0,250.0757766954554,269.92489411764706,269.92489411764706,272.6082669639446,299.6959636664689,0,0,0,0,-20.441679917325338,,,,,,,272.6082669639446,299.6959636664689,0,0,0,0,272.6082669639446,299.6959636664689,0,0,0,0,0
1665509400,265.75,266.33,261.07,262.93,38.61410888610107,30.89128710888086,57.92116332915161,,262.93,-40,-40,-55,-80,264.82241461548296,270.5170823529413,270.5170823529413,266.6449783884438,275.203140376173,0,0,0,0,278.7576684485788,295.32919999999984,295.32919999999984,275.1341214224111,309.74232537514354,0,0,0,0,252.48500042304318,265.01360000000005,265.01360000000005,266.6449783884438,275.203140376173,0,0,0,0,247.0659211064755,267.51668235294113,267.51668235294113,271.3655336093771,299.6959636664689,0,0,0,0,-21.36641525121934,,,,,,,271.3655336093771,299.6959636664689,0,0,0,0,271.3655336093771,299.6959636664689,0,0,0,0,0
1665581400,263.41,265.35,261.96,263.64,38.46333886919191,30.770671095353528,57.69500830378786,,263.64,-10,-20,-20,-35,263.0296897521599,269.05070588235304,269.05070588235304,266.6449783884438,275.203140376173,0,0,0,0,278.7576684485788,295.32919999999984,295.32919999999984,275.1341214224111,309.74232537514354,0,0,0,0,251.25310300527997,263.9586823529411,263.9586823529411,266.6449783884438,275.203140376173,0,0,0,0,247.0659211064755,267.51668235294113,267.51668235294113,270.26799549442165,299.6959636664689,0,0,0,0,-21.435080972985006,,,,,,,270.26799549442165,299.6959636664689,0,0,0,0,270.26799549442165,299.6959636664689,0,0,0,0,0
1665595800,263.615,264.71,262.56,262.71,38.46333886919191,30.770671095353528,57.69500830378786,,262.71,-40,-35,-40,-55,261.23057758830527,267.5778117647059,267.5778117647059,266.6449783884438,272.6357732064464,0,0,0,0,275.0589654286872,292.3036705882352,292.3036705882352,272.59739846366756,309.74232537514354,0,0,0,0,250.2055234675981,263.0162588235294,263.0162588235294,266.6449783884438,272.6357732064464,0,0,0,0,244.18749681975487,265.18745882352925,265.18745882352925,269.43028153053433,299.6959636664689,0,0,0,0,-22.511214299199423,,,,,,,269.43028153053433,299.6959636664689,0,0,0,0,269.43028153053433,299.6959636664689,0,0,0,0,0
1665667800,255.15,269.56,254.27,268.31,38.66338553466943,30.930708427735546,57.995078302004146,,268.31,0,-20,0,-15,260.2939485706637,266.7577882352945,266.7577882352945,266.6449783884438,272.6357732064464,0,0,0,0,275.0589654286872,292.3036705882352,292.3036705882352,272.59739846366756,309.74232537514354,0,0,0,0,249.8843123317987,262.6079058823529,262.6079058823529,266.6449783884438,272.6357732064464,0,0,0,0,244.18749681975487,265.18745882352925,265.18745882352925,269.43028153053433,299.6959636664689,0,0,0,0,-22.511214299199423,,,,,,,269.43028153053433,299.6959636664689,0,0,0,0,269.43028153053433,299.6959636664689,0,0,0,0,0
1665682200,268.34,270.15,266.9,268.74,38.66338553466943,30.930708427735546,57.995078302004146,,268.74,-5,-20,-5,-20,259.8324572729813,266.32301176470577,266.32301176470577,266.6449783884438,272.6357732064464,0,0,0,0,275.0589654286872,292.3036705882352,292.3036705882352,272.59739846366756,309.74232537514354,0,0,0,0,249.7985564053456,262.3570352941178,262.3570352941178,266.6449783884438,272.6357732064464,0,0,0,0,242.66724028551496,263.8005176470589,263.8005176470589,269.43028153053433,299.6959636664689,0,0,0,0,-22.511214299199423,,,,,,,269.43028153053433,299.6959636664689,0,0,0,0,269.43028153053433,299.6959636664689,0,0,0,0,0
1665754200,271.2,271.78,261.59,262.57,39.11206895610664,31.289655164885314,58.66810343415996,,262.57,-30,-20,-30,-45,258.43171400958533,265.1332470588237,265.1332470588237,266.6449783884438,272.6357732064464,0,0,0,0,275.0589654286872,292.3036705882352,292.3036705882352,272.59739846366756,309.74232537514354,0,0,0,0,249.68852368645878,261.9539764705883,261.9539764705883,266.6449783884438,272.6357732064464,0,0,0,0,242.66724028551496,263.8005176470589,263.8005176470589,269.43028153053433,299.6959636664689,0,0,0,0,-22.511214299199423,,,,,,,269.43028153053433,299.6959636664689,0,0,0,0,269.43028153053433,299.6959636664689,0,0,0,0,0
1665768600,262.54,263.25,260.145,260.65,39.11206895610664,31.289655164885314,58.66810343415996,,260.65,-25,-55,-55,-55,257.0112558946489,263.9328941176471,263.9328941176471,265.9152142924913,272.6357732064464,0,0,0,0,271.3765393717914,289.3483999999996,289.3483999999996,272.59739846366756,309.74232537514354,0,0,0,0,249.5653092558696,261.5132705882354,261.5132705882354,265.9152142924913,272.6357732064464,0,0,0,0,240.55896376711414,261.9738117647058,261.9738117647058,268.73161783615143,290.0907543858839,0,0,0,0,-24.794004189110293,,,,,,,268.73161783615143,290.0907543858839,0,0,0,0,268.73161783615143,290.0907543858839,0,0,0,0,0
1666013400,266.84,270,266.74,269.32,38.8770186113313,31.101614889065043,58.315527916996956,,269.32,10,-35,-15,10,257.5954249477695,264.3006117647064,271.00579858164326,265.9152142924913,272.6357732064464,0,0,0,0,271.3765393717914,289.3483999999996,289.3483999999996,272.59739846366756,309.74232537514354,0,0,0,0,250.83372145215736,261.9925411764707,261.9925411764707,265.9152142924913,272.6357732064464,0,0,0,0,240.55896376711414,261.9738117647058,261.9738117647058,268.73161783615143,290.0907543858839,0,0,0,0,-24.794004189110293,,,,,,,268.73161783615143,290.0907543858839,0,0,0,0,268.73161783615143,290.0907543858839,0,0,0,0,0
1666027800,269.33,270.23,268.9,269.48,38.8770186113313,31.101614889065043,58.315527916996956,,269.48,5,-35,-20,5,257.41784264311275,264.12684705882367,270.8358514745346,265.9152142924913,272.6357732064464,0,0,0,0,271.3765393717914,289.3483999999996,289.3483999999996,272.59739846366756,309.74232537514354,0,0,0,0,252.3705215345877,262.59270588235285,262.59270588235285,265.9152142924913,272.6357732064464,0,0,0,0,239.41699424931335,260.859435294118,260.859435294118,268.73161783615143,290.0907543858839,0,0,0,0,-23.49907314835588,,,,,,,268.73161783615143,290.0907543858839,0,0,0,0,268.73161783615143,290.0907543858839,0,0,0,0,0
1666099800,276.53,277.21,268.8,271.9,39.451151818184016,31.560921454547213,59.176727727276024,,271.9,10,-35,-15,10,257.45784907065854,264.16743529411775,270.87702151757696,265.9152142924913,272.6357732064464,0,0,0,0,271.3765393717914,289.3483999999996,289.3483999999996,272.59739846366756,309.74232537514354,0,0,0,0,253.21222595088304,263.0007529411766,272.7892799314701,265.9152142924913,272.6357732064464,0,0,0,0,239.41699424931335,260.859435294118,260.859435294118,268.73161783615143,290.0907543858839,0,0,0,0,-23.49907314835588,,,,,,,268.73161783615143,290.0907543858839,0,0,0,0,268.73161783615143,290.0907543858839,0,0,0,0,0
1666114200,271.85,272.94,268.76,271.66,39.451151818184016,31.560921454547213,59.176727727276024,,271.66,10,-35,-15,25,257.7188510284393,264.4070823529415,271.09531367744364,266.57376859833994,272.6357732064464,0,0,0,0,268.9212281671882,287.2152941176469,287.2152941176469,272.59739846366756,309.74232537514354,0,0,0,0,253.7205849794593,263.2447764705885,272.76896796171764,266.57376859833994,272.6357732064464,0,0,0,0,238.59553423424902,259.99214117647057,259.99214117647057,268.73161783615143,290.0907543858839,0,0,0,0,-22.990881726240854,,,,,,,268.73161783615143,290.0907543858839,0,0,0,0,268.73161783615143,290.0907543858839,0,0,0,0,0
1666186200,269.92,273.68,268.07,268.98,39.01376487983904,31.21101190387123,58.52064731975855,,268.98,15,-10,15,15,257.44898540038287,264.12131764705896,270.79364989373505,266.57376859833994,272.6357732064464,0,0,0,0,268.9212281671882,287.2152941176469,287.2152941176469,272.59739846366756,309.74232537514354,0,0,0,0,254.2632541173857,263.4296000000002,263.4296000000002,266.57376859833994,272.6357732064464,0,0,0,0,238.59553423424902,259.99214117647057,259.99214117647057,268.73161783615143,290.0907543858839,0,0,0,0,-22.990881726240854,,,,,,,268.73161783615143,290.0907543858839,0,0,0,0,268.73161783615143,290.0907543858839,0,0,0,0,0
1666200600,268.95,270.65,268.46,270.59,39.01376487983904,31.21101190387123,58.52064731975855,,270.59,10,-15,10,10,257.4735677781436,264.1403529411764,270.8071381042092,266.57376859833994,272.6357732064464,0,0,0,0,268.9212281671882,287.2152941176469,287.2152941176469,272.59739846366756,309.74232537514354,0,0,0,0,255.065572258253,263.8039529411767,263.8039529411767,266.57376859833994,272.6357732064464,0,0,0,0,237.6065635777639,259.01861176470584,259.01861176470584,268.73161783615143,290.0907543858839,0,0,0,0,-22.376647873391263,,,,,,,268.73161783615143,290.0907543858839,0,0,0,0,268.73161783615143,290.0907543858839,0,0,0,0,0
1666272600,269.57,274.84,269.13,270.48,38.60143537342947,30.881148298743575,57.9021530601442,,270.48,15,-10,15,15,257.9643395590672,264.60327058823543,271.2422016174037,266.57376859833994,272.6357732064464,0,0,0,0,268.9212281671882,287.2152941176469,287.2152941176469,272.59739846366756,309.74232537514354,0,0,0,0,255.8012478610797,264.15254117647066,264.15254117647066,266.57376859833994,272.6357732064464,0,0,0,0,237.6065635777639,259.01861176470584,259.01861176470584,268.73161783615143,290.0907543858839,0,0,0,0,-22.376647873391263,,,,,,,268.73161783615143,290.0907543858839,0,0,0,0,268.73161783615143,290.0907543858839,0,0,0,0,0
1666287000,270.44,270.44,267.93,269.01,38.60143537342947,30.881148298743575,57.9021530601442,,269.01,10,-10,10,10,258.9644121477223,265.2334352941176,265.2334352941176,266.57376859833994,272.6357732064464,0,0,0,0,267.08499076200604,285.65830588235315,285.65830588235315,272.59739846366756,309.74232537514354,0,0,0,0,256.2426710863737,264.3178823529414,264.3178823529414,266.57376859833994,272.6357732064464,0,0,0,0,237.22508583167098,258.40155294117625,258.40155294117625,268.73161783615143,290.0907543858839,0,0,0,0,-22.376647873391263,,,,,,,268.73161783615143,290.0907543858839,0,0,0,0,268.73161783615143,290.0907543858839,0,0,0,0,0
1666359000,267.94,273.18,266.83,272.78,38.43885612639047,30.751084901112378,57.6582841895857,,272.78,15,-10,15,15,260.5630676214227,266.38016470588246,272.1972617903422,266.57376859833994,272.6357732064464,0,0,0,0,267.08499076200604,285.65830588235315,285.65830588235315,272.59739846366756,309.74232537514354,0,0,0,0,256.75242017272893,264.6493647058825,272.546309239036,266.57376859833994,272.6357732064464,0,0,0,0,237.22508583167098,258.40155294117625,258.40155294117625,268.73161783615143,290.0907543858839,0,0,0,0,-22.376647873391263,,,,,,,268.73161783615143,290.0907543858839,0,0,0,0,268.73161783615143,290.0907543858839,0,0,0,0,0
1666373400,272.88,275.96,272.68,275.46,38.43885612639047,30.751084901112378,57.6582841895857,,275.46,-25,-10,15,40,262.40209670302465,268.02642352941206,273.65075035579946,271.9315448412197,272.6357732064464,0,0,0,0,267.08499076200604,285.65830588235315,285.65830588235315,272.59739846366756,302.5857307054904,0,0,0,0,257.71804056287846,265.32738823529405,272.93673590770965,271.9315448412197,272.6357732064464,0,0,0,0,237.5145101432377,258.33414117647044,258.33414117647044,268.73161783615143,290.0907543858839,0,0,0,0,-19.77475661371492,,,,,,,268.73161783615143,290.0907543858839,0,0,0,0,268.73161783615143,290.0907543858839,0,0,0,0,0
1666618200,275.69,277.93,272,276.49,39.492133513641434,31.593706810913147,59.23820027046215,,276.49,-10,10,15,25,264.91618376681555,270.0897176470588,275.2632515273021,271.9315448412197,272.6357732064464,0,0,0,0,267.08499076200604,285.65830588235315,285.65830588235315,272.59739846366756,302.5857307054904,0,0,0,0,258.8001880401856,266.11216470588244,273.42414137157925,271.9315448412197,272.6357732064464,0,0,0,0,237.5145101432377,258.33414117647044,258.33414117647044,268.73161783615143,290.0907543858839,0,0,0,0,-19.77475661371492,,,,,,,268.73161783615143,290.0907543858839,0,0,0,0,268.73161783615143,290.0907543858839,0,0,0,0,0
1666632600,276.53,279.39,275.98,278.54,39.492133513641434,31.593706810913147,59.23820027046215,,278.54,-10,5,15,60,267.71823526002174,272.59468235294116,277.4711294458606,274.6405891349978,272.6357732064464,0,0,0,0,266.14514511344555,284.7966352941175,284.7966352941175,272.59739846366756,302.5857307054904,0,0,0,0,260.24630498110133,267.16654117647107,274.0867773718408,274.6405891349978,272.6357732064464,0,0,0,0,238.7276746699584,258.8688941176471,279.01011356533576,270.95531082007744,290.0907543858839,0,0,0,0,-4.631028339655039,,,,,,,270.95531082007744,290.0907543858839,0,0,1,0,270.95531082007744,290.0907543858839,0,0,0,0,0
1666704600,279.41,284.03,279.41,282.55,39.01458486568345,31.211667892546764,58.52187729852518,,282.55,-15,10,10,35,270.4700631717293,275.603482352941,280.7369015341527,278.5409161419114,272.6357732064464,0,0,0,0,266.14514511344555,284.7966352941175,284.7966352941175,272.59739846366756,302.5857307054904,0,0,0,0,261.67850665787194,268.425035294118,275.1715639303641,278.5409161419114,272.6357732064464,0,0,0,0,238.7276746699584,258.8688941176471,279.01011356533576,274.3520743329291,290.0907543858839,0,0,0,0,-4.411478716293905,,,,,,,274.3520743329291,290.0907543858839,0,0,0,0,274.3520743329291,290.0907543858839,0,0,0,0,0
1666719000,282.56,284.59,282.2,284.26,39.01458486568345,31.211667892546764,58.52187729852518,,284.26,-10,15,15,40,272.11235821208163,278.016,283.9196417879184,280.7787746325664,272.6357732064464,0,0,0,0,266.14514511344555,284.7966352941175,284.7966352941175,272.59739846366756,302.5857307054904,0,0,0,0,263.29466001794896,269.8683764705885,276.442092923228,280.7787746325664,272.6357732064464,0,0,0,0,240.8619966974299,260.0799058823525,279.29781506727505,277.33264045200553,290.0907543858839,0,0,0,0,-4.218829988653507,,,,,,,277.33264045200553,290.0907543858839,0,0,0,0,277.33264045200553,290.0907543858839,0,0,0,0,0
1666791000,278.46,283.95,277.44,278.82,40.5252475598885,32.4201980479108,60.78787133983275,,278.82,0,15,0,10,273.3304837496363,279.6451764705881,285.95986919153995,280.7787746325664,272.6357732064464,0,0,0,0,266.14514511344555,284.7966352941175,284.7966352941175,272.59739846366756,302.5857307054904,0,0,0,0,264.7797984038928,270.95731764705926,277.1348368902257,280.7787746325664,272.6357732064464,0,0,0,0,240.8619966974299,260.0799058823525,279.29781506727505,277.33264045200553,290.0907543858839,0,0,0,0,-4.218829988653507,,,,,,,277.33264045200553,290.0907543858839,0,0,0,0,277.33264045200553,290.0907543858839,0,0,0,0,0
1666805400,278.81,280.065,277.53,277.94,40.5252475598885,32.4201980479108,60.78787133983275,,277.94,10,15,10,20,274.02334171487564,280.4320941176471,286.8408465204186,280.7787746325664,272.6357732064464,0,0,0,0,265.2480660240105,283.96741176470573,283.96741176470573,272.59739846366756,302.5857307054904,0,0,0,0,265.69600620005247,271.73731764705894,277.7786290940654,280.7787746325664,272.6357732064464,0,0,0,0,242.6024402469218,260.8870352941173,279.17163034131283,277.33264045200553,290.0907543858839,0,0,0,0,-4.218829988653507,,,,,,,277.33264045200553,290.0907543858839,0,0,0,0,277.33264045200553,290.0907543858839,0,0,0,0,0
1666877400,276.79,278.26,273.01,274.125,41.904417833792586,33.52353426703407,62.856626750688875,,274.125,10,-20,10,5,274.2604733757701,280.64612941176455,280.64612941176455,279.1702290386229,272.6357732064464,0,0,0,0,265.2480660240105,283.96741176470573,283.96741176470573,272.59739846366756,302.5857307054904,0,0,0,0,266.14723760982804,272.1044352941176,272.1044352941176,279.1702290386229,272.6357732064464,0,0,0,0,242.6024402469218,260.8870352941173,279.17163034131283,277.33264045200553,290.0907543858839,0,0,0,0,-4.218829988653507,,,,,,,277.33264045200553,290.0907543858839,0,0,0,0,277.33264045200553,290.0907543858839,0,0,0,0,0
1666891800,274.13,274.215,272.35,272.83,41.904417833792586,33.52353426703407,62.856626750688875,,272.83,10,-10,10,-5,274.17110564280887,280.4404117647056,280.4404117647056,276.9385903445269,272.6357732064464,0,0,0,0,265.2480660240105,283.96741176470573,283.96741176470573,272.59739846366756,302.5857307054904,0,0,0,0,266.5104090486066,272.38009411764705,272.38009411764705,276.9385903445269,272.6357732064464,0,0,0,0,243.78741168960474,261.2775529411765,261.2775529411765,277.33264045200553,290.0907543858839,0,0,0,0,-4.218829988653507,,,,,,,277.33264045200553,290.0907543858839,0,0,0,0,277.33264045200553,290.0907543858839,0,0,0,0,0
1666963800,272.23,280.17,272.06,279.85,40.93682297656553,32.749458381252424,61.40523446484829,,279.85,10,10,10,0,274.6838887173787,280.83982352941194,286.9957583414452,276.9385903445269,272.6357732064464,0,0,0,0,265.2480660240105,283.96741176470573,283.96741176470573,272.59739846366756,302.5857307054904,0,0,0,0,267.03241941945384,272.9818705882351,278.93132175701635,276.9385903445269,272.6357732064464,0,0,0,0,243.78741168960474,261.2775529411765,261.2775529411765,277.33264045200553,290.0907543858839,0,0,0,0,-4.218829988653507,,,,,,,277.33264045200553,290.0907543858839,0,0,0,0,277.33264045200553,290.0907543858839,0,0,0,0,0
1666978200,279.84,281.68,279.52,281.23,40.93682297656553,32.749458381252424,61.40523446484829,,281.23,15,10,15,20,275.3822167066913,281.53935294117673,287.6964891756622,277.7805013840579,272.6357732064464,0,0,0,0,264.9430040661973,283.60696470588215,283.60696470588215,272.59739846366756,302.5857307054904,0,0,0,0,267.67968949203276,273.7318352941176,279.78398109620247,277.7805013840579,272.6357732064464,0,0,0,0,246.0299350879717,262.47889411764726,278.9278531473228,277.33264045200553,290.0907543858839,0,0,0,0,-5.779964744459311,,,,,,,277.33264045200553,290.0907543858839,0,0,0,0,277.33264045200553,290.0907543858839,0,0,0,0,0
1667223000,278.92,279.76,276,278.93,41.61126576073812,33.2890126085905,62.41689864110718,,278.93,15,10,15,-10,275.6941955292069,281.6070235294118,287.51985152961663,277.7805013840579,272.6357732064464,0,0,0,0,264.9430040661973,283.60696470588215,283.60696470588215,272.59739846366756,302.5857307054904,0,0,0,0,268.1358876513257,274.24179999999996,280.34771234867424,277.7805013840579,272.6357732064464,0,0,0,0,246.0299350879717,262.47889411764726,278.9278531473228,277.33264045200553,290.0907543858839,0,0,0,0,-5.779964744459311,,,,,,,277.33264045200553,290.0907543858839,0,0,0,0,277.33264045200553,290.0907543858839,0,0,0,0,0
1667237400,278.92,279.16,277.17,277.96,41.61126576073812,33.2890126085905,62.41689864110718,,277.96,0,15,0,10,275.93394564846534,281.7255411764706,287.51713670447583,277.7805013840579,272.6357732064464,0,0,0,0,264.9430040661973,283.60696470588215,283.60696470588215,272.59739846366756,302.5857307054904,0,0,0,0,268.51736862313834,274.6592235294119,280.8010784356855,277.7805013840579,272.6357732064464,0,0,0,0,247.64352637457097,263.2826117647059,278.92169715484084,277.33264045200553,290.0907543858839,0,0,0,0,-5.779964744459311,,,,,,,277.33264045200553,290.0907543858839,0,0,0,0,277.33264045200553,290.0907543858839,0,0,0,0,0
1667309400,281.58,282.06,274.76,275.59,41.34489778470511,33.07591822776409,62.01734667705767,,275.59,10,15,10,10,275.9094016414764,281.6193058823531,281.6193058823531,277.7805013840579,272.6357732064464,0,0,0,0,264.9430040661973,283.60696470588215,283.60696470588215,272.59739846366756,302.5857307054904,0,0,0,0,268.6919482260436,274.84290588235274,280.99386353866186,277.7805013840579,272.6357732064464,0,0,0,0,247.64352637457097,263.2826117647059,278.92169715484084,277.33264045200553,290.0907543858839,0,0,0,0,-5.779964744459311,,,,,,,277.33264045200553,290.0907543858839,0,0,0,0,277.33264045200553,290.0907543858839,0,0,0,0,0
1667323800,275.57,276.27,274.94,275.07,41.34489778470511,33.07591822776409,62.01734667705767,,275.07,10,-5,10,10,275.6101005126886,280.8982235294119,280.8982235294119,277.7805013840579,272.6357732064464,0,0,0,0,263.6024106354481,282.420705882353,282.420705882353,272.59739846366756,302.5857307054904,0,0,0,0,268.881115824703,275.0348705882356,275.0348705882356,277.7805013840579,272.6357732064464,0,0,0,0,248.48389215383816,263.63148235294125,263.63148235294125,277.33264045200553,290.0907543858839,0,0,0,0,-5.779964744459311,,,,,,,277.33264045200553,290.0907543858839,0,0,0,0,277.33264045200553,290.0907543858839,0,0,0,0,0
1667395800,275.08,275.31,271.73,272.29,41.31443718804515,33.051549750436116,61.97165578206772,,272.29,10,-10,10,-5,274.90856410170494,279.45135294117665,279.45135294117665,275.7269343327314,272.6357732064464,0,0,0,0,263.6024106354481,282.420705882353,282.420705882353,272.59739846366756,302.5857307054904,0,0,0,0,269.0571529578581,275.1672588235294,275.1672588235294,275.7269343327314,272.6357732064464,0,0,0,0,248.48389215383816,263.63148235294125,263.63148235294125,277.33264045200553,290.0907543858839,0,0,0,0,-5.779964744459311,,,,,,,277.33264045200553,290.0907543858839,0,0,0,0,277.33264045200553,290.0907543858839,0,0,0,0,0
1667410200,272.35,278.21,265.61,265.66,41.31443718804515,33.051549750436116,61.97165578206772,,265.66,10,-10,10,-35,272.95397961592516,277.65516470588256,277.65516470588256,271.2991933787327,272.6357732064464,0,0,0,0,263.6024106354481,282.420705882353,282.420705882353,272.59739846366756,302.5857307054904,0,0,0,0,268.7354023640641,274.8561411764704,274.8561411764704,271.2991933787327,272.6357732064464,0,0,0,0,248.5494105218207,263.3300941176471,263.3300941176471,277.33264045200553,290.0907543858839,0,0,0,0,-20.779964744459313,,,,,,,277.33264045200553,290.0907543858839,0,0,0,0,277.33264045200553,290.0907543858839,0,0,0,0,0
1667482200,263.01,264.48,260.11,262.44,40.657729243931605,32.52618339514529,60.986593865897404,,262.44,-20,-10,-20,-45,269.9929085172954,275.234011764706,275.234011764706,267.20756980105017,272.6357732064464,0,0,0,0,263.6024106354481,282.420705882353,282.420705882353,272.59739846366756,302.5857307054904,0,0,0,0,267.67851264174953,273.9648352941176,273.9648352941176,267.20756980105017,272.6357732064464,0,0,0,0,248.5494105218207,263.3300941176471,263.3300941176471,269.53076818242255,290.0907543858839,0,0,0,0,-21.284238330718082,,,,,,,269.53076818242255,290.0907543858839,0,0,0,0,269.53076818242255,290.0907543858839,0,0,0,0,0
1667496600,262.35,262.78,260.37,260.51,40.657729243931605,32.52618339514529,60.986593865897404,,260.51,-15,-25,-30,-55,267.0483623458057,272.8684588235296,272.8684588235296,265.6950474304973,272.32617575082173,0,0,0,0,259.98824091193467,279.1968,279.1968,272.2628182477636,302.5857307054904,0,0,0,0,266.4813347237964,272.99449411764704,272.99449411764704,265.6950474304973,272.32617575082173,0,0,0,0,248.3356059173648,262.7760470588237,262.7760470588237,267.64214188367805,290.0907543858839,0,0,0,0,-21.544526703782907,,,,,,,267.64214188367805,290.0907543858839,0,0,0,0,267.64214188367805,290.0907543858839,0,0,0,0,0
1667568600,265.57,266.61,259.235,259.9,40.76475894372704,32.61180715498163,61.14713841559056,,259.9,-10,-10,-10,-20,264.25986068174313,270.59751764705896,270.59751764705896,265.6950474304973,272.32617575082173,0,0,0,0,259.98824091193467,279.1968,279.1968,272.2628182477636,302.5857307054904,0,0,0,0,265.2569898423252,272.0031647058825,272.0031647058825,265.6950474304973,272.32617575082173,0,0,0,0,248.3356059173648,262.7760470588237,262.7760470588237,267.64214188367805,290.0907543858839,0,0,0,0,-21.544526703782907,,,,,,,267.64214188367805,290.0907543858839,0,0,0,0,267.64214188367805,290.0907543858839,0,0,0,0,0
1667583000,259.98,264.73,259.09,264.68,40.76475894372704,32.61180715498163,61.14713841559056,,264.68,15,-10,15,5,262.16703843342077,268.7599882352944,268.7599882352944,265.6950474304973,272.32617575082173,0,0,0,0,259.98824091193467,279.1968,279.1968,272.2628182477636,302.5857307054904,0,0,0,0,264.425275854072,271.2179529411764,271.2179529411764,265.6950474304973,272.32617575082173,0,0,0,0,249.29872701956518,262.89842352941196,262.89842352941196,267.64214188367805,290.0907543858839,0,0,0,0,-21.544526703782907,,,,,,,267.64214188367805,290.0907543858839,0,0,0,0,267.64214188367805,290.0907543858839,0,0,0,0,0
1667831400,265.78,266.485,263.62,265.38,42.185378416544715,33.748302733235775,63.27806762481707,,265.38,10,-10,10,0,260.4628528879848,267.2142470588237,267.2142470588237,265.6950474304973,272.32617575082173,0,0,0,0,259.98824091193467,279.1968,279.1968,272.2628182477636,302.5857307054904,0,0,0,0,263.8520466572632,270.71022352941173,270.71022352941173,265.6950474304973,272.32617575082173,0,0,0,0,249.29872701956518,262.89842352941196,262.89842352941196,267.64214188367805,290.0907543858839,0,0,0,0,-21.544526703782907,,,,,,,267.64214188367805,290.0907543858839,0,0,0,0,267.64214188367805,290.0907543858839,0,0,0,0,0
1667845800,265.39,268.14,264.91,267.56,42.185378416544715,33.748302733235775,63.27806762481707,,267.56,10,-10,10,10,259.3499513548592,266.1865529411765,266.1865529411765,265.6950474304973,272.32617575082173,0,0,0,0,257.3739666643742,276.85489411764723,276.85489411764723,272.2628182477636,302.5857307054904,0,0,0,0,263.5439174270042,270.4264235294119,270.4264235294119,265.6950474304973,272.32617575082173,0,0,0,0,249.63251066873363,262.85268235294143,262.85268235294143,267.64214188367805,290.0907543858839,0,0,0,0,-21.544526703782907,,,,,,,267.64214188367805,290.0907543858839,0,0,0,0,267.64214188367805,290.0907543858839,0,0,0,0,0
1667917800,269.14,272.85,267.45,269.7,41.49376628473243,33.19501302778595,62.240649427098646,,269.7,15,-10,15,30,258.6191282036598,265.4219882352941,272.22484826692846,266.3300698954592,272.32617575082173,0,0,0,0,257.3739666643742,276.85489411764723,276.85489411764723,272.2628182477636,302.5857307054904,0,0,0,0,263.8079288420146,270.591329411765,270.591329411765,266.3300698954592,272.32617575082173,0,0,0,0,249.63251066873363,262.85268235294143,262.85268235294143,267.64214188367805,290.0907543858839,0,0,0,0,-21.544526703782907,,,,,,,267.64214188367805,290.0907543858839,0,0,0,0,267.64214188367805,290.0907543858839,0,0,0,0,0
1667932200,269.685,271.085,265.52,269.54,41.49376628473243,33.19501302778595,62.240649427098646,,269.54,20,-10,20,20,257.86151332895724,264.68511764705846,271.5087219651597,266.3300698954592,272.32617575082173,0,0,0,0,257.3739666643742,276.85489411764723,276.85489411764723,272.2628182477636,302.5857307054904,0,0,0,0,264.22286519246694,270.8443058823529,270.8443058823529,266.3300698954592,272.32617575082173,0,0,0,0,250.06323866287818,262.93091764705866,262.93091764705866,267.64214188367805,290.0907543858839,0,0,0,0,-21.544526703782907,,,,,,,267.64214188367805,290.0907543858839,0,0,0,0,267.64214188367805,290.0907543858839,0,0,0,0,0
1668004200,267.76,268.56,265.22,265.34,37.4469274730836,29.957541978466878,56.17039120962539,,265.34,15,-10,15,15,256.807541298688,263.76010588235295,263.76010588235295,266.3300698954592,272.32617575082173,0,0,0,0,257.3739666643742,276.85489411764723,276.85489411764723,272.2628182477636,302.5857307054904,0,0,0,0,264.2250155705133,270.75528235294115,270.75528235294115,266.3300698954592,272.32617575082173,0,0,0,0,250.06323866287818,262.93091764705866,262.93091764705866,267.64214188367805,290.0907543858839,0,0,0,0,-21.544526703782907,,,,,,,267.64214188367805,290.0907543858839,0,0,0,0,267.64214188367805,290.0907543858839,0,0,0,0,0
1668018600,265.275,265.29,263.03,263.26,37.4469274730836,29.957541978466878,56.17039120962539,,263.26,10,-10,10,10,255.46256817906854,262.6105058823529,262.6105058823529,266.3300698954592,272.32617575082173,0,0,0,0,254.14242545748186,273.8928235294114,273.8928235294114,272.2628182477636,302.5857307054904,0,0,0,0,264.1455107934069,270.57887058823525,270.57887058823525,266.3300698954592,272.32617575082173,0,0,0,0,249.75309703048822,262.4726352941178,262.4726352941178,267.64214188367805,290.0907543858839,0,0,0,0,-21.544526703782907,,,,,,,267.64214188367805,290.0907543858839,0,0,0,0,267.64214188367805,290.0907543858839,0,0,0,0,0
1668090600,276.01,279.485,273.86,278.83,32.13833939466613,25.71067151573291,48.2075090919992,,278.83,15,10,15,60,256.92558592371284,264.06561176470586,271.2056376056989,273.8989581686113,272.32617575082173,0,0,0,0,254.14242545748186,273.8928235294114,273.8928235294114,272.2628182477636,302.5857307054904,0,0,0,0,265.315471629537,271.6546235294118,277.99377542928664,273.8989581686113,272.32617575082173,0,0,0,0,249.75309703048822,262.4726352941178,262.4726352941178,268.35977704677873,290.0907543858839,0,0,0,0,-6.498142394373865,,,,,,,268.35977704677873,290.0907543858839,0,0,1,0,268.35977704677873,290.0907543858839,0,0,0,0,0
1668105000,278.91,283.04,278.41,282.66,32.13833939466613,25.71067151573291,48.2075090919992,,282.66,20,10,20,45,259.2921254881188,266.38269411764725,273.4732627471757,277.7008363800781,272.32617575082173,0,0,0,0,254.14242545748186,273.8928235294114,273.8928235294114,272.2628182477636,302.5857307054904,0,0,0,0,266.51610483800357,272.94948235294106,279.38285986787855,277.7008363800781,272.32617575082173,0,0,0,0,251.135053101084,263.54174117647057,275.94842925185714,272.9719358291517,290.0907543858839,0,0,0,0,-6.117105494929176,,,,,,,272.9719358291517,290.0907543858839,0,0,0,0,272.9719358291517,290.0907543858839,0,0,0,0,0
1668177000,282.58,287.39,281.2,287.29,35.47225718215703,28.377805745725624,53.20838577323555,,287.29,15,10,15,40,262.1501383414487,269.32530588235284,276.50047342325695,279.19722626649593,272.32617575082173,0,0,0,0,254.14242545748186,273.8928235294114,273.8928235294114,272.2628182477636,302.5857307054904,0,0,0,0,267.3646452184119,274.2007176470587,281.0367900757055,279.19722626649593,272.32617575082173,0,0,0,0,251.135053101084,263.54174117647057,275.94842925185714,275.7082261270694,290.0907543858839,0,0,0,0,-5.940245521592316,,,,,,,275.7082261270694,290.0907543858839,0,0,0,0,275.7082261270694,290.0907543858839,0,0,0,0,0
1668191400,287.31,288.64,286.51,287.96,35.47225718215703,28.377805745725624,53.20838577323555,,287.96,20,30,35,60,264.7988772145459,272.3885999999999,279.9783227854539,283.8794961175398,272.8981158016048,0,0,0,0,253.41789135676217,273.1099294117648,292.80196746676745,272.9364564398564,302.5857307054904,0,0,0,0,268.2041313854376,275.4290352941175,282.6539392027974,283.8794961175398,272.8981158016048,0,0,0,0,252.92963384705448,265.0594588235292,277.189283800004,281.2583528322787,290.0907543858839,0,0,0,0,-5.303229364818269,,,,,,,281.2583528322787,290.0907543858839,0,0,0,0,281.2583528322787,290.0907543858839,0,0,0,0,0
1668436200,285.86,288.88,284.45,288.81,32.99229739752114,26.393837918016914,49.48844609628171,,288.81,15,15,15,25,266.99261504786614,275.0375647058822,283.0825143638982,283.8794961175398,272.8981158016048,0,0,0,0,253.41789135676217,273.1099294117648,292.80196746676745,272.9364564398564,302.5857307054904,0,0,0,0,268.95766718074475,276.5180352941175,284.07840340749027,283.8794961175398,272.8981158016048,0,0,0,0,252.92963384705448,265.0594588235292,277.189283800004,281.2583528322787,290.0907543858839,0,0,0,0,-5.303229364818269,,,,,,,281.2583528322787,290.0907543858839,0,0,0,0,281.2583528322787,290.0907543858839,0,0,0,0,0
1668450600,288.83,289.21,285.07,285.38,32.99229739752114,26.393837918016914,49.48844609628171,,285.38,20,45,45,70,268.7314313088744,277.186094117647,285.64075692641956,283.8794961175398,276.39932181577586,0,0,0,0,253.41789135676217,273.1099294117648,292.80196746676745,276.4367095512952,302.5857307054904,0,0,0,0,269.5877262574867,277.3311294117647,285.07453256604276,283.8794961175398,276.39932181577586,0,0,0,0,254.29828635346357,266.2392235294116,278.1801607053597,281.2583528322787,290.0907543858839,0,0,0,0,-3.8572535816584588,,,,,,,281.2583528322787,290.0907543858839,0,0,0,0,281.2583528322787,290.0907543858839,0,0,0,0,0
1668522600,292.21,293.24,287.77,288.09,33.550598810878085,26.84047904870247,50.32589821631713,,288.09,15,25,25,65,270.5801361313484,279.60672941176443,288.63332269218046,286.70015570515585,276.39932181577586,0,0,0,0,253.41789135676217,273.1099294117648,292.80196746676745,276.4367095512952,302.5857307054904,0,0,0,0,270.2983561800796,278.2882705882355,286.27818499639136,286.70015570515585,276.39932181577586,0,0,0,0,254.29828635346357,266.2392235294116,278.1801607053597,282.4563779783223,290.0907543858839,0,0,0,0,-3.779819292048401,,,,,,,282.4563779783223,290.0907543858839,0,0,0,0,282.4563779783223,290.0907543858839,0,0,0,0,0
1668537000,288.08,290.49,285.97,289.4,33.550598810878085,26.84047904870247,50.32589821631713,,289.4,20,40,45,70,272.86744120427426,282.3502588235295,291.8330764427847,286.70015570515585,277.94508454322045,0,0,0,0,253.28526237425854,272.9785176470587,292.6717729198589,277.96765886905985,302.5857307054904,0,0,0,0,270.9910563909001,279.1855294117645,287.3800024326289,286.70015570515585,277.94508454322045,0,0,0,0,255.8011509973134,267.66378823529396,279.5264254732745,282.4563779783223,290.0907543858839,0,0,0,0,-3.1473748463886735,,,,,,,282.4563779783223,290.0907543858839,0,0,0,0,282.4563779783223,290.0907543858839,0,0,0,0,0
1668609000,287.39,287.69,284.6,286.73,34.11339262449804,27.290714099598432,51.170088936747064,,286.73,15,25,25,40,275.0013950062445,284.6788705882352,294.35634617022595,286.70015570515585,277.94508454322045,0,0,0,0,253.28526237425854,272.9785176470587,292.6717729198589,277.96765886905985,302.5857307054904,0,0,0,0,271.5545841681013,279.8415882352939,288.1285923024865,286.70015570515585,277.94508454322045,0,0,0,0,255.8011509973134,267.66378823529396,279.5264254732745,282.4563779783223,290.0907543858839,0,0,0,0,-3.1473748463886735,,,,,,,282.4563779783223,290.0907543858839,0,0,0,0,282.4563779783223,290.0907543858839,0,0,0,0,0
1668623400,286.73,286.94,284.725,285.39,34.11339262449804,27.290714099598432,51.170088936747064,,285.39,20,25,30,45,276.700826048488,286.5658823529412,296.43093865739434,286.70015570515585,277.94508454322045,0,0,0,0,253.28526237425854,272.9785176470587,292.6717729198589,277.96765886905985,302.5857307054904,0,0,0,0,272.0118650654696,280.30207058823555,288.5922761110015,286.70015570515585,277.94508454322045,0,0,0,0,257.48556711925136,269.02705882352933,280.5685505278073,282.4563779783223,290.0907543858839,0,0,0,0,-3.1473748463886735,,,,,,,282.4563779783223,290.0907543858839,0,0,0,0,282.4563779783223,290.0907543858839,0,0,0,0,0
1668695400,280.88,286.31,280.76,285.71,33.66475513924426,26.931804111395408,50.49713270886639,,285.71,15,15,15,25,278.1895914328284,288.2088941176472,298.228196802466,286.70015570515585,277.94508454322045,0,0,0,0,253.28526237425854,272.9785176470587,292.6717729198589,277.96765886905985,302.5857307054904,0,0,0,0,272.55866467426364,280.9580352941176,289.3574059139716,286.70015570515585,277.94508454322045,0,0,0,0,257.48556711925136,269.02705882352933,280.5685505278073,282.4563779783223,290.0907543858839,0,0,0,0,-3.1473748463886735,,,,,,,282.4563779783223,290.0907543858839,0,0,0,0,282.4563779783223,290.0907543858839,0,0,0,0,0
1668709800,285.7,286.3,282.71,284.82,33.66475513924426,26.931804111395408,50.49713270886639,,284.82,20,20,20,20,279.4018465332744,289.5604705882356,299.7190946431968,286.70015570515585,277.94508454322045,0,0,0,0,252.37804987703566,272.0609647058825,291.74387953472933,277.96765886905985,302.5857307054904,0,0,0,0,273.0435440748955,281.52115294117635,289.9987618074572,286.70015570515585,277.94508454322045,0,0,0,0,259.2994459542801,270.4352470588234,281.5710481633667,282.4563779783223,290.0907543858839,0,0,0,0,-3.1473748463886735,,,,,,,282.4563779783223,290.0907543858839,0,0,0,0,282.4563779783223,290.0907543858839,0,0,0,0,0
1668781800,287.9,287.97,282.33,283.95,33.72406473140174,26.97925178512139,50.58609709710261,,283.95,15,15,15,15,280.51686319057967,290.8093411764703,301.1018191623609,286.70015570515585,277.94508454322045,0,0,0,0,252.37804987703566,272.0609647058825,291.74387953472933,277.96765886905985,302.5857307054904,0,0,0,0,273.3478811238646,281.73208235294135,290.11628358201807,286.70015570515585,277.94508454322045,0,0,0,0,259.2994459542801,270.4352470588234,281.5710481633667,282.4563779783223,290.0907543858839,0,0,0,0,-3.1473748463886735,,,,,,,282.4563779783223,290.0907543858839,0,0,0,0,282.4563779783223,290.0907543858839,0,0,0,0,0
1668796200,283.96,285.59,282.84,284.79,33.72406473140174,26.97925178512139,50.58609709710261,,284.79,20,15,20,20,281.44064103156717,291.84225882352956,302.24387661549196,286.70015570515585,277.94508454322045,0,0,0,0,252.37804987703566,272.0609647058825,291.74387953472933,277.96765886905985,302.5857307054904,0,0,0,0,273.66191292783594,281.8811294117645,290.10034589569307,286.70015570515585,277.94508454322045,0,0,0,0,261.7663356423484,272.1439764705884,282.52161729882846,282.4563779783223,290.0907543858839,0,0,0,0,-3.314345259333002,,,,,,,282.4563779783223,290.0907543858839,0,0,0,0,282.4563779783223,290.0907543858839,0,0,0,0,0
1669041000,283.42,284.58,281.06,282.3,32.8853995290327,26.308319623226165,49.32809929354906,,282.3,0,15,0,-15,281.64524736359505,291.8973647058823,291.8973647058823,285.4758597773252,277.94508454322045,0,0,0,0,252.37804987703566,272.0609647058825,291.74387953472933,277.96765886905985,302.5857307054904,0,0,0,0,273.9113497887034,282.12683529411754,290.3423207995317,285.4758597773252,277.94508454322045,0,0,0,0,261.7663356423484,272.1439764705884,282.52161729882846,282.4563779783223,290.0907543858839,0,0,0,0,-3.314345259333002,,,,,,,282.4563779783223,290.0907543858839,0,0,0,0,282.4563779783223,290.0907543858839,0,0,0,0,0
1669055400,282.31,282.98,281.62,281.83,32.8853995290327,26.308319623226165,49.32809929354906,,281.83,15,15,15,0,281.54927417458816,291.35950588235295,291.35950588235295,285.1752056243263,277.94508454322045,0,0,0,0,251.11860207836935,270.78329411764713,290.4479861569249,277.96765886905985,302.5857307054904,0,0,0,0,274.11226195778556,282.3119058823529,290.51154980692024,285.1752056243263,277.94508454322045,0,0,0,0,264.57372384083226,273.8236000000001,283.07347615916797,282.4563779783223,290.0907543858839,0,0,0,0,-4.181930729228888,,,,,,,282.4563779783223,290.0907543858839,0,0,0,0,282.4563779783223,290.0907543858839,0,0,0,0,0
1669127400,282.64,284.49,280.46,284.39,31.905829310196733,25.524663448157387,47.8587439652951,,284.39,10,15,10,10,281.62576581426725,290.88327058823523,300.1407753622032,285.1752056243263,277.94508454322045,0,0,0,0,251.11860207836935,270.78329411764713,290.4479861569249,277.96765886905985,302.5857307054904,0,0,0,0,274.51176251696717,282.7634941176472,291.01522571832726,285.1752056243263,277.94508454322045,0,0,0,0,264.57372384083226,273.8236000000001,283.07347615916797,282.4563779783223,290.0907543858839,0,0,0,0,-4.181930729228888,,,,,,,282.4563779783223,290.0907543858839,0,0,0,0,282.4563779783223,290.0907543858839,0,0,0,0,0
1669141800,284.45,286.11,284.06,285.93,31.905829310196733,25.524663448157387,47.8587439652951,,285.93,15,15,15,15,281.859548588984,290.46818823529395,299.0768278816039,285.1752056243263,277.94508454322045,0,0,0,0,251.11860207836935,270.78329411764713,290.4479861569249,277.96765886905985,302.5857307054904,0,0,0,0,274.9717061187252,283.29567058823557,291.61963505774594,285.1752056243263,277.94508454322045,0,0,0,0,266.1763286068886,275.2047529411765,284.23317727546436,282.4563779783223,290.0907543858839,0,0,0,0,-4.5613973966247245,,,,,,,282.4563779783223,290.0907543858839,0,0,0,0,282.4563779783223,290.0907543858839,0,0,0,0,0
1669213800,285.985,289.31,285.79,287.21,32.76799140697824,26.214393125582593,49.15198711046736,,287.21,10,10,10,10,282.288547980421,290.39527058823563,298.50199319605025,285.1752056243263,277.94508454322045,0,0,0,0,251.11860207836935,270.78329411764713,290.4479861569249,277.96765886905985,302.5857307054904,0,0,0,0,275.41564497960275,283.7864588235295,292.1572726674562,285.1752056243263,277.94508454322045,0,0,0,0,266.1763286068886,275.2047529411765,284.23317727546436,282.4563779783223,290.0907543858839,0,0,0,0,-4.5613973966247245,,,,,,,282.4563779783223,290.0907543858839,0,0,0,0,282.4563779783223,290.0907543858839,0,0,0,0,0
1669228200,287.27,289.46,286.76,288.86,32.76799140697824,26.214393125582593,49.15198711046736,,288.86,20,25,35,50,282.7491234387751,290.3721647058825,297.9952059729899,285.7140056384183,278.91357558396396,0,0,0,0,250.65069379490737,270.30712941176495,289.9635650286225,278.93950821247256,302.5857307054904,0,0,0,0,275.95463106791544,284.42687058823543,292.8991101085554,285.7140056384183,278.91357558396396,0,0,0,0,268.1478603800439,276.92018823529395,285.692516090544,282.6224017233552,290.0907543858839,0,0,0,0,-4.1491896046642704,,,,,,,282.6224017233552,290.0907543858839,0,0,0,0,282.6224017233552,290.0907543858839,0,0,0,0,0
1669386600,287.19,287.89,286.42,286.9,33.54533817454623,26.836270539636985,50.318007261819346,,286.9,5,25,20,20,282.88387172123583,289.99971764705884,297.11556357288185,285.7140056384183,279.8633201851094,0,0,0,0,250.65069379490737,270.30712941176495,289.9635650286225,279.88454334015313,302.5857307054904,0,0,0,0,276.3585022621741,284.867705882353,293.3769095025319,285.7140056384183,279.8633201851094,0,0,0,0,269.65553160826795,278.3078588235293,286.9601860387906,282.6224017233552,290.0907543858839,0,0,0,0,-3.7587898634582064,,,,,,,282.6224017233552,290.0907543858839,0,0,0,0,282.6224017233552,290.0907543858839,0,0,0,0,0
1669401000,286.89,286.93,286.8,286.83,33.54533817454623,26.836270539636985,50.318007261819346,,286.83,10,10,10,10,282.88387172123583,289.99971764705884,297.11556357288185,285.7140056384183,279.8633201851094,0,0,0,0,250.65069379490737,270.30712941176495,289.9635650286225,279.88454334015313,302.5857307054904,0,0,0,0,276.7030327334484,285.20567058823576,293.7083084430231,285.7140056384183,279.8633201851094,0,0,0,0,269.65553160826795,278.3078588235293,286.9601860387906,283.06125454717875,290.0907543858839,0,0,0,0,-3.7304246352588075,,,,,,,283.06125454717875,290.0907543858839,0,0,0,0,283.06125454717875,290.0907543858839,0,0,0,0,0
1669645800,284.88,286.96,283.84,284.32,33.221147044180555,26.576917635344444,49.83172056627083,,284.32,10,10,10,10,282.62649905594515,289.3258823529412,289.3258823529412,285.7140056384183,279.8633201851094,0,0,0,0,250.65069379490737,270.30712941176495,289.9635650286225,279.88454334015313,302.5857307054904,0,0,0,0,276.95009743855405,285.4576117647059,293.9651260908578,285.7140056384183,279.8633201851094,0,0,0,0,269.65553160826795,278.3078588235293,286.9601860387906,283.06125454717875,290.0907543858839,0,0,0,0,-3.7304246352588075,,,,,,,283.06125454717875,290.0907543858839,0,0,0,0,283.06125454717875,290.0907543858839,0,0,0,0,0
1669660200,284.32,284.37,281.77,282.64,33.221147044180555,26.576917635344444,49.83172056627083,,282.64,15,10,15,0,281.9773159200131,288.10616470588246,288.10616470588246,285.1471639033842,279.8633201851094,0,0,0,0,249.97531739053926,269.6729647058826,289.3706120212259,279.88454334015313,302.5857307054904,0,0,0,0,277.143329668605,285.65915294117667,285.65915294117667,285.1471639033842,279.8633201851094,0,0,0,0,270.80317851677086,279.3072705882356,287.81136265970036,283.06125454717875,290.0907543858839,0,0,0,0,-3.7304246352588075,,,,,,,283.06125454717875,290.0907543858839,0,0,0,0,283.06125454717875,290.0907543858839,0,0,0,0,0
1669732200,282.94,283.33,279.18,279.51,32.79398547256356,26.23518837805085,49.190978208845344,,279.51,10,10,10,-5,280.99793794960806,286.0682117647057,286.0682117647057,283.6286260187343,279.8633201851094,0,0,0,0,249.97531739053926,269.6729647058826,289.3706120212259,279.88454334015313,302.5857307054904,0,0,0,0,277.1308203404243,285.64196470588246,285.64196470588246,283.6286260187343,279.8633201851094,0,0,0,0,270.80317851677086,279.3072705882356,287.81136265970036,283.06125454717875,290.0907543858839,0,0,0,0,-3.7304246352588075,,,,,,,283.06125454717875,290.0907543858839,0,0,0,0,283.06125454717875,290.0907543858839,0,0,0,0,0
1669746600,279.53,281.31,279.45,280.54,32.79398547256356,26.23518837805085,49.190978208845344,,280.54,15,10,15,-10,280.790280584457,283.82877647058825,283.82877647058825,282.9263152916638,279.8633201851094,0,0,0,0,249.97531739053926,269.6729647058826,289.3706120212259,279.88454334015313,302.5857307054904,0,0,0,0,277.2646014095218,285.77964705882334,285.77964705882334,282.9263152916638,279.8633201851094,0,0,0,0,271.9607852660904,280.22527058823505,288.4897559103797,283.06125454717875,290.0907543858839,0,0,0,0,-3.7304246352588075,,,,,,,283.06125454717875,290.0907543858839,0,0,0,0,283.06125454717875,290.0907543858839,0,0,0,0,0
1669818600,280.84,281.97,279.97,281.49,33.240076039357156,26.592060831485725,49.86011405903574,,281.49,10,15,10,0,279.9417240593755,282.7966117647059,282.7966117647059,282.9263152916638,279.8633201851094,0,0,0,0,249.97531739053926,269.6729647058826,289.3706120212259,279.88454334015313,302.5857307054904,0,0,0,0,277.63996484170826,286.14678823529425,286.14678823529425,282.9263152916638,279.8633201851094,0,0,0,0,271.9607852660904,280.22527058823505,288.4897559103797,283.06125454717875,290.0907543858839,0,0,0,0,-3.7304246352588075,,,,,,,283.06125454717875,290.0907543858839,0,0,0,0,283.06125454717875,290.0907543858839,0,0,0,0,0
1669833000,281.5,293.45,280.73,293.44,33.240076039357156,26.592060831485725,49.86011405903574,,293.44,15,15,15,40,280.56081229622833,283.7144235294121,286.86803476259587,288.65075226350456,279.8633201851094,0,1,0,0,249.96318090934287,269.6570117647058,289.35084262006876,279.88454334015313,302.5857307054904,0,0,0,0,278.7916799054579,287.5127058823529,296.23373185924794,288.65075226350456,279.8633201851094,0,0,0,0,273.6386954632645,282.0682352941178,290.4977751249711,283.06125454717875,290.0907543858839,0,0,0,0,-3.7304246352588075,,,,,,,283.06125454717875,290.0907543858839,0,0,0,0,283.06125454717875,290.0907543858839,0,0,0,0,0
1669905000,293.69,295.66,290.88,293.11,34.697838319566834,27.75827065565347,52.04675747935025,,293.11,10,15,10,35,281.41138824403356,284.8824000000001,288.3534117559666,289.0704955741442,279.8633201851094,0,0,0,0,249.96318090934287,269.6570117647058,289.35084262006876,279.88454334015313,302.5857307054904,0,0,0,0,279.6685508648631,288.61379999999986,297.5590491351366,289.0704955741442,279.8633201851094,0,0,0,0,273.6386954632645,282.0682352941178,290.4977751249711,286.74836177568835,290.0907543858839,0,0,0,0,-3.4921086617597257,,,,,,,286.74836177568835,290.0907543858839,0,0,0,0,286.74836177568835,290.0907543858839,0,0,0,0,0
1669919400,293.08,294.67,292.88,293.72,34.697838319566834,27.75827065565347,52.04675747935025,,293.72,15,40,40,80,282.50586819565297,286.305105882353,290.10434356905307,291.059355877706,284.2072362507004,0,0,0,0,249.96318090934287,269.6570117647058,289.35084262006876,284.2331896172978,302.5857307054904,0,0,0,0,280.52192046560157,289.6934352941176,298.8649501226336,291.059355877706,284.2072362507004,0,0,0,0,274.99987049112326,283.7214588235295,292.4430471559357,288.91562164885346,290.0907543858839,0,0,0,0,-1.7964619085901623,,,,,,,288.91562164885346,290.0907543858839,0,0,0,0,288.91562164885346,290.0907543858839,0,0,0,0,0
1669991400,288.54,291.8,288.37,290.52,34.31995718890549,27.455965751124396,51.479935783358236,,290.52,0,20,10,35,283.2373363508934,287.1258823529411,291.01442835498887,291.059355877706,284.2072362507004,0,0,0,0,249.96318090934287,269.6570117647058,289.35084262006876,284.2331896172978,302.5857307054904,0,0,0,0,281.06856474180154,290.33487058823533,299.6011764346691,291.059355877706,284.2072362507004,0,0,0,0,274.99987049112326,283.7214588235295,292.4430471559357,288.91562164885346,290.0907543858839,0,0,0,0,-2.0307017533138008,,,,,,,288.91562164885346,290.0907543858839,0,0,0,0,288.91562164885346,290.0907543858839,0,0,0,0,0
1670005800,290.54,293.45,290.19,292.62,34.31995718890549,27.455965751124396,51.479935783358236,,292.62,15,20,25,50,284.07691623003217,288.17042352941166,292.26393082879116,291.059355877706,284.2072362507004,0,0,0,0,249.76017880971088,269.43240000000037,289.1046211902899,284.2331896172978,302.5857307054904,0,0,0,0,281.6678232671416,291.0489882352938,300.43015320344597,291.059355877706,284.2072362507004,0,0,0,0,276.1235139751804,285.120329411765,294.1171448483496,288.91562164885346,290.0907543858839,0,0,0,0,-2.0307017533138008,,,,,,,288.91562164885346,290.0907543858839,0,0,0,0,288.91562164885346,290.0907543858839,0,0,0,0,0
1670250600,290.38,291.66,287.76,288.27,34.59032525473265,27.67226020378612,51.88548788209897,,288.27,10,20,20,35,284.8103271273159,288.87265882352955,292.9349905197432,291.059355877706,284.2072362507004,0,0,0,0,249.76017880971088,269.43240000000037,289.1046211902899,284.2331896172978,302.5857307054904,0,0,0,0,282.2111822874658,291.6595764705883,301.1079706537108,291.059355877706,284.2072362507004,0,0,0,0,276.1235139751804,285.120329411765,294.1171448483496,288.91562164885346,290.0907543858839,0,0,0,0,-2.0307017533138008,,,,,,,288.91562164885346,290.0907543858839,0,0,1,0,288.91562164885346,290.0907543858839,0,0,0,0,0
1670265000,288.26,288.65,286.18,287.52,34.59032525473265,27.67226020378612,51.88548788209897,,287.52,15,20,25,25,285.27433748550015,289.27920000000006,289.27920000000006,290.24993564129215,284.2072362507004,0,0,0,0,249.76017880971088,269.43240000000037,289.1046211902899,284.2331896172978,302.5857307054904,0,0,0,0,282.74678818604167,292.2473176470588,301.747847108076,290.24993564129215,284.2072362507004,0,0,0,0,276.8011852194075,285.9261882352942,295.0511912511809,288.91562164885346,290.0907543858839,0,0,0,0,-2.0307017533138008,,,,,,,288.91562164885346,290.0907543858839,0,0,0,0,288.91562164885346,290.0907543858839,0,0,0,0,0
1670337000,287.44,287.61,281.58,281.67,34.2976384039919,27.438110723193518,51.446457605987845,,281.67,-10,10,-10,-35,284.68730606775773,288.7549176470589,288.7549176470589,286.43576083356317,284.2072362507004,0,0,0,0,249.76017880971088,269.43240000000037,289.1046211902899,284.2331896172978,302.5857307054904,0,0,0,0,282.77487159044074,292.274023529412,292.274023529412,286.43576083356317,284.2072362507004,0,0,0,0,276.8011852194075,285.9261882352942,295.0511912511809,288.91562164885346,290.0907543858839,0,0,0,0,-2.0307017533138008,,,,,,,288.91562164885346,290.0907543858839,0,0,0,0,288.91562164885346,290.0907543858839,0,0,0,0,0
1670351400,281.655,282.33,280.26,281.72,34.2976384039919,27.438110723193518,51.446457605987845,,281.72,-10,10,-10,-35,283.77193731790385,287.9511058823528,287.9511058823528,284.7117529636335,284.2072362507004,0,0,0,0,248.86851019017604,268.5963294117649,268.5963294117649,284.2331896172978,302.5857307054904,0,0,0,0,282.7662613123833,292.2593647058824,292.2593647058824,284.7117529636335,284.2072362507004,0,0,0,0,277.0534260168852,286.195129411765,286.195129411765,286.28617563349445,290.0907543858839,0,0,0,0,-2.200655852307245,,,,,,,286.28617563349445,290.0907543858839,0,0,0,0,286.28617563349445,290.0907543858839,0,0,0,0,0
1670423400,280.47,282.53,278.8,281.32,34.53924904605488,27.631399236843905,51.808873569082316,,281.32,-10,10,-10,-35,282.7150723804326,287.01209411764705,287.01209411764705,284.29283801456154,284.2072362507004,0,0,0,0,248.86851019017604,268.5963294117649,268.5963294117649,284.2331896172978,302.5857307054904,0,0,0,0,282.6440211282897,292.11,292.11,284.29283801456154,284.2072362507004,0,0,0,0,277.0534260168852,286.195129411765,286.195129411765,286.28617563349445,290.0907543858839,0,0,0,0,-2.200655852307245,,,,,,,286.28617563349445,290.0907543858839,0,0,0,0,286.28617563349445,290.0907543858839,0,0,0,0,0
1670437800,281.3,281.3,279.65,280.44,34.53924904605488,27.631399236843905,51.808873569082316,,280.44,-5,10,-5,-50,281.64316583878644,286.05216470588215,286.05216470588215,283.21673277786175,284.2072362507004,0,0,0,0,248.86851019017604,268.5963294117649,268.5963294117649,284.2331896172978,302.5857307054904,0,0,0,0,282.42676664394514,291.8580235294118,291.8580235294118,283.21673277786175,284.2072362507004,0,0,0,0,277.21511644323874,286.36197647058816,286.36197647058816,285.0778759288804,290.0907543858839,0,0,0,0,-17.278754237447007,,,,,,,285.0778759288804,290.0907543858839,0,0,0,0,285.0778759288804,290.0907543858839,0,0,0,0,0
1670509800,281.89,284.48,279.82,284,34.04365792638709,27.234926341109674,51.06548688958064,,284,-10,15,-10,-20,281.2528079524807,285.66971764705903,285.66971764705903,283.21673277786175,284.2072362507004,0,0,0,0,248.86851019017604,268.5963294117649,268.5963294117649,284.2331896172978,302.5857307054904,0,0,0,0,282.3980552779181,291.7586352941177,291.7586352941177,283.21673277786175,284.2072362507004,0,0,0,0,277.21511644323874,286.36197647058816,286.36197647058816,285.0778759288804,290.0907543858839,0,0,0,0,-17.278754237447007,,,,,,,285.0778759288804,290.0907543858839,0,0,0,0,285.0778759288804,290.0907543858839,0,0,0,0,0
1670524200,284.04,284.84,282.27,283.88,34.04365792638709,27.234926341109674,51.06548688958064,,283.88,-5,15,-5,-15,280.9668646775484,285.3912235294119,285.3912235294119,283.21673277786175,284.2072362507004,0,0,0,0,248.46998570769938,268.20992941176473,287.9498731158301,284.2331896172978,302.5857307054904,0,0,0,0,282.25354444816554,291.35717647058823,291.35717647058823,283.21673277786175,284.2072362507004,0,0,0,0,277.80399161406996,286.9907764705885,296.17756132710707,285.0778759288804,290.0907543858839,0,0,0,0,-18.35662552379426,,,,,,,285.0778759288804,290.0907543858839,0,0,0,0,285.0778759288804,290.0907543858839,0,0,0,0,0
1670596200,282.835,285.64,281.59,284.06,34.81994679159506,27.855957433276046,52.22992018739259,,284.06,-10,15,-10,-10,280.6050052975726,284.98832941176454,284.98832941176454,283.21673277786175,284.2072362507004,0,0,0,0,248.46998570769938,268.20992941176473,287.9498731158301,284.2331896172978,302.5857307054904,0,0,0,0,282.1039215838562,290.7980235294115,290.7980235294115,283.21673277786175,284.2072362507004,0,0,0,0,277.80399161406996,286.9907764705885,296.17756132710707,285.0778759288804,290.0907543858839,0,0,0,0,-18.35662552379426,,,,,,,285.0778759288804,290.0907543858839,0,0,0,0,285.0778759288804,290.0907543858839,0,0,0,0,0
1670610600,283.95,284.55,281.99,282.11,34.81994679159506,27.855957433276046,52.22992018739259,,282.11,-10,10,-10,-10,279.94163428763704,284.29465882352935,284.29465882352935,283.21673277786175,284.2072362507004,0,0,0,0,248.46998570769938,268.20992941176473,287.9498731158301,284.2331896172978,302.5857307054904,0,0,0,0,281.8196177815469,289.9593882352941,289.9593882352941,283.21673277786175,284.2072362507004,0,0,0,0,277.96912642335957,287.14703529411764,287.14703529411764,285.0778759288804,290.0907543858839,0,0,0,0,-18.35662552379426,,,,,,,285.0778759288804,290.0907543858839,0,0,0,0,285.0778759288804,290.0907543858839,0,0,0,0,0
1670855400,282.23,283.4,281.17,282.55,34.54688339410697,27.63750671528558,51.820325091160456,,282.55,-10,15,-10,-10,279.29534680672646,283.6764235294121,283.6764235294121,283.21673277786175,284.2072362507004,0,0,0,0,248.46998570769938,268.20992941176473,287.9498731158301,284.2331896172978,302.5857307054904,0,0,0,0,281.59686138934865,289.07969411764725,289.07969411764725,283.21673277786175,284.2072362507004,0,0,0,0,277.96912642335957,287.14703529411764,287.14703529411764,285.0778759288804,290.0907543858839,0,0,0,0,-18.35662552379426,,,,,,,285.0778759288804,290.0907543858839,0,0,0,0,285.0778759288804,290.0907543858839,0,0,0,0,0
1670869800,282.53,285.63,282.42,285.63,34.54688339410697,27.63750671528558,51.820325091160456,,285.63,-5,15,-5,-5,279.2562803605496,283.6381411764705,288.0200019923914,283.21673277786175,284.2072362507004,0,0,0,0,248.72452021044865,268.35505882352965,287.98559743661065,284.2331896172978,302.5857307054904,0,0,0,0,281.54655546746125,288.5770588235294,295.60756217959755,283.21673277786175,284.2072362507004,0,0,0,0,278.24078520333995,287.3698352941176,296.49888538489523,285.0778759288804,290.0907543858839,0,0,0,0,-18.35662552379426,,,,,,,285.0778759288804,290.0907543858839,0,0,0,0,285.0778759288804,290.0907543858839,0,0,0,0,0
1670941800,296.62,296.87,285.91,288.44,34.78343130703638,27.826745045629107,52.17514696055457,,288.44,10,15,10,55,280.09062793587805,284.5533882352942,289.0161485347104,287.82697599146616,284.2072362507004,0,0,0,0,248.72452021044865,268.35505882352965,287.98559743661065,284.2331896172978,302.5857307054904,0,0,0,0,281.6823228952269,288.2713176470588,294.86031239889076,287.82697599146616,284.2072362507004,0,0,0,0,278.24078520333995,287.3698352941176,296.49888538489523,285.0778759288804,290.0907543858839,0,0,0,0,-3.3566255237942597,,,,,,,285.0778759288804,290.0907543858839,0,0,1,0,285.0778759288804,290.0907543858839,0,0,0,0,0
1670956200,288.55,289.89,286.79,288.72,34.78343130703638,27.826745045629107,52.17514696055457,,288.72,15,15,15,25,280.83353545015365,285.2875294117646,289.7415233733755,287.82697599146616,284.2072362507004,0,0,0,0,248.72452021044865,268.35505882352965,287.98559743661065,284.2331896172978,302.5857307054904,0,0,0,0,281.81026976076396,288.0202588235292,294.2302478862945,287.82697599146616,284.2072362507004,0,0,0,0,278.8070479835832,288.0387058823529,297.27036378112257,285.0778759288804,290.0907543858839,0,0,0,0,-3.3566255237942597,,,,,,,285.0778759288804,290.0907543858839,0,0,0,0,285.0778759288804,290.0907543858839,0,0,0,0,0
1671028200,288.05,291.18,288.05,290.02,35.90131576954608,28.721052615636864,53.851973654319124,,290.02,10,15,10,20,281.58967088167395,286.13858823529404,290.6875055889141,287.82697599146616,284.2072362507004,0,0,0,0,248.72452021044865,268.35505882352965,287.98559743661065,284.2331896172978,302.5857307054904,0,0,0,0,281.992704142108,287.9059529411765,293.81920174024503,287.82697599146616,284.2072362507004,0,0,0,0,278.8070479835832,288.0387058823529,297.27036378112257,285.0778759288804,290.0907543858839,0,0,0,0,-3.3566255237942597,,,,,,,285.0778759288804,290.0907543858839,0,0,0,0,285.0778759288804,290.0907543858839,0,0,0,0,0
1671042600,290.03,291.41,283.2,286.42,35.90131576954608,28.721052615636864,53.851973654319124,,286.42,-5,10,-5,5,281.55240041054736,286.09494117647074,290.6374819423941,287.82697599146616,284.2072362507004,0,0,0,0,248.73969452582725,268.3392941176471,287.938893709467,284.2331896172978,302.5857307054904,0,0,0,0,281.93907215051485,287.4579058823529,292.976739614191,287.82697599146616,284.2072362507004,0,0,0,0,279.5600028112403,288.84983529411767,298.13966777699505,285.0778759288804,290.0907543858839,0,0,0,0,-3.3566255237942597,,,,,,,285.0778759288804,290.0907543858839,0,0,0,0,285.0778759288804,290.0907543858839,0,0,0,0,0
1671114600,282.31,283.01,275.88,276.24,35.9642841506942,28.77142732055536,53.9464262260413,,276.24,-10,-10,-10,-45,279.64756405247323,284.4630588235295,284.4630588235295,281.739546529011,284.2072362507004,0,0,0,0,248.73969452582725,268.3392941176471,287.938893709467,284.2331896172978,302.5857307054904,0,0,0,0,281.0832098719944,286.01169411764727,286.01169411764727,281.739546529011,284.2072362507004,0,0,0,0,279.5600028112403,288.84983529411767,298.13966777699505,285.0778759288804,290.0907543858839,0,0,0,0,-18.35662552379426,,,,,,,285.0778759288804,290.0907543858839,0,0,0,0,285.0778759288804,290.0907543858839,0,0,0,0,0
1671129000,276.23,277.88,275.67,276.92,35.9642841506942,28.77142732055536,53.9464262260413,,276.92,-10,-10,-10,-35,277.7583670908442,282.7093176470588,282.7093176470588,281.14889471123905,284.2072362507004,0,0,0,0,248.73969452582725,268.3392941176471,287.938893709467,284.2331896172978,302.5857307054904,0,0,0,0,280.50393707296394,284.5094352941176,284.5094352941176,281.14889471123905,284.2072362507004,0,0,0,0,279.62181205716684,288.89769411764706,288.89769411764706,282.41912343713324,290.0907543858839,0,0,0,0,-18.52847384528177,,,,,,,282.41912343713324,290.0907543858839,0,0,0,0,282.41912343713324,290.0907543858839,0,0,0,0,0
1671201000,276.2,277.77,272.8,272.87,35.07954856108471,28.063638848867768,52.61932284162706,,272.87,-15,-10,-15,-40,274.9906247669164,280.4160705882353,280.4160705882353,277.73567962346635,284.2072362507004,0,0,0,0,248.73969452582725,268.3392941176471,287.938893709467,284.2331896172978,302.5857307054904,0,0,0,0,279.00703701033757,283.28336470588255,283.28336470588255,277.73567962346635,284.2072362507004,0,0,0,0,279.62181205716684,288.89769411764706,288.89769411764706,282.3399003344809,290.0907543858839,0,0,0,0,-18.533594426176794,,,,,,,282.3399003344809,290.0907543858839,0,0,0,0,282.3399003344809,290.0907543858839,0,0,0,0,0
1671215400,272.86,275.47,272.61,274.22,35.07954856108471,28.063638848867768,52.61932284162706,,274.22,-20,-10,-20,-30,272.69268974186184,278.46738823529427,278.46738823529427,277.73567962346635,284.2072362507004,0,0,0,0,248.05958844055425,267.66555294117677,267.66555294117677,284.2331896172978,302.5857307054904,0,0,0,0,277.7972052562133,282.32934117647073,282.32934117647073,277.73567962346635,284.2072362507004,0,0,0,0,279.3753706649142,288.6637411764705,288.6637411764705,279.9177645963037,290.0907543858839,0,0,0,0,-18.69014903677431,,,,,,,279.9177645963037,290.0907543858839,0,0,0,0,279.9177645963037,290.0907543858839,0,0,0,0,0
1671460200,273.87,273.96,269.67,270.92,33.85916443352689,27.087331546821517,50.788746650290335,,270.92,-15,-10,-15,-40,270.7587856527328,276.93785882352955,276.93785882352955,274.5295904239333,284.2072362507004,0,0,0,0,248.05958844055425,267.66555294117677,267.66555294117677,284.2331896172978,302.5857307054904,0,0,0,0,276.3933445633776,281.32414117647073,281.32414117647073,274.5295904239333,284.2072362507004,0,0,0,0,279.3753706649142,288.6637411764705,288.6637411764705,278.4150671251391,290.0907543858839,0,0,0,0,-18.787275805409127,,,,,,,278.4150671251391,290.0907543858839,0,0,0,0,278.4150671251391,290.0907543858839,0,0,0,0,0
1671474600,270.85,270.93,268.49,269.84,33.85916443352689,27.087331546821517,50.788746650290335,,269.84,-20,-40,-45,-85,268.89513467545305,275.4306588235294,275.4306588235294,273.13755500839153,280.62212145410575,0,0,0,0,248.05958844055425,267.66555294117677,267.66555294117677,280.5954132406928,302.5857307054904,0,0,0,0,274.9724411075456,280.3004000000001,280.3004000000001,273.13755500839153,280.62212145410575,0,0,0,0,278.390591627217,287.66694117647074,287.66694117647074,275.2411337590578,290.0907543858839,0,0,0,0,-20.495210292289197,,,,,,,275.2411337590578,290.0907543858839,0,0,0,0,275.2411337590578,290.0907543858839,0,0,0,0,0
1671546600,268.56,271.32,266.95,270.11,33.25341000632837,26.6027280050627,49.880115009492556,,270.11,-15,-20,-25,-50,267.4521606831083,274.1676235294118,274.1676235294118,273.13755500839153,280.62212145410575,0,0,0,0,248.05958844055425,267.66555294117677,267.66555294117677,280.5954132406928,302.5857307054904,0,0,0,0,273.7264575203935,279.37425882352954,279.37425882352954,273.13755500839153,280.62212145410575,0,0,0,0,278.390591627217,287.66694117647074,287.66694117647074,275.2411337590578,290.0907543858839,0,0,0,0,-20.495210292289197,,,,,,,275.2411337590578,290.0907543858839,0,0,0,0,275.2411337590578,290.0907543858839,0,0,0,0,0
1671561000,270.15,270.83,269.17,269.57,33.25341000632837,26.6027280050627,49.880115009492556,,269.57,-20,-35,-45,-75,266.07737257052804,272.97872941176473,272.97872941176473,273.0360271395947,277.8183984930982,0,0,0,0,247.5631789908451,267.048705882353,267.048705882353,277.79359800921475,302.5857307054904,0,0,0,0,272.3211010534729,278.31298823529426,278.31298823529426,273.0360271395947,277.8183984930982,0,0,0,0,277.33657039030277,286.5447058823529,286.5447058823529,274.95567145551405,290.0907543858839,0,0,0,0,-21.671107992784396,,,,,,,274.95567145551405,290.0907543858839,0,0,0,0,274.95567145551405,290.0907543858839,0,0,0,0,0
1671633000,270.6,274.48,269.745,273.36,34.169920814992935,27.33593665199435,51.2548812224894,,273.36,-15,-20,-25,-40,266.06394817163294,272.7227058823528,272.7227058823528,273.0360271395947,277.8183984930982,0,0,0,0,247.5631789908451,267.048705882353,267.048705882353,277.79359800921475,302.5857307054904,0,0,0,0,271.5646649718078,277.6916000000001,277.6916000000001,273.0360271395947,277.8183984930982,0,0,0,0,277.33657039030277,286.5447058823529,286.5447058823529,274.95567145551405,290.0907543858839,0,0,0,0,-21.671107992784396,,,,,,,274.95567145551405,290.0907543858839,0,0,0,0,274.95567145551405,290.0907543858839,0,0,0,0,0
1671647400,273.33,274.78,272.8,273.5,34.169920814992935,27.33593665199435,51.2548812224894,,273.5,-20,-20,-30,-45,265.7558989655814,272.32336470588234,272.32336470588234,273.0360271395947,277.8183984930982,0,0,0,0,247.5631789908451,267.048705882353,267.048705882353,277.79359800921475,302.5857307054904,0,0,0,0,270.9512252819396,277.16814117647056,277.16814117647056,273.0360271395947,277.8183984930982,0,0,0,0,276.6015959862549,285.57230588235313,285.57230588235313,274.95567145551405,290.0907543858839,0,0,0,0,-21.671107992784396,,,,,,,274.95567145551405,290.0907543858839,0,0,0,0,274.95567145551405,290.0907543858839,0,0,0,0,0
1671719400,270.39,270.5,262.72,262.965,34.01695802325473,27.213566418603786,51.025437034882096,,262.965,-15,-20,-25,-65,263.44351804973854,270.5197294117647,270.5197294117647,268.7770465034817,277.8183984930982,0,0,0,0,247.5631789908451,267.048705882353,267.048705882353,277.79359800921475,302.5857307054904,0,0,0,0,268.9595288939136,275.7572823529413,275.7572823529413,268.7770465034817,277.8183984930982,0,0,0,0,276.6015959862549,285.57230588235313,285.57230588235313,274.95567145551405,290.0907543858839,0,0,0,0,-21.671107992784396,,,,,,,274.95567145551405,290.0907543858839,0,0,0,0,274.95567145551405,290.0907543858839,0,0,0,0,0
1671733800,262.92,266.95,262.455,266.81,34.01695802325473,27.213566418603786,51.025437034882096,,266.81,-20,-40,-45,-70,261.4992904054044,268.929705882353,268.929705882353,268.7770465034817,277.2510191088449,0,0,0,0,246.86880976984142,266.27884705882366,266.27884705882366,277.2163166508025,302.5857307054904,0,0,0,0,267.5146930318075,274.64729411764716,274.64729411764716,268.7770465034817,277.2510191088449,0,0,0,0,275.2063575672074,284.0516705882353,284.0516705882353,271.4561165254305,290.0907543858839,0,0,0,0,-22.13577996310805,,,,,,,271.4561165254305,290.0907543858839,0,0,0,0,271.4561165254305,290.0907543858839,0,0,0,0,0
1671805800,265.43,268.01,263.53,266.74,34.00472092540198,27.203776740321587,51.007081388102975,,266.74,-15,-10,-15,-25,259.54431504330057,267.31276470588233,267.31276470588233,268.7770465034817,277.2510191088449,0,0,0,0,246.86880976984142,266.27884705882366,266.27884705882366,277.2163166508025,302.5857307054904,0,0,0,0,266.15490484661933,273.5883882352946,273.5883882352946,268.7770465034817,277.2510191088449,0,0,0,0,275.2063575672074,284.0516705882353,284.0516705882353,271.4561165254305,290.0907543858839,0,0,0,0,-22.13577996310805,,,,,,,271.4561165254305,290.0907543858839,0,0,0,0,271.4561165254305,290.0907543858839,0,0,0,0,0
1671820200,266.71,267.655,266,267.46,34.00472092540198,27.203776740321587,51.007081388102975,,267.46,-20,-35,-45,-70,257.8923979009645,265.90838823529424,265.90838823529424,268.7770465034817,274.61711060107024,0,0,0,0,246.86880976984142,266.27884705882366,266.27884705882366,274.56657974717376,302.5857307054904,0,0,0,0,264.9084532400012,272.59442352941187,272.59442352941187,268.7770465034817,274.61711060107024,0,0,0,0,273.93522896871906,282.81437647058823,282.81437647058823,271.4561165254305,290.0907543858839,0,0,0,0,-23.230402343949837,,,,,,,271.4561165254305,290.0907543858839,0,0,0,0,271.4561165254305,290.0907543858839,0,0,0,0,0
1672151400,266.74,266.85,263.045,264.16,34.19316929278073,27.354535434224587,51.28975393917109,,264.16,-15,-20,-25,-65,255.8687938000255,264.2276823529412,264.2276823529412,268.2775683069442,274.61711060107024,0,0,0,0,246.86880976984142,266.27884705882366,266.27884705882366,274.56657974717376,302.5857307054904,0,0,0,0,263.30152118912355,271.3502705882354,271.3502705882354,268.2775683069442,274.61711060107024,0,0,0,0,273.93522896871906,282.81437647058823,282.81437647058823,271.1588950460535,290.0907543858839,0,0,0,0,-23.24961323796856,,,,,,,271.1588950460535,290.0907543858839,0,0,0,0,271.1588950460535,290.0907543858839,0,0,0,0,0
1672165800,264.16,264.54,263.18,263.53,34.19316929278073,27.354535434224587,51.28975393917109,,263.53,-35,-35,-45,-75,254.2603725145974,262.85076470588234,262.85076470588234,266.9684562850196,273.2666027009938,0,0,0,0,246.75109144657995,265.7768000000001,265.7768000000001,273.2536097652328,302.5857307054904,0,0,0,0,261.74235308649156,270.13736470588253,270.13736470588253,266.9684562850196,273.2666027009938,0,0,0,0,272.18898931636255,280.9638117647059,280.9638117647059,268.6382596856211,290.0907543858839,0,0,0,0,-23.053257739920777,,,,,,,268.6382596856211,290.0907543858839,0,0,0,0,268.6382596856211,290.0907543858839,0,0,0,0,0
1672237800,263.17,265.47,260.09,261.84,33.763263231179735,27.01061058494379,50.6448948467696,,261.84,-15,-20,-25,-55,252.49941865691386,261.3529764705879,261.3529764705879,265.6725103710598,273.2666027009938,0,0,0,0,246.75109144657995,265.7768000000001,265.7768000000001,273.2536097652328,302.5857307054904,0,0,0,0,259.95020462112814,268.7436588235293,268.7436588235293,265.6725103710598,273.2666027009938,0,0,0,0,272.18898931636255,280.9638117647059,280.9638117647059,268.6382596856211,290.0907543858839,0,0,0,0,-23.053257739920777,,,,,,,268.6382596856211,290.0907543858839,0,0,0,0,268.6382596856211,290.0907543858839,0,0,0,0,0
1672252200,261.84,261.84,259.74,260.02,33.763263231179735,27.01061058494379,50.6448948467696,,260.02,-20,-40,-85,-85,250.77949227470106,259.8679411764705,259.8679411764705,262.9299196566791,271.8382739366371,0,0,0,0,246.75109144657995,265.7768000000001,265.7768000000001,271.8254947820019,302.5857307054904,0,0,0,0,258.0045872634931,267.23797647058825,267.23797647058825,262.9299196566791,271.8382739366371,0,0,0,0,270.1240756255187,279.18075294117637,279.18075294117637,265.8805402391325,290.0907543858839,0,0,0,0,-23.126997627559412,,,,,,,265.8805402391325,290.0907543858839,0,0,0,0,265.8805402391325,290.0907543858839,0,0,0,0,0
1672324200,262.98,267.4,262.29,266.44,33.44789506349007,26.75831605079206,50.171842595235105,,266.44,-15,-20,-40,-50,250.44721181745012,259.45549411764705,259.45549411764705,262.9299196566791,271.8382739366371,0,0,0,0,246.75109144657995,265.7768000000001,265.7768000000001,271.8254947820019,302.5857307054904,0,0,0,0,256.9891224282437,266.38450588235276,266.38450588235276,262.9299196566791,271.8382739366371,0,0,0,0,270.1240756255187,279.18075294117637,279.18075294117637,265.8805402391325,290.0907543858839,0,0,0,0,-23.126997627559412,,,,,,,265.8805402391325,290.0907543858839,0,0,0,0,265.8805402391325,290.0907543858839,0,0,0,0,0
1672338600,266.44,267.37,266.21,266.52,33.44789506349007,26.75831605079206,50.171842595235105,,266.52,-35,-20,-45,-55,250.30865038279265,259.20295294117636,259.20295294117636,262.9299196566791,271.8382739366371,0,0,0,0,246.85905281746503,265.4923294117648,265.4923294117648,271.8254947820019,302.5857307054904,0,0,0,0,256.12176029673816,265.6410823529412,265.6410823529412,262.9299196566791,271.8382739366371,0,0,0,0,268.83837944659564,277.9969411764706,277.9969411764706,265.8805402391325,290.0907543858839,0,0,0,0,-23.126997627559412,,,,,,,265.8805402391325,290.0907543858839,0,0,0,0,265.8805402391325,290.0907543858839,0,0,0,0,0
1672410600,263.62,265.03,262.29,263.38,33.628838415147584,26.903070732118067,50.443257622721376,,263.38,-15,-10,-40,-25,250.15085619778665,258.8341764705881,258.8341764705881,262.9299196566791,271.8382739366371,0,0,0,0,246.85905281746503,265.4923294117648,265.4923294117648,271.8254947820019,302.5857307054904,0,0,0,0,255.05691051003882,264.75071764705865,264.75071764705865,262.9299196566791,271.8382739366371,0,0,0,0,268.83837944659564,277.9969411764706,277.9969411764706,265.8805402391325,290.0907543858839,0,0,0,0,-23.126997627559412,,,,,,,265.8805402391325,290.0907543858839,0,0,0,0,265.8805402391325,290.0907543858839,0,0,0,0,0
1672425000,263.3,266.4,262.91,266.31,33.628838415147584,26.903070732118067,50.443257622721376,,266.31,-75,-55,-60,-30,251.46481538739678,259.3685058823528,259.3685058823528,262.9299196566791,271.8382739366371,0,0,0,0,247.58198133274047,265.531929411765,265.531929411765,271.8254947820019,299.0880636803743,0,0,0,0,254.48067953267713,264.20992941176473,264.20992941176473,262.9299196566791,271.8382739366371,0,0,0,0,267.5257635617553,276.77296470588226,276.77296470588226,265.8805402391325,284.06168312914133,0,0,0,0,-21.30596279757219,,,,,,,265.8805402391325,284.06168312914133,0,0,0,0,265.8805402391325,284.06168312914133,0,0,0,0,0
1672756200,268.665,270.16,262.14,263.44,33.70657112032807,26.96525689626246,50.5598566804921,,263.44,-40,-35,-15,-15,252.60719367215827,259.73721176470565,259.73721176470565,262.9299196566791,271.8382739366371,0,0,0,0,247.58198133274047,265.531929411765,265.531929411765,271.8254947820019,299.0880636803743,0,0,0,0,253.56149209132707,263.42095294117667,263.42095294117667,262.9299196566791,271.8382739366371,0,0,0,0,267.5257635617553,276.77296470588226,276.77296470588226,265.8805402391325,284.06168312914133,0,0,0,0,-21.30596279757219,,,,,,,265.8805402391325,284.06168312914133,0,0,0,0,265.8805402391325,284.06168312914133,0,0,0,0,0
1672770600,263.49,265.19,262.77,264.46,33.70657112032807,26.96525689626246,50.5598566804921,,264.46,-45,-35,-20,-20,254.80678020927448,260.6245529411762,260.6245529411762,262.9299196566791,271.8382739366371,0,0,0,0,247.58198133274047,265.531929411765,265.531929411765,271.8254947820019,299.0880636803743,0,0,0,0,252.82345538029264,262.763576470588,262.763576470588,262.9299196566791,271.8382739366371,0,0,0,0,266.00534717726197,275.36392941176445,275.36392941176445,265.8805402391325,284.06168312914133,0,0,0,0,-20.649189369067116,,,,,,,265.8805402391325,284.06168312914133,0,0,0,0,265.8805402391325,284.06168312914133,0,0,0,0,0
1672842600,266.64,267.44,262.55,266.42,33.71006583396913,26.968052667175307,50.565098750953695,,266.42,-25,-35,0,0,257.00819942695193,261.6400823529409,266.2719652789299,262.9299196566791,271.8382739366371,0,0,0,0,247.58198133274047,265.531929411765,265.531929411765,271.8254947820019,299.0880636803743,0,0,0,0,252.21099899197495,262.21062352941175,262.21062352941175,262.9299196566791,271.8382739366371,0,0,0,0,266.00534717726197,275.36392941176445,275.36392941176445,265.8805402391325,284.06168312914133,0,0,0,0,-20.649189369067116,,,,,,,265.8805402391325,284.06168312914133,0,0,0,0,265.8805402391325,284.06168312914133,0,0,0,0,0
1672857000,266.43,267.29,263.46,265.77,33.71006583396913,26.968052667175307,50.565098750953695,,265.77,-40,-35,-15,-15,257.71860028788024,261.98547058823516,261.98547058823516,262.9299196566791,271.8382739366371,0,0,0,0,248.91247689534725,265.8483529411766,265.8483529411766,271.8254947820019,299.0880636803743,0,0,0,0,251.49934937590987,261.58211764705885,261.58211764705885,262.9299196566791,271.8382739366371,0,0,0,0,264.80840800500476,274.31602352941144,274.31602352941144,265.8805402391325,284.06168312914133,0,0,0,0,-20.32375185284327,,,,,,,265.8805402391325,284.06168312914133,0,0,0,0,265.8805402391325,284.06168312914133,0,0,0,0,0
1672929000,264.04,264.21,261.51,263.18,34.06445836883575,27.251566695068604,51.09668755325363,,263.18,-10,-10,-10,-10,258.2125927912402,262.0728588235295,262.0728588235295,262.9299196566791,271.8382739366371,0,0,0,0,248.91247689534725,265.8483529411766,265.8483529411766,271.8254947820019,299.0880636803743,0,0,0,0,250.4234760121483,260.66699999999975,260.66699999999975,262.9299196566791,271.8382739366371,0,0,0,0,264.80840800500476,274.31602352941144,274.31602352941144,265.8805402391325,284.06168312914133,0,0,0,0,-20.32375185284327,,,,,,,265.8805402391325,284.06168312914133,0,0,0,0,265.8805402391325,284.06168312914133,0,0,0,0,0
1672943400,263.17,263.84,261.27,261.58,34.06445836883575,27.251566695068604,51.09668755325363,,261.58,-15,-30,-30,-30,258.055307586313,261.8146235294116,261.8146235294116,262.9299196566791,270.37225635106614,0,0,0,0,248.91247689534725,265.8483529411766,265.8483529411766,270.3711229772078,299.0880636803743,0,0,0,0,249.28267906195893,259.70727058823536,259.70727058823536,262.9299196566791,270.37225635106614,0,0,0,0,263.3168265621879,273.089082352941,273.089082352941,265.8805402391325,284.06168312914133,0,0,0,0,-20.5776100219536,,,,,,,265.8805402391325,284.06168312914133,0,0,0,0,265.8805402391325,284.06168312914133,0,0,0,0,0
1673015400,263.31,267.05,260.34,266.98,34.0180307665831,27.214424613266484,51.02704614987465,,266.98,0,-10,0,0,259.07666851824683,262.45855294117666,265.8404373641065,262.9299196566791,270.37225635106614,0,0,0,0,248.91247689534725,265.8483529411766,265.8483529411766,270.3711229772078,299.0880636803743,0,0,0,0,248.78526709048745,259.24944705882353,259.24944705882353,262.9299196566791,270.37225635106614,0,0,0,0,263.3168265621879,273.089082352941,273.089082352941,265.8805402391325,284.06168312914133,0,0,0,0,-20.5776100219536,,,,,,,265.8805402391325,284.06168312914133,0,0,0,0,265.8805402391325,284.06168312914133,0,0,0,0,0
1673029800,266.99,269.93,266.96,268.77,34.0180307665831,27.214424613266484,51.02704614987465,,268.77,-15,-10,-15,10,259.99218197446646,263.28650588235297,266.5808297902395,265.897954731082,270.37225635106614,0,0,0,0,251.05609686069153,266.63009411764733,266.63009411764733,270.3711229772078,299.0880636803743,0,0,0,0,249.25751309079826,259.44275294117665,269.6279927915551,265.897954731082,270.37225635106614,0,0,0,0,262.8970196124092,272.6928470588236,272.6928470588236,265.8805402391325,284.06168312914133,0,0,0,0,-20.5776100219536,,,,,,,265.8805402391325,284.06168312914133,0,0,0,0,265.8805402391325,284.06168312914133,0,0,0,0,0
1673274600,270.83,275.29,270.73,274.7,34.61241505837148,27.689932046697187,51.91862258755722,,274.7,10,10,10,55,261.24091248934957,264.91038823529396,268.57986398123836,271.1657874977187,270.37225635106614,0,0,0,0,251.05609686069153,266.63009411764733,266.63009411764733,270.3711229772078,299.0880636803743,0,0,0,0,250.2893692378948,260.1413529411765,269.99333664445817,271.1657874977187,270.37225635106614,0,0,0,0,262.8970196124092,272.6928470588236,272.6928470588236,266.38143787723146,284.06168312914133,0,0,0,0,-5.544547376506675,,,,,,,266.38143787723146,284.06168312914133,0,0,1,0,266.38143787723146,284.06168312914133,0,0,0,0,0
1673289000,274.64,274.64,269.93,270.54,34.61241505837148,27.689932046697187,51.91862258755722,,270.54,-25,10,-25,-15,262.11348197144684,265.8488823529407,269.5842827344345,271.1657874977187,270.37225635106614,0,0,0,0,251.05609686069153,266.63009411764733,266.63009411764733,270.3711229772078,299.0880636803743,0,0,0,0,251.10235550367477,260.5846588235294,270.06696214338405,271.1657874977187,270.37225635106614,0,0,0,0,262.3789389012875,272.2167764705881,272.2167764705881,266.38143787723146,284.06168312914133,0,0,0,0,-6.332467855370864,,,,,,,266.38143787723146,284.06168312914133,0,0,0,0,266.38143787723146,284.06168312914133,0,0,0,0,0
1673361000,269.49,272.87,268.97,271.52,34.72146282967137,27.777170263737094,52.08219424450705,,271.52,-10,10,-10,0,263.0792562712908,266.87316470588223,270.6670731404737,271.1657874977187,270.37225635106614,0,0,0,0,251.05609686069153,266.63009411764733,266.63009411764733,270.3711229772078,299.0880636803743,0,0,0,0,251.8339432025698,261.03059999999965,270.2272567974295,271.1657874977187,270.37225635106614,0,0,0,0,262.3789389012875,272.2167764705881,272.2167764705881,266.38143787723146,284.06168312914133,0,0,0,0,-6.332467855370864,,,,,,,266.38143787723146,284.06168312914133,0,0,0,0,266.38143787723146,284.06168312914133,0,0,0,0,0
1673375400,271.465,272.92,271.31,272.92,34.72146282967137,27.777170263737094,52.08219424450705,,272.92,10,10,10,20,264.66933319609444,268.38495294117666,272.1005726862589,271.1657874977187,270.37225635106614,0,0,0,0,253.6365006399408,267.75411764705893,267.75411764705893,270.3711229772078,299.0880636803743,0,0,0,0,252.91836391884692,261.71395294117616,270.5095419635054,271.1657874977187,270.37225635106614,0,0,0,0,261.8953348307836,271.7335058823528,281.571676933922,267.16084512255014,284.06168312914133,0,0,0,0,-6.2810216846351885,,,,,,,267.16084512255014,284.06168312914133,0,0,0,0,267.16084512255014,284.06168312914133,0,0,0,0,0
1673447400,273.94,276.7,273.13,276.16,35.24703795047472,28.197630360379776,52.87055692571208,,276.16,10,15,10,35,266.47248860998826,270.3787176470585,274.2849466841288,272.2057941412373,270.37225635106614,0,0,0,0,253.6365006399408,267.75411764705893,267.75411764705893,270.3711229772078,299.0880636803743,0,0,0,0,253.97481805589786,262.5212352941177,271.0676525323375,272.2057941412373,270.37225635106614,0,0,0,0,261.8953348307836,271.7335058823528,281.571676933922,269.00721332808223,284.06168312914133,0,0,0,0,-6.159148845354757,,,,,,,269.00721332808223,284.06168312914133,0,0,0,0,269.00721332808223,284.06168312914133,0,0,0,0,0
1673461800,276.17,277.65,275.58,277.58,35.24703795047472,28.197630360379776,52.87055692571208,,277.58,15,15,15,40,267.4503752832249,271.84872941176457,276.24708354030423,273.99055719320967,270.37225635106614,0,0,0,0,253.6365006399408,267.75411764705893,267.75411764705893,270.3711229772078,299.0880636803743,0,0,0,0,255.1141972225996,263.4372705882352,271.7603439538708,273.99055719320967,270.37225635106614,0,0,0,0,262.13110601005656,271.95082352941165,281.77054104876675,271.6038409475049,284.06168312914133,0,0,0,0,-5.987753790140495,,,,,,,271.6038409475049,284.06168312914133,0,0,0,0,271.6038409475049,284.06168312914133,0,0,0,0,0
1673533800,278.12,279.74,273.76,277.76,36.238412305892055,28.990729844713645,54.35761845883808,,277.76,10,15,10,20,268.5802114139157,273.4373176470587,278.2944238802017,273.99055719320967,270.37225635106614,0,0,0,0,253.6365006399408,267.75411764705893,267.75411764705893,270.3711229772078,299.0880636803743,0,0,0,0,255.8975410451335,264.156670588235,272.4158001313365,273.99055719320967,270.37225635106614,0,0,0,0,262.13110601005656,271.95082352941165,281.77054104876675,271.6038409475049,284.06168312914133,0,0,0,0,-5.987753790140495,,,,,,,271.6038409475049,284.06168312914133,0,0,0,0,271.6038409475049,284.06168312914133,0,0,0,0,0
1673548200,277.75,280.09,277.18,279.03,36.238412305892055,28.990729844713645,54.35761845883808,,279.03,15,15,15,40,269.76342937614646,275.10877647058794,280.4541235650294,275.35652108484123,270.37225635106614,0,0,0,0,255.58898968302427,268.89712941176487,282.20526914050544,270.3711229772078,299.0880636803743,0,0,0,0,256.77578989002006,264.98588235294125,273.1959748158624,275.35652108484123,270.37225635106614,0,0,0,0,262.3391191420784,272.1624470588237,281.98577497556903,273.1470873475936,284.06168312914133,0,0,0,0,-5.521187481813684,,,,,,,273.1470873475936,284.06168312914133,0,0,0,0,273.1470873475936,284.06168312914133,0,0,0,0,0
1673620200,276.53,279.27,276.21,279.01,38.056122767102934,30.44489821368235,57.0841841506544,,279.01,10,15,10,20,270.94357365289625,276.67712941176495,282.41068517063366,275.35652108484123,270.37225635106614,0,0,0,0,255.58898968302427,268.89712941176487,282.20526914050544,270.3711229772078,299.0880636803743,0,0,0,0,257.63521801821383,265.80387058823516,273.9725231582565,275.35652108484123,270.37225635106614,0,0,0,0,262.3391191420784,272.1624470588237,281.98577497556903,273.1470873475936,284.06168312914133,0,0,0,0,-5.521187481813684,,,,,,,273.1470873475936,284.06168312914133,0,0,0,0,273.1470873475936,284.06168312914133,0,0,0,0,0
1673634600,279.03,281.21,278.96,280.95,38.056122767102934,30.44489821368235,57.0841841506544,,280.95,15,10,15,40,272.1099641727001,278.28722352941156,284.46448288612305,278.1621501120406,270.37225635106614,0,0,0,0,255.58898968302427,268.89712941176487,282.20526914050544,270.3711229772078,299.0880636803743,0,0,0,0,258.56422623271806,266.74272941176457,274.9212325908111,278.1621501120406,270.37225635106614,0,0,0,0,262.5707337691916,272.4069647058825,282.2431956425734,275.1189681721597,284.06168312914133,0,0,0,0,-5.391029957386828,,,,,,,275.1189681721597,284.06168312914133,0,0,0,0,275.1189681721597,284.06168312914133,0,0,0,0,0
1673965800,280.77,282.835,279.59,281.455,42.737749974671736,34.19019997973739,64.1066249620076,,281.455,10,10,10,20,273.18491409966583,279.6925058823528,286.2000976650398,278.1621501120406,270.37225635106614,0,0,0,0,255.58898968302427,268.89712941176487,282.20526914050544,270.3711229772078,299.0880636803743,0,0,0,0,259.74563593474954,267.8619999999999,275.9783640652503,278.1621501120406,270.37225635106614,0,0,0,0,262.5707337691916,272.4069647058825,282.2431956425734,275.7915418741483,284.06168312914133,0,0,0,0,-5.346635525961338,,,,,,,275.7915418741483,284.06168312914133,0,0,0,0,275.7915418741483,284.06168312914133,0,0,0,0,0
1673980200,281.445,282,280.865,281.45,42.737749974671736,34.19019997973739,64.1066249620076,,281.45,10,35,35,75,274.1498078743615,280.83650588235315,287.5232038903448,278.7191783202309,273.7054383435425,0,0,0,0,257.9716237408758,270.34256470588235,282.7135056708889,273.7283478277658,299.0880636803743,0,0,0,0,260.925408127905,268.98207058823505,277.0387330485651,278.7191783202309,273.7054383435425,0,0,0,0,262.58416638274593,272.30475294117616,282.0253394996064,277.25678888313774,284.06168312914133,0,0,0,0,-3.8468104328728407,,,,,,,277.25678888313774,284.06168312914133,0,0,0,0,277.25678888313774,284.06168312914133,0,0,0,0,0
1674052200,283.11,284.69,278.01,278.675,42.637860874692485,34.11028869975399,63.95679131203873,,278.675,10,20,20,45,274.7826650815604,281.33774117647073,287.89281727138103,278.7191783202309,273.7054383435425,0,0,0,0,257.9716237408758,270.34256470588235,282.7135056708889,273.7283478277658,299.0880636803743,0,0,0,0,261.96027220620783,269.89958823529423,277.83890426438063,278.7191783202309,273.7054383435425,0,0,0,0,262.58416638274593,272.30475294117616,282.0253394996064,277.25678888313774,284.06168312914133,0,0,0,0,-3.8468104328728407,,,,,,,277.25678888313774,284.06168312914133,0,0,0,0,277.25678888313774,284.06168312914133,0,0,0,0,0
1674066600,278.66,279.5,277.675,277.87,42.637860874692485,34.11028869975399,63.95679131203873,,277.87,5,20,15,40,275.40627045626013,282.0274352941174,288.6486001319747,278.7191783202309,273.7054383435425,0,0,0,0,257.9716237408758,270.34256470588235,282.7135056708889,273.7283478277658,299.0880636803743,0,0,0,0,262.8297486403245,270.68927058823493,278.54879253614536,278.7191783202309,273.7054383435425,0,0,0,0,262.2553318735802,271.6734352941175,281.0915387146548,277.25678888313774,284.06168312914133,0,0,0,0,-3.8468104328728407,,,,,,,277.25678888313774,284.06168312914133,0,0,0,0,277.25678888313774,284.06168312914133,0,0,0,0,0
1674138600,276.24,277.2,273.94,275.33,41.706451747004046,33.36516139760324,62.559677620506065,,275.33,10,20,20,20,275.5353924159038,282.1034352941175,282.1034352941175,278.1630207367764,273.7054383435425,0,0,0,0,257.9716237408758,270.34256470588235,282.7135056708889,273.7283478277658,299.0880636803743,0,0,0,0,263.5700843782418,271.3093058823528,279.04852738646383,278.1630207367764,273.7054383435425,0,0,0,0,262.2553318735802,271.6734352941175,281.0915387146548,277.25678888313774,284.06168312914133,0,0,0,0,-3.8468104328728407,,,,,,,277.25678888313774,284.06168312914133,0,0,0,0,277.25678888313774,284.06168312914133,0,0,0,0,0
1674153000,275.47,277.35,274.9,275.09,41.706451747004046,33.36516139760324,62.559677620506065,,275.09,5,15,15,30,275.60488433027234,281.9739294117647,281.9739294117647,278.1630207367764,273.7054383435425,0,0,0,0,259.3209477477548,271.0677882352941,271.0677882352941,273.7283478277658,299.0880636803743,0,0,0,0,264.53540537707175,272.0508941176466,279.5663828582214,278.1630207367764,273.7054383435425,0,0,0,0,261.71538125236873,270.9568235294115,280.1982658064543,277.25678888313774,284.06168312914133,0,0,0,0,-3.8468104328728407,,,,,,,277.25678888313774,284.06168312914133,0,0,0,0,277.25678888313774,284.06168312914133,0,0,0,0,0
1674225000,276.77,279.8,275.71,279.18,42.52800294278145,34.02240235422516,63.79200441417217,,279.18,10,10,10,10,276.0932676998759,282.4169882352942,288.74070877071244,278.1630207367764,273.7054383435425,0,0,0,0,259.3209477477548,271.0677882352941,271.0677882352941,273.7283478277658,299.0880636803743,0,0,0,0,266.0269504721004,273.2472588235292,280.467567174958,278.1630207367764,273.7054383435425,0,0,0,0,261.71538125236873,270.9568235294115,280.1982658064543,277.25678888313774,284.06168312914133,0,0,0,0,-3.8468104328728407,,,,,,,277.25678888313774,284.06168312914133,0,0,0,0,277.25678888313774,284.06168312914133,0,0,0,0,0
1674239400,279.21,283.02,279.19,282.79,42.52800294278145,34.02240235422516,63.79200441417217,,282.79,10,10,10,25,276.8082126053352,283.0867764705883,289.3653403358414,279.83836888495404,273.7054383435425,0,0,0,0,259.3209477477548,271.0677882352941,271.0677882352941,273.7283478277658,299.0880636803743,0,0,0,0,267.7676432033357,274.75691764705874,281.7461920907818,279.83836888495404,273.7054383435425,0,0,0,0,261.77063393618545,270.91665882352936,280.0626837108733,277.25678888313774,284.06168312914133,0,0,0,0,-3.8468104328728407,,,,,,,277.25678888313774,284.06168312914133,0,0,0,0,277.25678888313774,284.06168312914133,0,0,0,0,0
1674484200,283.505,289.88,282.73,289.75,45.81088532923295,36.64870826338636,68.71632799384943,,289.75,10,15,10,35,277.99904173285285,284.6552941176471,291.31154650244133,285.8276752120267,273.7054383435425,0,0,0,0,259.3209477477548,271.0677882352941,271.0677882352941,273.7283478277658,299.0880636803743,0,0,0,0,269.89762431166423,276.87295294117627,283.8482815706883,285.8276752120267,273.7054383435425,0,0,0,0,261.77063393618545,270.91665882352936,280.0626837108733,278.7819993351514,284.06168312914133,0,0,0,0,-3.746136186138005,,,,,,,278.7819993351514,284.06168312914133,0,0,0,0,278.7819993351514,284.06168312914133,0,0,0,0,0
1674498600,289.77,290.2,287.28,289.01,45.81088532923295,36.64870826338636,68.71632799384943,,289.01,15,40,40,65,279.1158976222513,286.0488470588235,292.98179649539577,285.8276752120267,276.6546596087546,0,0,0,0,261.2665212608005,272.68449411764686,284.1024669744932,276.66928824731417,299.0880636803743,0,0,0,0,271.69618826135604,278.7881647058822,285.88014115040835,285.8276752120267,276.6546596087546,0,0,0,0,262.22400293061474,271.4066117647059,280.589220598797,283.4054279540691,284.06168312914133,0,0,0,0,-2.211830371928057,,,,,,,283.4054279540691,284.06168312914133,0,0,0,0,283.4054279540691,284.06168312914133,0,0,0,0,0
1674570600,287.31,289.54,286.78,288.62,46.22107729939457,36.97686183951566,69.33161594909186,,288.62,15,25,25,50,280.14931793132376,287.204,294.25868206867625,285.8276752120267,276.6546596087546,0,0,0,0,261.2665212608005,272.68449411764686,284.1024669744932,276.66928824731417,299.0880636803743,0,0,0,0,272.81343583688727,280.2598000000001,287.70616416311293,285.8276752120267,276.6546596087546,0,0,0,0,262.22400293061474,271.4066117647059,280.589220598797,283.4054279540691,284.06168312914133,0,0,0,0,-2.211830371928057,,,,,,,283.4054279540691,284.06168312914133,0,0,0,0,283.4054279540691,284.06168312914133,0,0,0,0,0
1674585000,288.62,289.18,287.29,288.42,46.22107729939457,36.97686183951566,69.33161594909186,,288.42,15,40,60,65,281.03468541468425,287.8509411764705,294.6671969382567,285.8276752120267,280.94075535098636,0,0,0,0,261.2665212608005,272.68449411764686,284.1024669744932,280.955053372506,299.0880636803743,0,0,0,0,273.9528638409655,281.7139764705882,289.4750891002109,285.8276752120267,280.94075535098636,0,0,0,0,262.538064325741,271.5562588235292,280.57445332131743,283.6311087971311,284.06168312914133,0,0,0,0,-1.2476189316092792,,,,,,,283.6311087971311,284.06168312914133,0,0,0,0,283.6311087971311,284.06168312914133,0,0,0,0,0
1674657000,283.77,286.33,281.18,286.22,45.650348708476685,36.52027896678135,68.47552306271503,,286.22,15,10,25,40,281.5382027892814,287.6822117647057,293.82622074013,285.8276752120267,280.94075535098636,0,0,0,0,261.2665212608005,272.68449411764686,284.1024669744932,280.955053372506,299.0880636803743,0,0,0,0,274.8088982847554,282.8082705882352,290.807642891715,285.8276752120267,280.94075535098636,0,0,0,0,262.538064325741,271.5562588235292,280.57445332131743,283.6311087971311,284.06168312914133,0,0,0,0,-1.2476189316092792,,,,,,,283.6311087971311,284.06168312914133,0,0,0,0,283.6311087971311,284.06168312914133,0,0,0,0,0
1674671400,286.25,288.36,285.79,287.7,45.650348708476685,36.52027896678135,68.47552306271503,,287.7,20,20,30,45,282.1958374363869,288.0392705882353,293.8827037400837,285.8276752120267,280.94075535098636,0,0,0,0,263.0538433108126,274.16927058823507,285.2846978656575,280.955053372506,299.0880636803743,0,0,0,0,275.7696466396272,284.0400705882351,292.310494536843,285.8276752120267,280.94075535098636,0,0,0,0,263.28906550976217,272.3744705882352,281.4598756667083,283.6311087971311,284.06168312914133,0,0,0,0,-1.2476189316092792,,,,,,,283.6311087971311,284.06168312914133,0,0,0,0,283.6311087971311,284.06168312914133,0,0,0,0,0
1674743400,291.22,292.62,288.53,290.79,46.49418772453574,37.1953501796286,69.74128158680361,,290.79,15,20,25,55,283.0129722715253,288.8074117647057,294.6018512578861,286.6519869028756,280.94075535098636,0,0,0,0,263.0538433108126,274.16927058823507,285.2846978656575,280.955053372506,299.0880636803743,0,0,0,0,276.7137425837595,285.34808235294093,293.9824221221224,286.6519869028756,280.94075535098636,0,0,0,0,263.28906550976217,272.3744705882352,281.4598756667083,284.6326953452248,284.06168312914133,0,0,0,0,6.318492581812331,,,,,,,284.6326953452248,284.06168312914133,0,0,1,0,284.6326953452248,284.06168312914133,0,0,0,0,1
1674757800,290.82,293.52,290.81,293.37,46.49418772453574,37.1953501796286,69.74128158680361,,293.37,20,35,45,75,284.1132440464882,290.30432941176434,296.4954147770405,289.8361519723774,282.5936819097791,0,0,0,0,263.0538433108126,274.16927058823507,285.2846978656575,282.6115511222118,299.0880636803743,0,0,0,0,277.7036719757936,286.76647058823505,295.8292692006765,289.8361519723774,282.5936819097791,0,0,0,0,264.6053656169888,273.82496470588234,283.04456379477585,286.99607424913734,284.06168312914133,0,0,0,0,7.166803514794391,,,,,,,286.99607424913734,284.06168312914133,0,0,0,0,286.99607424913734,284.06168312914133,1,0,0,0,0
1674829800,292,296.66,291.88,296.27,46.402095295557814,37.121676236446255,69.60314294333672,,296.27,15,15,15,40,285.2275114812776,291.6735294117649,298.1195473422522,292.1054320578152,282.5936819097791,0,0,0,0,263.0538433108126,274.16927058823507,285.2846978656575,282.6115511222118,299.0880636803743,0,0,0,0,278.7893067315716,288.3654705882353,297.941634444899,292.1054320578152,282.5936819097791,0,0,0,0,264.6053656169888,273.82496470588234,283.04456379477585,287.9970689456275,284.06168312914133,0,0,0,0,7.232875961991214,,,,,,,287.9970689456275,284.06168312914133,0,0,0,0,287.9970689456275,284.06168312914133,0,0,0,0,0
1674844200,296.3,298.26,296.11,296.19,46.402095295557814,37.121676236446255,69.60314294333672,,296.19,45,65,45,85,286.3780998515974,293.0679529411763,299.7578060307552,293.8229011965427,285.92220463050916,0,0,0,0,264.8836423634351,276.08983529411785,287.2960282248006,285.92858318491096,299.0880636803743,0,0,0,0,279.8477595030934,289.8751058823527,299.90245226161204,293.8229011965427,285.92220463050916,0,0,0,0,265.90412648702744,275.38872941176453,284.8733323365016,292.35084973522555,284.06168312914133,0,0,0,0,8.906565841643255,,,,,,,292.35084973522555,284.06168312914133,0,0,0,0,292.35084973522555,284.06168312914133,0,0,0,0,0
1675089000,292.94,294.38,290.47,291.84,47.894285275708825,38.315428220567064,71.84142791356324,,291.84,25,25,25,50,287.0163803717589,293.5569411764708,300.0975019811827,293.8229011965427,285.92220463050916,0,0,0,0,264.8836423634351,276.08983529411785,287.2960282248006,285.92858318491096,299.0880636803743,0,0,0,0,280.83315101993315,291.13594117647045,301.43873133300775,293.8229011965427,285.92220463050916,0,0,0,0,265.90412648702744,275.38872941176453,284.8733323365016,292.35084973522555,284.06168312914133,0,0,0,0,8.906565841643255,,,,,,,292.35084973522555,284.06168312914133,0,0,0,0,292.35084973522555,284.06168312914133,0,0,0,0,0
1675103400,291.78,291.78,289.9,290.14,47.894285275708825,38.315428220567064,71.84142791356324,,290.14,30,25,30,55,287.41476209504856,293.83957647058816,300.26439084612775,293.8229011965427,285.92220463050916,0,0,0,0,264.8836423634351,276.08983529411785,287.2960282248006,285.92858318491096,299.0880636803743,0,0,0,0,281.71800211660025,292.22689411764685,302.73578611869345,293.8229011965427,285.92220463050916,0,0,0,0,267.11620373390906,276.61992941176504,286.123655089621,292.35084973522555,284.06168312914133,0,0,0,0,8.169088963589553,,,,,,,292.35084973522555,284.06168312914133,0,0,0,0,292.35084973522555,284.06168312914133,0,0,0,0,0
1675175400,290.31,293.22,290.2,292.66,46.04284966557901,36.83427973246321,69.06427449836852,,292.66,25,25,25,50,288.070149340762,294.5151999999999,300.9602506592378,293.8229011965427,285.92220463050916,0,0,0,0,264.8836423634351,276.08983529411785,287.2960282248006,285.92858318491096,299.0880636803743,0,0,0,0,282.43313066764745,293.0529647058821,303.6727987441168,293.8229011965427,285.92220463050916,0,0,0,0,267.11620373390906,276.61992941176504,286.123655089621,292.35084973522555,284.06168312914133,0,0,0,0,8.169088963589553,,,,,,,292.35084973522555,284.06168312914133,0,0,0,0,292.35084973522555,284.06168312914133,0,0,0,0,0
1675189800,292.775,294.72,292.44,294.67,46.04284966557901,36.83427973246321,69.06427449836852,,294.67,45,25,30,45,288.7436305056568,295.2099529411766,301.67627537669637,293.8229011965427,285.92220463050916,0,0,0,0,267.1670081213348,278.1743058823528,289.18160364337086,285.92858318491096,299.0880636803743,0,0,0,0,283.2746311721917,294.1190352941174,304.9634394160431,293.8229011965427,285.92220463050916,0,0,0,0,268.32597911347125,278.02882352941174,287.7316679453522,292.35084973522555,284.06168312914133,0,0,0,0,7.094380797593035,,,,,,,292.35084973522555,284.06168312914133,0,0,0,0,292.35084973522555,284.06168312914133,0,0,0,0,0
1675261800,294.41,294.78,292.83,294.32,46.64620039717309,37.31696031773847,69.96930059575963,,294.32,15,15,15,15,289.4314490835605,295.94677647058785,302.4621038576152,293.8229011965427,285.92220463050916,0,0,0,0,267.1670081213348,278.1743058823528,289.18160364337086,285.92858318491096,299.0880636803743,0,0,0,0,284.0655302098147,295.089576470588,306.11362273136126,293.8229011965427,285.92220463050916,0,0,0,0,268.32597911347125,278.02882352941174,287.7316679453522,292.35084973522555,284.06168312914133,0,0,0,0,7.094380797593035,,,,,,,292.35084973522555,284.06168312914133,0,0,0,0,292.35084973522555,284.06168312914133,0,0,0,0,0
1675276200,294.36,303.42,292.3,301.07,46.64620039717309,37.31696031773847,69.96930059575963,,301.07,20,35,35,60,290.64769017775626,297.57839999999965,304.50910982224303,297.83661993594063,286.0427381826635,0,0,0,0,267.1670081213348,278.1743058823528,289.18160364337086,286.04950701794803,299.0880636803743,0,0,0,0,285.123794368023,296.5481411764705,307.97248798491796,297.83661993594063,286.0427381826635,0,0,0,0,269.75485234275885,279.880094117647,290.00533589253513,292.35084973522555,284.06168312914133,0,0,0,0,7.14491935451046,,,,,,,292.35084973522555,284.06168312914133,0,0,0,0,292.35084973522555,284.06168312914133,0,0,0,0,0
1675348200,307.57,311.83,306.74,311.73,47.85164194236844,38.281313553894755,71.77746291355265,,311.73,15,15,15,40,292.47563606005673,300.7134117647057,308.9511874693547,306.5753508631325,286.0427381826635,0,0,0,0,267.1670081213348,278.1743058823528,289.18160364337086,286.04950701794803,299.0880636803743,0,0,0,0,286.42941578553655,298.6233411764705,310.81726656740443,306.5753508631325,286.0427381826635,0,0,0,0,269.75485234275885,279.880094117647,290.00533589253513,302.22457048942465,284.06168312914133,0,0,0,0,7.7966519715317695,,,,,,,302.22457048942465,284.06168312914133,0,0,0,0,302.22457048942465,284.06168312914133,0,0,0,0,0
1675362600,311.75,313.67,307.79,311.76,47.85164194236844,38.281313553894755,71.77746291355265,,311.76,45,40,45,60,294.34210327127164,303.5226235294117,312.70314378755177,306.5753508631325,300.0082568839018,0,0,0,0,270.94433004417203,282.00922352941154,293.07411701465105,300.0359708023803,299.0880636803743,0,0,0,0,287.73045710731463,300.5637411764706,313.3970252456266,306.5753508631325,300.0082568839018,0,0,0,0,271.493498150529,282.53244705882383,293.5713959671187,303.1771011687515,284.06168312914133,0,0,0,0,20.789600546206824,,,20.789600546206824,,,,303.1771011687515,284.06168312914133,0,0,0,0,303.1771011687515,284.06168312914133,0,0,0,0,0
1675434600,304.95,312.39,304.55,307.85,47.37173609108053,37.897388872864425,71.0576041366208,,307.85,15,25,25,40,296.0814811672583,305.9028823529412,315.72428353862415,306.5753508631325,300.0082568839018,0,0,0,0,270.94433004417203,282.00922352941154,293.07411701465105,300.0359708023803,299.0880636803743,0,0,0,0,288.86383277382424,302.0194588235289,315.1750848732336,306.5753508631325,300.0082568839018,0,0,0,0,271.493498150529,282.53244705882383,293.5713959671187,303.1771011687515,284.06168312914133,0,0,0,0,20.789600546206824,,,,,,,303.1771011687515,284.06168312914133,0,0,0,0,303.1771011687515,284.06168312914133,0,0,0,0,0
1675449000,307.79,308.11,305.15,306.18,47.37173609108053,37.897388872864425,71.0576041366208,,306.18,20,25,30,45,297.3464891876409,307.32677647058836,317.30706375353583,306.5753508631325,300.0082568839018,0,0,0,0,270.94433004417203,282.00922352941154,293.07411701465105,300.0359708023803,299.0880636803743,0,0,0,0,289.8771851121441,303.1644470588234,316.45170900550266,306.5753508631325,300.0082568839018,0,0,0,0,272.9677679203694,284.5741411764709,296.1805144325724,303.1771011687515,284.06168312914133,0,0,0,0,19.95781407622486,,,,,,,303.1771011687515,284.06168312914133,0,0,0,0,303.1771011687515,284.06168312914133,0,0,0,0,0
1675693800,303.52,305.9,302.23,303.64,46.255436572761205,37.00434925820897,69.38315485914181,,303.64,15,25,25,40,298.27373356131085,308.15792941176494,318.04212526221903,306.5753508631325,300.0082568839018,0,0,0,0,270.94433004417203,282.00922352941154,293.07411701465105,300.0359708023803,299.0880636803743,0,0,0,0,290.8066707460096,304.26039999999983,317.71412925399005,306.5753508631325,300.0082568839018,0,0,0,0,272.9677679203694,284.5741411764709,296.1805144325724,303.1771011687515,284.06168312914133,0,0,0,0,19.95781407622486,,,,,,,303.1771011687515,284.06168312914133,0,0,0,0,303.1771011687515,284.06168312914133,0,0,0,0,0
1675708200,303.6,305.05,302.49,303.6,46.255436572761205,37.00434925820897,69.38315485914181,,303.6,45,30,70,45,298.8906286345899,308.2546823529413,317.6187360712927,306.5753508631325,300.0082568839018,0,0,0,0,273.2749391701103,284.62216470588254,295.96939024165476,300.0359708023803,299.0880636803743,0,0,0,0,291.6907029264231,305.26891764705886,318.8471323676946,306.5753508631325,300.0082568839018,0,0,0,0,274.50905274924366,286.5199764705884,298.53090019193314,303.1771011687515,284.06168312914133,0,0,0,0,19.95781407622486,,,,,,,303.1771011687515,284.06168312914133,0,0,0,0,303.1771011687515,284.06168312914133,0,0,0,0,0
1675780200,303.45,310.04,302.77,304.48,45.904499120661406,36.72359929652912,68.85674868099211,,304.48,25,15,40,15,299.56596157017594,308.3669882352943,317.16801490041263,306.5753508631325,300.0082568839018,0,0,0,0,273.2749391701103,284.62216470588254,295.96939024165476,300.0359708023803,299.0880636803743,0,0,0,0,292.53310797928475,306.1329176470585,319.73272731483223,306.5753508631325,300.0082568839018,0,0,0,0,274.50905274924366,286.5199764705884,298.53090019193314,303.1771011687515,284.06168312914133,0,0,0,0,19.95781407622486,,,,,,,303.1771011687515,284.06168312914133,0,0,0,0,303.1771011687515,284.06168312914133,0,0,0,0,0
1675794600,304.33,311.03,302.33,309.93,45.904499120661406,36.72359929652912,68.85674868099211,,309.93,30,15,45,20,300.6513005092636,309.26569411764683,317.88008772603007,306.5753508631325,300.0082568839018,0,0,0,0,273.2749391701103,284.62216470588254,295.96939024165476,300.0359708023803,299.0880636803743,0,0,0,0,293.60547948835415,307.44058823529394,321.27569698223374,306.5753508631325,300.0082568839018,0,0,0,0,276.4100084379324,289.02750588235307,301.64500332677375,303.1771011687515,284.06168312914133,0,0,0,0,19.95781407622486,,,,,,,303.1771011687515,284.06168312914133,0,0,0,0,303.1771011687515,284.06168312914133,0,0,0,0,0
1675866600,308.55,309.49,303.79,305.12,46.88556030007054,37.50844824005643,70.3283404501058,,305.12,25,15,40,15,301.1138601938329,309.3885882352943,317.6633162767557,306.5753508631325,300.0082568839018,0,0,0,0,273.2749391701103,284.62216470588254,295.96939024165476,300.0359708023803,299.0880636803743,0,0,0,0,294.3822052061922,308.1573411764705,321.93247714674874,306.5753508631325,300.0082568839018,0,0,0,0,276.4100084379324,289.02750588235307,301.64500332677375,303.1771011687515,284.06168312914133,0,0,0,0,19.95781407622486,,,,,,,303.1771011687515,284.06168312914133,0,0,0,0,303.1771011687515,284.06168312914133,0,0,0,0,0
1675881000,305.1,305.83,303.67,304.38,46.88556030007054,37.50844824005643,70.3283404501058,,304.38,45,15,45,20,301.5724486598144,309.77948235294133,317.98651604606823,306.5753508631325,300.0082568839018,0,0,0,0,275.20121343833364,287.0094823529409,298.81775126754815,300.0359708023803,299.0880636803743,0,0,0,0,295.08131687588656,308.75936470588215,322.43741253587774,306.5753508631325,300.0082568839018,0,0,0,0,277.99224582705193,290.9816470588237,303.97104829059543,303.1771011687515,284.06168312914133,0,0,0,0,19.927490942074407,,,,,,,303.1771011687515,284.06168312914133,0,0,0,0,303.1771011687515,284.06168312914133,0,0,0,0,0
1675953000,308.84,308.98,303.47,304.27,46.31194531687383,37.04955625349907,69.46791797531074,,304.27,15,15,15,15,301.9842309482098,310.0735058823531,318.1627808164964,306.5753508631325,300.0082568839018,0,0,0,0,275.20121343833364,287.0094823529409,298.81775126754815,300.0359708023803,299.0880636803743,0,0,0,0,295.74375903131573,309.33731764705885,322.930876262802,306.5753508631325,300.0082568839018,0,0,0,0,277.99224582705193,290.9816470588237,303.97104829059543,303.1771011687515,284.06168312914133,0,0,0,0,19.927490942074407,,,,,,,303.1771011687515,284.06168312914133,0,0,0,0,303.1771011687515,284.06168312914133,0,0,0,0,0
1675967400,304.28,304.97,300.2,301.63,46.31194531687383,37.04955625349907,69.46791797531074,,301.63,15,20,15,0,301.85268430417284,309.7128235294122,309.7128235294122,305.8382359126945,300.0082568839018,0,0,0,0,275.20121343833364,287.0094823529409,298.81775126754815,300.0359708023803,299.0880636803743,0,0,0,0,296.20922568690435,309.59522352941195,322.98122137191956,305.8382359126945,300.0082568839018,0,0,0,0,279.2440580174068,292.5174588235295,305.79085962965223,303.1771011687515,284.06168312914133,0,0,0,0,16.42021361738172,,,,,,,303.1771011687515,284.06168312914133,0,0,0,0,303.1771011687515,284.06168312914133,0,0,0,0,0
1676039400,299.48,301.57,297.25,299.61,43.95935818388565,35.16748654710852,65.93903727582847,,299.61,10,15,10,-15,301.346046358756,308.89967058823527,308.89967058823527,303.5789891288029,300.0082568839018,0,0,0,0,275.20121343833364,287.0094823529409,298.81775126754815,300.0359708023803,299.0880636803743,0,0,0,0,296.5050842215627,309.5083058823529,322.5115275431431,303.5789891288029,300.0082568839018,0,0,0,0,279.2440580174068,292.5174588235295,305.79085962965223,303.1771011687515,284.06168312914133,0,0,0,0,16.42021361738172,,,,,,,303.1771011687515,284.06168312914133,0,0,0,0,303.1771011687515,284.06168312914133,0,0,0,0,0
1676053800,299.61,300.16,298.14,299.73,43.95935818388565,35.16748654710852,65.93903727582847,,299.73,15,15,15,-10,300.72646171473406,307.68632941176446,307.68632941176446,302.9269184767456,300.0082568839018,0,0,0,0,276.8942600086769,288.9751764705882,301.05609293249955,300.0359708023803,299.0880636803743,0,0,0,0,296.7814537095744,309.2809882352942,321.780522761014,302.9269184767456,300.0082568839018,0,0,0,0,280.28460468258896,293.7692941176471,307.2539835527053,303.1771011687515,284.06168312914133,0,0,0,0,16.42021361738172,,,,,,,303.1771011687515,284.06168312914133,0,0,0,0,303.1771011687515,284.06168312914133,0,0,0,0,0
1676298600,301.13,304.84,299.96,304.75,43.93798331137142,35.150386649097136,65.90697496705712,,304.75,10,15,10,0,300.79949093333266,307.32204705882384,313.844603184315,302.9269184767456,300.0082568839018,0,0,0,0,276.8942600086769,288.9751764705882,301.05609293249955,300.0359708023803,299.0880636803743,0,0,0,0,297.31224043265803,309.5696941176472,321.8271478026364,302.9269184767456,300.0082568839018,0,0,0,0,280.28460468258896,293.7692941176471,307.2539835527053,303.1771011687515,284.06168312914133,0,0,0,0,16.42021361738172,,,,,,,303.1771011687515,284.06168312914133,0,0,0,0,303.1771011687515,284.06168312914133,0,0,0,0,0
1676313000,304.81,305.09,303.07,304.59,43.93798331137142,35.150386649097136,65.90697496705712,,304.59,15,15,15,5,300.8185399040791,307.003529411765,313.18851891945087,302.9269184767456,300.0082568839018,0,0,0,0,276.8942600086769,288.9751764705882,301.05609293249955,300.0359708023803,299.0880636803743,0,0,0,0,297.8006249464895,309.82870588235255,321.8567868182156,302.9269184767456,300.0082568839018,0,0,0,0,282.1158488310093,295.8604235294119,309.60499822781446,303.1771011687515,284.06168312914133,0,0,0,0,16.42021361738172,,,,,,,303.1771011687515,284.06168312914133,0,0,0,0,303.1771011687515,284.06168312914133,0,0,0,0,0
1676385000,302.89,307.72,300.91,305.57,43.943030394543996,35.1544243156352,65.914545591816,,305.57,10,15,10,0,300.7936207618989,306.77216470588263,312.75070864986634,302.9269184767456,300.0082568839018,0,0,0,0,276.8942600086769,288.9751764705882,301.05609293249955,300.0359708023803,299.0880636803743,0,0,0,0,298.3452290279515,310.31672941176487,322.2882297955782,302.9269184767456,300.0082568839018,0,0,0,0,282.1158488310093,295.8604235294119,309.60499822781446,303.1771011687515,284.06168312914133,0,0,0,0,16.42021361738172,,,,,,,303.1771011687515,284.06168312914133,0,0,0,0,303.1771011687515,284.06168312914133,0,0,0,0,0
1676399400,305.65,307.54,304.44,306.72,43.943030394543996,35.1544243156352,65.914545591816,,306.72,15,20,15,30,301.0995832217456,307.00858823529427,312.91759324884293,303.43463017662265,300.0082568839018,0,0,0,0,278.44608128438415,291.1160705882352,303.7860598920862,300.0359708023803,299.0880636803743,0,0,0,0,298.88314054558066,310.6550117647059,322.4268829838311,303.43463017662265,300.0082568839018,0,0,0,0,284.0522780028079,298.1144470588235,312.1766161148391,303.1771011687515,284.06168312914133,0,0,0,0,16.42021361738172,,,,,,,303.1771011687515,284.06168312914133,0,0,0,0,303.1771011687515,284.06168312914133,0,0,0,0,0
1676471400,304.87,307.75,304.2,307.46,44.790733297917996,35.8325866383344,67.186099946877,,307.46,10,15,10,10,301.45730547324104,307.3433647058825,313.22942393852395,303.43463017662265,300.0082568839018,0,0,0,0,278.44608128438415,291.1160705882352,303.7860598920862,300.0359708023803,299.0880636803743,0,0,0,0,299.4260471104778,311.00482352941185,322.5835999483459,303.43463017662265,300.0082568839018,0,0,0,0,284.0522780028079,298.1144470588235,312.1766161148391,303.1771011687515,284.06168312914133,0,0,0,0,16.42021361738172,,,,,,,303.1771011687515,284.06168312914133,0,0,0,0,303.1771011687515,284.06168312914133,0,0,0,0,0
1676485800,307.5,309.27,307.18,309.25,44.790733297917996,35.8325866383344,67.186099946877,,309.25,15,15,15,30,301.80616012234157,307.39117647058856,312.97619281883556,305.1461278497116,300.0082568839018,0,0,0,0,278.44608128438415,291.1160705882352,303.7860598920862,300.0359708023803,299.0880636803743,0,0,0,0,300.02924345077747,311.4650588235294,322.9008741962813,305.1461278497116,300.0082568839018,0,0,0,0,286.0112434820073,300.47348235294123,314.9357212238752,303.1771011687515,284.06168312914133,0,0,0,0,16.42021361738172,,,,,,,303.1771011687515,284.06168312914133,0,0,0,0,303.1771011687515,284.06168312914133,0,0,0,0,0
1676557800,304.38,308.43,303.72,306.83,49.06509078820447,39.25207263056358,73.5976361823067,,306.83,10,15,10,10,301.9430881429205,306.88868235294126,311.83427656296203,305.1461278497116,300.0082568839018,0,0,0,0,278.44608128438415,291.1160705882352,303.7860598920862,300.0359708023803,299.0880636803743,0,0,0,0,300.48189051900295,311.78150588235303,323.0811212457031,305.1461278497116,300.0082568839018,0,0,0,0,286.0112434820073,300.47348235294123,314.9357212238752,303.1771011687515,284.06168312914133,0,0,0,0,16.42021361738172,,,,,,,303.1771011687515,284.06168312914133,0,0,0,0,303.1771011687515,284.06168312914133,0,0,0,0,0
1676572200,306.87,308.03,303.165,303.28,49.06509078820447,39.25207263056358,73.5976361823067,,303.28,30,15,15,15,301.5355903330314,305.9316705882357,305.9316705882357,305.1461278497116,300.0082568839018,0,0,0,0,279.6445483221825,292.6983058823528,305.75206344252314,300.0359708023803,299.0880636803743,0,0,0,0,300.6978354987087,311.80694117647073,322.9160468542328,305.1461278497116,300.0082568839018,0,0,0,0,287.4363412517993,302.1468235294117,316.85730580702403,303.1771011687515,284.06168312914133,0,0,0,0,16.42021361738172,,,,,,,303.1771011687515,284.06168312914133,0,0,0,0,303.1771011687515,284.06168312914133,0,0,0,0,0
1676644200,301.07,301.92,298.12,298.565,47.42793831488966,37.94235065191173,71.14190747233448,,298.565,-10,15,-10,-25,300.1825817327771,304.1813294117649,304.1813294117649,302.9635729120441,300.0082568839018,0,0,0,0,279.6445483221825,292.6983058823528,305.75206344252314,300.0359708023803,299.0880636803743,0,0,0,0,300.56485542640286,311.4130000000001,311.4130000000001,302.9635729120441,300.0082568839018,0,0,0,0,287.4363412517993,302.1468235294117,316.85730580702403,303.1771011687515,284.06168312914133,0,0,0,0,16.42021361738172,,,,,,,303.1771011687515,284.06168312914133,0,0,0,0,303.1771011687515,284.06168312914133,0,0,0,0,0
1676658600,298.57,301.52,298.41,301.15,47.42793831488966,37.94235065191173,71.14190747233448,,301.15,-5,20,-5,-5,299.25693046580335,302.7536823529414,302.7536823529414,302.9635729120441,300.0082568839018,0,0,0,0,279.6445483221825,292.6983058823528,305.75206344252314,300.0359708023803,299.0880636803743,0,0,0,0,300.5954419664212,311.2216235294121,311.2216235294121,302.9635729120441,300.0082568839018,0,0,0,0,288.4798534851783,303.3787529411765,318.27765239717473,303.1771011687515,284.06168312914133,0,0,0,0,16.42021361738172,,,,,,,303.1771011687515,284.06168312914133,0,0,0,0,303.1771011687515,284.06168312914133,0,0,0,0,0
1676989800,297.23,298.73,295.01,295.24,50.09689201581904,40.07751361265523,75.14533802372856,,295.24,-10,15,-10,-55,297.12043772072974,301.01883529411805,301.01883529411805,298.75630898430063,300.0082568839018,0,0,0,0,279.6445483221825,292.6983058823528,305.75206344252314,300.0359708023803,299.0880636803743,0,0,0,0,300.1626098279468,310.5185058823528,310.5185058823528,298.75630898430063,300.0082568839018,0,0,0,0,288.4798534851783,303.3787529411765,318.27765239717473,303.1771011687515,284.06168312914133,0,0,0,0,1.4202136173817184,,,,,,,303.1771011687515,284.06168312914133,0,0,1,0,303.1771011687515,284.06168312914133,0,0,0,0,0
1677004200,295.22,295.35,293.89,294.01,50.09689201581904,40.07751361265523,75.14533802372856,,294.01,-10,0,-10,-35,295.80504835789725,299.96725882352985,299.96725882352985,297.3688582568715,300.0082568839018,0,0,0,0,280.5274771603531,293.715482352941,306.90348754552895,300.0359708023803,299.0880636803743,0,0,0,0,299.62452491999557,309.7592941176474,309.7592941176474,297.3688582568715,300.0082568839018,0,0,0,0,289.01765499804344,303.9652235294116,303.9652235294116,299.64271823660494,284.06168312914133,0,0,0,0,1.1869203437246008,,,,,,,299.64271823660494,284.06168312914133,0,0,0,0,299.64271823660494,284.06168312914133,0,0,0,0,0
1677076200,294.62,295.98,292.57,295.72,49.30440519128191,39.44352415302553,73.95660778692286,,295.72,-10,10,-10,-20,294.871347293392,299.1480117647061,299.1480117647061,297.3688582568715,300.0082568839018,0,0,0,0,280.5274771603531,293.715482352941,306.90348754552895,300.0359708023803,299.0880636803743,0,0,0,0,299.21069631526393,309.12232941176467,309.12232941176467,297.3688582568715,300.0082568839018,0,0,0,0,289.01765499804344,303.9652235294116,303.9652235294116,299.64271823660494,284.06168312914133,0,0,0,0,1.1869203437246008,,,,,,,299.64271823660494,284.06168312914133,0,0,0,0,299.64271823660494,284.06168312914133,0,0,0,0,0
1677090600,295.73,296.34,292.92,294.21,49.30440519128191,39.44352415302553,73.95660778692286,,294.21,-5,10,-5,-30,293.8028147874341,298.2389294117654,298.2389294117654,296.7942425206817,300.0082568839018,0,0,0,0,280.5274771603531,293.715482352941,306.90348754552895,300.0359708023803,299.0880636803743,0,0,0,0,298.65371485065396,308.3343529411768,308.3343529411768,296.7942425206817,300.0082568839018,0,0,0,0,289.6636216752803,304.66981176470557,304.66981176470557,299.64271823660494,284.06168312914133,0,0,0,0,1.1869203437246008,,,,,,,299.64271823660494,284.06168312914133,0,0,0,0,299.64271823660494,284.06168312914133,0,0,0,0,0
1677162600,297.95,298.13,292.56,293.85,48.77367440167937,39.0189395213435,73.16051160251905,,293.85,-10,0,-10,-20,292.5053750483443,297.19476470588256,297.19476470588256,296.7942425206817,300.0082568839018,0,0,0,0,280.5274771603531,293.715482352941,306.90348754552895,300.0359708023803,299.0880636803743,0,0,0,0,298.03869308256924,307.3773999999996,307.3773999999996,296.7942425206817,300.0082568839018,0,0,0,0,289.6636216752803,304.66981176470557,304.66981176470557,299.64271823660494,284.06168312914133,0,0,0,0,1.1869203437246008,,,,,,,299.64271823660494,284.06168312914133,0,0,0,0,299.64271823660494,284.06168312914133,0,0,0,0,0
1677177000,293.86,297.88,293.59,296.85,48.77367440167937,39.0189395213435,73.16051160251905,,296.85,-5,15,-5,-5,291.89919607799936,296.65187058823506,296.65187058823506,296.7942425206817,300.0082568839018,0,0,0,0,281.1820283454374,294.40894117647065,307.6358540075039,300.0359708023803,299.0880636803743,0,0,0,0,297.66071853479656,306.58548235294114,306.58548235294114,296.7942425206817,300.0082568839018,0,0,0,0,290.3854625578375,305.4770823529413,320.5687021480451,299.64271823660494,284.06168312914133,0,0,0,0,1.1869203437246008,,,,,,,299.64271823660494,284.06168312914133,0,0,0,0,299.64271823660494,284.06168312914133,0,0,0,0,0
1677249000,291.75,292.97,290.055,290.9,48.282284415486146,38.62582753238892,72.42342662322922,,290.9,-10,0,-10,-25,289.9298265126871,295.1177294117645,295.1177294117645,295.1983270757997,300.0082568839018,0,0,0,0,281.1820283454374,294.40894117647065,307.6358540075039,300.0359708023803,299.0880636803743,0,0,0,0,296.78348074196606,305.18530588235313,305.18530588235313,295.1983270757997,300.0082568839018,0,0,0,0,290.3854625578375,305.4770823529413,320.5687021480451,297.42315174150605,284.06168312914133,0,0,0,0,1.0404138831394747,,,,,,,297.42315174150605,284.06168312914133,0,0,0,0,297.42315174150605,284.06168312914133,0,0,0,0,0
1677263400,290.87,292.41,290.36,291.82,48.282284415486146,38.62582753238892,72.42342662322922,,291.82,-10,-5,-25,-50,288.40451515256217,293.8874,293.8874,294.68126161127634,299.2097876862146,0,0,0,0,281.1820283454374,294.40894117647065,307.6358540075039,299.2042098634936,299.0880636803743,0,0,0,0,296.0086467208537,303.8103294117647,303.8103294117647,294.68126161127634,299.2097876862146,0,0,0,0,290.88522918617605,306.0052705882351,306.0052705882351,296.69149804568417,284.06168312914133,0,0,0,0,0.6444960106283889,,,,,,,296.69149804568417,284.06168312914133,0,0,0,0,296.69149804568417,284.06168312914133,0,0,0,0,0
1677508200,295.08,296.49,293.51,294.79,47.50688029493809,38.005504235950475,71.26032044240714,,294.79,-10,10,-10,-10,288.3268582273401,293.63928235294105,293.63928235294105,294.68126161127634,299.2097876862146,0,0,0,0,281.1820283454374,294.40894117647065,307.6358540075039,299.2042098634936,299.0880636803743,0,0,0,0,295.45568926719363,302.79019999999997,302.79019999999997,294.68126161127634,299.2097876862146,0,0,0,0,290.88522918617605,306.0052705882351,306.0052705882351,296.69149804568417,284.06168312914133,0,0,0,0,0.6444960106283889,,,,,,,296.69149804568417,284.06168312914133,0,0,0,0,296.69149804568417,284.06168312914133,0,0,0,0,0
1677522600,294.8,295.41,293.34,293.93,47.50688029493809,38.005504235950475,71.26032044240714,,293.93,-5,10,-5,-5,287.6838869926055,293.05024705882335,293.05024705882335,294.68126161127634,299.2097876862146,0,0,0,0,282.062417957377,295.40402352941163,308.74562910144624,299.2042098634936,299.0880636803743,0,0,0,0,294.79368469083107,301.8109647058824,301.8109647058824,294.68126161127634,299.2097876862146,0,0,0,0,291.642601805467,306.80378823529423,306.80378823529423,296.69149804568417,284.06168312914133,0,0,0,0,0.6444960106283889,,,,,,,296.69149804568417,284.06168312914133,0,0,0,0,296.69149804568417,284.06168312914133,0,0,0,0,0
1677594600,293.32,295.84,292.96,295.82,47.37270437578807,37.89816350063045,71.0590565636821,,295.82,-10,10,-10,-10,287.328813361506,292.6942470588236,292.6942470588236,294.68126161127634,299.2097876862146,0,0,0,0,282.062417957377,295.40402352941163,308.74562910144624,299.2042098634936,299.0880636803743,0,0,0,0,294.31734559300656,301.23067058823557,301.23067058823557,294.68126161127634,299.2097876862146,0,0,0,0,291.642601805467,306.80378823529423,306.80378823529423,296.69149804568417,284.06168312914133,0,0,0,0,0.6444960106283889,,,,,,,296.69149804568417,284.06168312914133,0,0,0,0,296.69149804568417,284.06168312914133,0,0,0,0,0
1677609000,295.84,296.115,293.5,293.5,47.37270437578807,37.89816350063045,71.0590565636821,,293.5,-5,15,-5,-5,286.9250238256732,292.28095294117617,292.28095294117617,294.68126161127634,299.2097876862146,0,0,0,0,282.062417957377,295.40402352941163,308.74562910144624,299.2042098634936,299.0880636803743,0,0,0,0,293.612462533367,300.42635294117645,300.42635294117645,294.68126161127634,299.2097876862146,0,0,0,0,292.27173023646475,307.4747529411762,307.4747529411762,296.69149804568417,284.06168312914133,0,0,0,0,0.6444960106283889,,,,,,,296.69149804568417,284.06168312914133,0,0,0,0,296.69149804568417,284.06168312914133,0,0,0,0,0
1677681000,293.23,293.92,290.2,291.43,46.64902273698227,37.31921818958582,69.9735341054734,,291.43,-10,10,-10,-10,285.7323173215509,291.27772941176454,291.27772941176454,294.68126161127634,299.2097876862146,0,0,0,0,282.062417957377,295.40402352941163,308.74562910144624,299.2042098634936,299.0880636803743,0,0,0,0,292.6950814371489,299.4351411764706,299.4351411764706,294.68126161127634,299.2097876862146,0,0,0,0,292.27173023646475,307.4747529411762,307.4747529411762,296.69149804568417,284.06168312914133,0,0,0,0,0.6444960106283889,,,,,,,296.69149804568417,284.06168312914133,0,0,0,0,296.69149804568417,284.06168312914133,0,0,0,0,0
1677695400,291.445,291.61,290.45,291.15,46.64902273698227,37.31921818958582,69.9735341054734,,291.15,-5,10,-5,-20,284.43333541415495,290.1748823529414,290.1748823529414,293.64785787227254,299.2097876862146,0,0,0,0,282.6594882226203,296.0637647058819,309.4680411891435,299.2042098634936,299.0880636803743,0,0,0,0,291.7424478139424,298.40757647058825,298.40757647058825,293.64785787227254,299.2097876862146,0,0,0,0,292.39007549775937,307.56108235294107,307.56108235294107,295.35021921010684,284.06168312914133,0,0,0,0,0.5559624995612116,,,,,,,295.35021921010684,284.06168312914133,0,0,0,0,295.35021921010684,284.06168312914133,0,0,0,0,0
1677767400,288.65,290.6,288.38,290.09,47.666818581336024,38.13345486506882,71.50022787200403,,290.09,-15,10,-15,-30,282.9970170487138,288.9667647058824,288.9667647058824,292.70391826741866,299.2097876862146,0,0,0,0,282.6594882226203,296.0637647058819,309.4680411891435,299.2042098634936,299.0880636803743,0,0,0,0,290.6658909091278,297.2032823529412,297.2032823529412,292.70391826741866,299.2097876862146,0,0,0,0,292.39007549775937,307.56108235294107,307.56108235294107,294.27091783795635,284.06168312914133,0,0,0,0,0.48472128003136183,,,,,,,294.27091783795635,284.06168312914133,0,0,0,0,294.27091783795635,284.06168312914133,0,0,0,0,0
1677781800,290.09,294.43,290.07,293.73,47.666818581336024,38.13345486506882,71.50022787200403,,293.73,5,10,5,5,282.9631740307365,288.83761176470574,288.83761176470574,292.70391826741866,299.2097876862146,0,0,0,0,282.6594882226203,296.0637647058819,309.4680411891435,299.2042098634936,299.0880636803743,0,0,0,0,289.95179987253886,296.3317176470588,296.3317176470588,292.70391826741866,299.2097876862146,0,0,0,0,292.5792517882998,307.6952705882352,307.6952705882352,294.27091783795635,284.06168312914133,0,0,0,0,0.48472128003136183,,,,,,,294.27091783795635,284.06168312914133,0,0,0,0,294.27091783795635,284.06168312914133,0,0,0,0,0
1677853800,295.43,298.85,294.9,298.56,47.32193106024302,37.857544848194415,70.98289659036453,,298.56,-10,10,-10,5,283.75206876014647,289.4578941176471,295.1637194751477,294.2818906279742,299.2097876862146,0,0,0,0,282.6594882226203,296.0637647058819,309.4680411891435,299.2042098634936,299.0880636803743,0,0,0,0,289.67801179830496,295.9446000000002,302.21118820169545,294.2818906279742,299.2097876862146,0,0,0,0,292.5792517882998,307.6952705882352,307.6952705882352,294.27091783795635,284.06168312914133,0,0,0,0,0.48472128003136183,,,,,,,294.27091783795635,284.06168312914133,0,0,0,0,294.27091783795635,284.06168312914133,0,0,0,0,0
1677868200,298.6,299.92,298.33,299.71,47.32193106024302,37.857544848194415,70.98289659036453,,299.71,-5,15,-5,10,284.8691254525291,290.41104705882356,295.952968665118,296.8800485516716,299.2097876862146,0,0,0,0,283.3780501434996,296.8210352941175,310.2640204447354,299.2042098634936,299.0880636803743,0,0,0,0,289.52380738465723,295.7316941176472,301.9395808506371,296.8800485516716,299.2097876862146,0,0,0,0,293.0329820687788,308.0752235294115,323.11746499004425,294.66916673105317,284.06168312914133,0,0,0,0,0.7195826674613715,,,,,,,294.66916673105317,284.06168312914133,0,0,0,0,294.66916673105317,284.06168312914133,0,0,0,0,0
1678113000,300.94,303.98,300.63,301.8,45.229442656744595,36.18355412539568,67.8441639851169,,301.8,-10,10,-10,15,286.73720729081754,292.04180000000014,297.34639270918274,299.0379500266964,299.2097876862146,0,0,0,0,283.3780501434996,296.8210352941175,310.2640204447354,299.2042098634936,299.0880636803743,0,0,0,0,289.5833804619171,295.7821529411766,301.9809254204361,299.0379500266964,299.2097876862146,0,0,0,0,293.0329820687788,308.0752235294115,323.11746499004425,296.92565482169226,284.06168312914133,0,0,0,0,0.8685262040672863,,,,,,,296.92565482169226,284.06168312914133,0,0,0,0,296.92565482169226,284.06168312914133,0,0,0,0,0
1678127400,301.81,301.85,299.82,300.05,45.229442656744595,36.18355412539568,67.8441639851169,,300.05,-5,15,-5,5,288.45452919855836,293.3738470588238,298.29316491908924,299.0379500266964,299.2097876862146,0,0,0,0,283.3780501434996,296.8210352941175,310.2640204447354,299.2042098634936,299.0880636803743,0,0,0,0,289.50070561030276,295.6805176470591,301.86032968381545,299.0379500266964,299.2097876862146,0,0,0,0,293.4579921789567,308.4027529411764,323.3475137033961,296.92565482169226,284.06168312914133,0,0,0,0,0.8685262040672863,,,,,,,296.92565482169226,284.06168312914133,0,0,0,0,296.92565482169226,284.06168312914133,0,0,0,0,0
1678199400,300.075,301.01,296.64,297.87,45.205524787878765,36.16441983030301,67.80828718181814,,297.87,-10,15,-10,0,290.2673719595341,294.5380588235298,298.8087456875255,299.0379500266964,299.2097876862146,0,0,0,0,283.3780501434996,296.8210352941175,310.2640204447354,299.2042098634936,299.0880636803743,0,0,0,0,289.14277596428934,295.2265294117648,301.3102828592402,299.0379500266964,299.2097876862146,0,0,0,0,293.4579921789567,308.4027529411764,323.3475137033961,296.92565482169226,284.06168312914133,0,0,0,0,0.8685262040672863,,,,,,,296.92565482169226,284.06168312914133,0,0,0,0,296.92565482169226,284.06168312914133,0,0,0,0,0
1678213800,297.84,298.18,295.72,296.32,45.205524787878765,36.16441983030301,67.80828718181814,,296.32,-5,0,-5,-10,291.80059267179394,295.44483529411804,295.44483529411804,298.98575031842483,299.2097876862146,0,0,0,0,283.8208630685755,297.09068235294103,310.3605016373066,299.2042098634936,299.0880636803743,0,0,0,0,288.6224922791433,294.5700000000003,294.5700000000003,298.98575031842483,299.2097876862146,0,0,0,0,293.6709844022468,308.5292235294115,323.38746265657625,296.92565482169226,284.06168312914133,0,0,0,0,0.8685262040672863,,,,,,,296.92565482169226,284.06168312914133,0,0,0,0,296.92565482169226,284.06168312914133,0,0,0,0,0
1678285800,296.77,298.42,294.88,296.055,44.772238898301715,35.817791118641374,67.15835834745258,,296.055,-10,10,-10,-10,292.9750594636747,296.24230588235315,296.24230588235315,298.98575031842483,299.2097876862146,0,0,0,0,283.8208630685755,297.09068235294103,310.3605016373066,299.2042098634936,299.0880636803743,0,0,0,0,288.09591774617957,293.9791529411767,293.9791529411767,298.98575031842483,299.2097876862146,0,0,0,0,293.6709844022468,308.5292235294115,323.38746265657625,296.92565482169226,284.06168312914133,0,0,0,0,0.8685262040672863,,,,,,,296.92565482169226,284.06168312914133,0,0,0,0,296.92565482169226,284.06168312914133,0,0,0,0,0
1678300200,296.04,298.23,295.72,297.88,44.772238898301715,35.817791118641374,67.15835834745258,,297.88,-10,15,-10,-10,293.5630964499047,296.78495294117704,300.00680943244936,298.98575031842483,299.2097876862146,0,0,0,0,283.8208630685755,297.09068235294103,310.3605016373066,299.2042098634936,299.0880636803743,0,0,0,0,287.7602299345645,293.602423529412,299.44461712425954,298.98575031842483,299.2097876862146,0,0,0,0,293.8422514203198,308.44915294117624,323.05605446203265,296.92565482169226,284.06168312914133,0,0,0,0,0.8685262040672863,,,,,,,296.92565482169226,284.06168312914133,0,0,0,0,296.92565482169226,284.06168312914133,0,0,0,0,0
1678372200,298.355,300.98,296.23,296.465,43.76577436479751,35.01261949183801,65.64866154719627,,296.465,-10,10,-10,-10,294.53709347451553,297.6192705882357,297.6192705882357,298.98575031842483,299.2097876862146,0,0,0,0,283.8208630685755,297.09068235294103,310.3605016373066,299.2042098634936,299.0880636803743,0,0,0,0,287.28657370481835,293.09427058823553,293.09427058823553,298.98575031842483,299.2097876862146,0,0,0,0,293.8422514203198,308.44915294117624,323.05605446203265,296.92565482169226,284.06168312914133,0,0,0,0,0.8685262040672863,,,,,,,296.92565482169226,284.06168312914133,0,0,0,0,296.92565482169226,284.06168312914133,0,0,0,0,0
1678386600,296.45,296.45,291.84,292.5,43.76577436479751,35.01261949183801,65.64866154719627,,292.5,-15,10,-15,-40,294.07814947086484,297.2083058823532,297.2083058823532,296.1415974076343,299.2097876862146,0,0,0,0,283.98442108425974,296.9185411764706,309.8526612686815,299.2042098634936,299.0880636803743,0,0,0,0,286.6410285987566,292.5432000000004,292.5432000000004,296.1415974076343,299.2097876862146,0,0,0,0,293.62068672089305,307.9193411764703,307.9193411764703,296.92565482169226,284.06168312914133,0,0,0,0,0.8685262040672863,,,,,,,296.92565482169226,284.06168312914133,0,0,0,0,296.92565482169226,284.06168312914133,0,0,0,0,0
1678458600,292.83,294.34,288.49,288.68,41.046331852756474,32.83706548220518,61.56949777913471,,288.68,-10,10,-10,-20,293.25952725437315,296.5181647058825,296.5181647058825,296.1415974076343,299.2097876862146,0,0,0,0,283.98442108425974,296.9185411764706,309.8526612686815,299.2042098634936,299.0880636803743,0,0,0,0,286.2798021438706,292.1420823529415,292.1420823529415,296.1415974076343,299.2097876862146,0,0,0,0,293.62068672089305,307.9193411764703,307.9193411764703,296.92565482169226,284.06168312914133,0,0,0,0,0.8685262040672863,,,,,,,296.92565482169226,284.06168312914133,0,0,0,0,296.92565482169226,284.06168312914133,0,0,0,0,0
1678473000,288.67,290.2,287.45,288.5,41.046331852756474,32.83706548220518,61.56949777913471,,288.5,-20,10,-20,-45,292.08875054765616,295.5600000000003,295.5600000000003,291.95502963763647,299.2097876862146,0,0,0,0,283.98442108425974,296.9185411764706,309.8526612686815,299.2042098634936,299.0880636803743,0,0,0,0,285.9917700766793,291.7824235294115,291.7824235294115,291.95502963763647,299.2097876862146,0,0,0,0,293.0316077535494,306.859670588235,306.859670588235,293.92868410685605,284.06168312914133,0,0,0,0,0.670705786036347,,,,,,,293.92868410685605,284.06168312914133,0,0,0,0,293.92868410685605,284.06168312914133,0,0,0,0,0
1678714200,286.73,294.33,285.19,291.46,44.85352414483056,35.882819315864445,67.28028621724584,,291.46,-15,10,-15,-25,291.6420165295517,295.142611764706,295.142611764706,291.95502963763647,299.2097876862146,0,0,0,0,283.98442108425974,296.9185411764706,309.8526612686815,299.2042098634936,299.0880636803743,0,0,0,0,285.806802563438,291.5509294117647,291.5509294117647,291.95502963763647,299.2097876862146,0,0,0,0,293.0316077535494,306.859670588235,306.859670588235,293.92868410685605,284.06168312914133,0,0,0,0,0.670705786036347,,,,,,,293.92868410685605,284.06168312914133,0,0,0,0,293.92868410685605,284.06168312914133,0,0,0,0,0
1678728600,291.4,294.47,290.66,290.74,44.85352414483056,35.882819315864445,67.28028621724584,,290.74,-20,15,-20,-30,290.97347583832186,294.53943529411794,294.53943529411794,291.95502963763647,299.2097876862146,0,0,0,0,284.10370716984914,296.94792941176473,296.94792941176473,299.2042098634936,299.0880636803743,0,0,0,0,285.4880447051312,291.2352941176472,291.2352941176472,291.95502963763647,299.2097876862146,0,0,0,0,292.5962564034084,305.76821176470577,305.76821176470577,293.92868410685605,284.06168312914133,0,0,0,0,0.670705786036347,,,,,,,293.92868410685605,284.06168312914133,0,0,0,0,293.92868410685605,284.06168312914133,0,0,0,0,0
1678800600,294.32,297.93,294.21,296.02,48.83434747318219,39.06747797854575,73.25152120977329,,296.02,0,10,0,-10,291.54865391891207,295.1030352941175,298.6574166693229,291.95502963763647,299.2097876862146,0,0,0,0,284.10370716984914,296.94792941176473,296.94792941176473,299.2042098634936,299.0880636803743,0,0,0,0,285.55816441061864,291.2643647058826,296.97056500114655,291.95502963763647,299.2097876862146,0,0,0,0,292.5962564034084,305.76821176470577,305.76821176470577,293.92868410685605,284.06168312914133,0,0,0,0,0.670705786036347,,,,,,,293.92868410685605,284.06168312914133,0,0,0,0,293.92868410685605,284.06168312914133,0,0,0,0,0
1678815000,295.97,297.76,293.45,297.36,48.83434747318219,39.06747797854575,73.25152120977329,,297.36,-10,10,-10,-20,291.5223916274563,295.02623529411767,298.53007896077906,291.95502963763647,299.2097876862146,0,0,0,0,284.10370716984914,296.94792941176473,296.94792941176473,299.2042098634936,299.0880636803743,0,0,0,0,285.7588246515756,291.4138117647058,297.06879887783606,291.95502963763647,299.2097876862146,0,0,0,0,292.614549502867,305.3770588235293,318.13956814419157,293.92868410685605,284.06168312914133,0,0,0,0,0.670705786036347,,,,,,,293.92868410685605,284.06168312914133,0,0,0,0,293.92868410685605,284.06168312914133,0,0,0,0,0
1678887000,294.72,297.03,293.25,296.38,49.92936978715672,39.94349582972538,74.89405468073508,,296.38,-10,10,-10,-10,291.4886459894581,294.93950588235293,298.39036577524774,291.95502963763647,299.2097876862146,0,0,0,0,284.10370716984914,296.94792941176473,296.94792941176473,299.2042098634936,299.0880636803743,0,0,0,0,285.9519471268885,291.53704705882365,297.1221469907588,291.95502963763647,299.2097876862146,0,0,0,0,292.614549502867,305.3770588235293,318.13956814419157,293.92868410685605,284.06168312914133,0,0,0,0,0.670705786036347,,,,,,,293.92868410685605,284.06168312914133,0,0,0,0,293.92868410685605,284.06168312914133,0,0,0,0,0
1678901400,296.34,299.25,295.21,298.9,49.92936978715672,39.94349582972538,74.89405468073508,,298.9,-10,10,-10,5,291.96980779001467,295.50221176470586,299.03461573939705,293.3131956069837,299.2097876862146,0,0,0,0,284.6594573282795,297.47712941176445,310.29480149524943,299.2042098634936,299.0880636803743,0,0,0,0,286.775017002614,292.093011764706,297.41100652679796,293.3131956069837,299.2097876862146,0,0,0,0,292.70892128979665,305.0278588235293,317.34679635726195,293.92868410685605,284.06168312914133,0,0,0,0,0.670705786036347,,,,,,,293.92868410685605,284.06168312914133,0,0,0,0,293.92868410685605,284.06168312914133,0,0,0,0,0
1678973400,298,306.09,297.21,305.52,49.15648733209806,39.32518986567845,73.73473099814709,,305.52,10,10,10,55,292.89266549787806,296.8928941176472,300.8931227374163,300.0981380488788,299.2097876862146,0,0,0,0,284.6594573282795,297.47712941176445,310.29480149524943,299.2042098634936,299.0880636803743,0,0,0,0,287.6671193981389,292.99655294117656,298.32598648421424,300.0981380488788,299.2097876862146,0,0,0,0,292.70892128979665,305.0278588235293,317.34679635726195,293.92868410685605,284.06168312914133,0,0,0,0,15.670705786036347,,,,,,,293.92868410685605,284.06168312914133,0,0,0,0,293.92868410685605,284.06168312914133,0,0,0,0,0
1678987800,305.54,307.17,304.77,306.79,49.15648733209806,39.32518986567845,73.73473099814709,,306.79,10,15,10,35,294.0237333685825,298.60258823529415,303.1814431020058,302.91609862377817,299.2097876862146,0,0,0,0,284.6594573282795,297.47712941176445,310.29480149524943,299.2042098634936,299.0880636803743,0,0,0,0,288.5682104940709,293.96816470588243,299.36811891769395,302.91609862377817,299.2097876862146,0,0,0,0,293.2585074339347,305.141694117647,317.02488080135925,300.3182135062892,284.06168312914133,0,0,0,0,16.092458114332263,,,,,,,300.3182135062892,284.06168312914133,0,0,0,0,300.3182135062892,284.06168312914133,0,0,0,0,0
1679059800,306.72,309.15,303.37,305.745,50.52255132085112,40.4180410566809,75.78382698127669,,305.745,10,10,10,20,294.9256062964132,299.8106470588232,304.69568782123315,302.91609862377817,299.2097876862146,0,0,0,0,284.6594573282795,297.47712941176445,310.29480149524943,299.2042098634936,299.0880636803743,0,0,0,0,289.40924196866126,294.84856470588267,300.28788744310407,302.91609862377817,299.2097876862146,0,0,0,0,293.2585074339347,305.141694117647,317.02488080135925,300.3182135062892,284.06168312914133,0,0,0,0,16.092458114332263,,,,,,,300.3182135062892,284.06168312914133,0,0,0,0,300.3182135062892,284.06168312914133,0,0,0,0,0
1679074200,305.72,306.53,303.73,305.32,50.52255132085112,40.4180410566809,75.78382698127669,,305.32,10,15,10,20,295.692232066437,300.7633999999999,305.83456793356277,302.91609862377817,299.2097876862146,0,0,0,0,285.711148050759,298.8090352941175,311.906922537476,299.2042098634936,299.0880636803743,0,0,0,0,290.07146571727293,295.586894117647,301.102322518021,302.91609862377817,299.2097876862146,0,0,0,0,293.696816180665,305.0937411764705,316.49066617227595,300.3182135062892,284.06168312914133,0,0,0,0,16.092458114332263,,,,,,,300.3182135062892,284.06168312914133,0,0,0,0,300.3182135062892,284.06168312914133,0,0,0,0,0
1679319000,304.3,306.04,302.01,304.93,56.604217834539185,45.28337426763135,84.90632675180878,,304.93,-10,15,-10,0,296.3771340219643,301.54864705882363,306.72016009568296,302.91609862377817,299.2097876862146,0,0,0,0,285.711148050759,298.8090352941175,311.906922537476,299.2042098634936,299.0880636803743,0,0,0,0,290.6066773525613,296.2054588235294,301.8042402944975,302.91609862377817,299.2097876862146,0,0,0,0,293.696816180665,305.0937411764705,316.49066617227595,300.3182135062892,284.06168312914133,0,0,0,0,16.092458114332263,,,,,,,300.3182135062892,284.06168312914133,0,0,0,0,300.3182135062892,284.06168312914133,0,0,0,0,0
1679333400,304.93,306.29,304.49,305.91,56.604217834539185,45.28337426763135,84.90632675180878,,305.91,10,15,10,20,296.98150297412997,302.1258,307.2700970258701,302.91609862377817,299.2097876862146,0,0,0,0,285.711148050759,298.8090352941175,311.906922537476,299.2042098634936,299.0880636803743,0,0,0,0,291.1888882362132,296.8924000000002,302.59591176378717,302.91609862377817,299.2097876862146,0,0,0,0,294.2239386091001,304.83352941176463,315.44312021442914,300.3182135062892,284.06168312914133,0,0,0,0,16.092458114332263,,,,,,,300.3182135062892,284.06168312914133,0,0,0,0,300.3182135062892,284.06168312914133,0,0,0,0,0
1679405400,307.94,309.37,306.4,308.57,56.106531656346284,44.88522532507703,84.15979748451943,,308.57,10,15,10,25,297.84750502550526,303.24422352941195,308.64094203331865,303.43770993815906,299.2097876862146,0,0,0,0,285.711148050759,298.8090352941175,311.906922537476,299.2042098634936,299.0880636803743,0,0,0,0,292.1555110558885,297.9721411764708,303.78877129705313,303.43770993815906,299.2097876862146,0,0,0,0,294.2239386091001,304.83352941176463,315.44312021442914,302.2448473429796,284.06168312914133,0,0,0,0,16.219629030310823,,,,,,,302.2448473429796,284.06168312914133,0,0,0,0,302.2448473429796,284.06168312914133,0,0,0,0,0
1679419800,308.62,310.79,308.04,310.31,56.106531656346284,44.88522532507703,84.15979748451943,,310.31,10,35,40,50,299.064700649924,304.8909058823529,310.7171111147818,306.9018009160657,300.240928607416,0,0,0,0,286.9371088661335,300.44350588235284,313.9499028985722,300.2597295843225,299.0880636803743,0,0,0,0,293.17631782484983,299.17159999999984,305.16688217514985,306.9018009160657,300.240928607416,0,0,0,0,294.87199350864813,305.096988235294,315.3219829619399,303.9852153899096,284.06168312914133,0,0,0,0,16.77564599757993,,,,,,,303.9852153899096,284.06168312914133,0,0,0,0,303.9852153899096,284.06168312914133,0,0,0,0,0
1679491800,310.26,311.96,309.74,311.05,56.88594588019202,45.50875670415362,85.32891882028802,,311.05,10,15,10,35,300.4661289419123,306.7441999999999,313.02227105808754,307.55818548375055,300.240928607416,0,0,0,0,286.9371088661335,300.44350588235284,313.9499028985722,300.2597295843225,299.0880636803743,0,0,0,0,294.2793862289186,300.4542588235296,306.62913141814056,307.55818548375055,300.240928607416,0,0,0,0,294.87199350864813,305.096988235294,315.3219829619399,305.81627143348754,284.06168312914133,0,0,0,0,16.896508130194544,,,,,,,305.81627143348754,284.06168312914133,0,0,0,0,305.81627143348754,284.06168312914133,0,0,0,0,0
1679506200,311.11,315.24,305.95,305.99,56.88594588019202,45.50875670415362,85.32891882028802,,305.99,10,15,10,20,301.84382074846746,308.39742352941175,314.95102631035604,307.55818548375055,300.240928607416,0,0,0,0,286.9371088661335,300.44350588235284,313.9499028985722,300.2597295843225,299.0880636803743,0,0,0,0,295.22112653979934,301.3771294117647,307.5331322837301,307.55818548375055,300.240928607416,0,0,0,0,295.2668255999428,305.00463529411746,314.7424449882921,305.81627143348754,284.06168312914133,0,0,0,0,16.896508130194544,,,,,,,305.81627143348754,284.06168312914133,0,0,0,0,305.81627143348754,284.06168312914133,0,0,0,0,0
1679578200,309.93,314.15,309.74,311.485,55.117297916897435,44.09383833351795,82.67594687534616,,311.485,10,15,10,20,303.27782388788773,310.2512235294117,317.2246231709356,307.55818548375055,300.240928607416,0,0,0,0,286.9371088661335,300.44350588235284,313.9499028985722,300.2597295843225,299.0880636803743,0,0,0,0,296.45910639724644,302.7579882352941,309.0568700733417,307.55818548375055,300.240928607416,0,0,0,0,295.2668255999428,305.00463529411746,314.7424449882921,305.81627143348754,284.06168312914133,0,0,0,0,16.896508130194544,,,,,,,305.81627143348754,284.06168312914133,0,0,0,0,305.81627143348754,284.06168312914133,0,0,0,0,0
1679592600,311.45,312.17,307.02,309.79,55.117297916897435,44.09383833351795,82.67594687534616,,309.79,35,30,25,35,304.19678025561103,311.34684705882387,318.4969138620367,307.55818548375055,300.51327517680255,0,0,0,0,288.20100326147167,302.08750588235284,315.974008503234,300.52655254974746,299.0880636803743,0,0,0,0,297.7515566801741,304.0693647058824,310.3871727315907,307.55818548375055,300.51327517680255,0,0,0,0,295.8193946248903,305.20202352941146,314.5846524339326,305.81627143348754,284.06168312914133,0,0,0,0,17.00802334838047,,,,,,,305.81627143348754,284.06168312914133,0,0,0,0,305.81627143348754,284.06168312914133,0,0,0,0,0
1679664600,309.33,310,306.95,309.08,57.19396150715197,45.75516920572158,85.79094226072795,,309.08,20,15,10,10,304.8540017155176,312.0749176470588,319.29583357859997,307.55818548375055,300.51327517680255,0,0,0,0,288.20100326147167,302.08750588235284,315.974008503234,300.52655254974746,299.0880636803743,0,0,0,0,298.84269362546,305.22754117647077,311.6123887274815,307.55818548375055,300.51327517680255,0,0,0,0,295.8193946248903,305.20202352941146,314.5846524339326,305.81627143348754,284.06168312914133,0,0,0,0,17.00802334838047,,,,,,,305.81627143348754,284.06168312914133,0,0,0,0,305.81627143348754,284.06168312914133,0,0,0,0,0
1679679000,309.07,310.99,308.55,310.95,57.19396150715197,45.75516920572158,85.79094226072795,,310.95,25,50,70,30,305.73493635386745,313.10864705882386,320.48235776378027,307.55818548375055,300.62875552131663,0,0,0,0,288.20100326147167,302.08750588235284,315.974008503234,300.63179879619406,299.0880636803743,0,0,0,0,299.79719253154275,306.3836235294112,312.9700545272796,307.55818548375055,300.62875552131663,0,0,0,0,296.3772862816183,305.58985882352926,314.8024313654402,305.81627143348754,286.3593428460366,0,0,0,0,16.89004377149038,,,,,,,305.81627143348754,286.3593428460366,0,0,0,0,305.81627143348754,286.3593428460366,0,0,0,0,0
1679923800,311.6,312.69,307.89,308.83,56.500738949502704,45.20059115960217,84.75110842425406,,308.83,20,15,35,10,306.38844469371594,313.82660000000004,321.26475530628414,307.55818548375055,300.62875552131663,0,0,0,0,288.20100326147167,302.08750588235284,315.974008503234,300.63179879619406,299.0880636803743,0,0,0,0,300.4302226369382,307.16844705882363,313.90667148070906,307.55818548375055,300.62875552131663,0,0,0,0,296.3772862816183,305.58985882352926,314.8024313654402,305.81627143348754,286.3593428460366,0,0,0,0,16.89004377149038,,,,,,,305.81627143348754,286.3593428460366,0,0,0,0,305.81627143348754,286.3593428460366,0,0,0,0,0
1679938200,308.83,310.38,308.16,308.7,56.500738949502704,45.20059115960217,84.75110842425406,,308.7,35,30,50,25,306.9908447226347,314.4739529411766,321.95706115971853,307.55818548375055,301.6767015555083,0,0,0,0,289.21864194067695,303.3431058823527,317.46756982402843,301.6802417393231,299.0880636803743,0,0,0,0,301.15160051031995,308.0224235294117,314.89324654850344,307.55818548375055,301.6767015555083,0,0,0,0,296.79775263474056,305.79385882352966,314.78996501231876,305.81627143348754,286.3593428460366,0,0,0,0,17.328226981741068,,,,,,,305.81627143348754,286.3593428460366,0,0,0,0,305.81627143348754,286.3593428460366,0,0,0,0,0
1680010200,308.17,308.17,305.15,305.99,54.754602500364236,43.80368200029139,82.13190375054636,,305.99,10,0,35,10,306.9165370837054,314.10444705882355,314.10444705882355,307.55818548375055,301.6767015555083,0,0,0,0,289.21864194067695,303.3431058823527,317.46756982402843,301.6802417393231,299.0880636803743,0,0,0,0,301.49476051726845,308.41181176470593,315.3288630121434,307.55818548375055,301.6767015555083,0,0,0,0,296.79775263474056,305.79385882352966,314.78996501231876,305.81627143348754,286.3593428460366,0,0,0,0,17.328226981741068,,,,,,,305.81627143348754,286.3593428460366,0,0,0,0,305.81627143348754,286.3593428460366,0,0,0,0,0
1680024600,305.99,307.15,304.78,307.11,54.754602500364236,43.80368200029139,82.13190375054636,,307.11,10,10,35,10,306.8283969801615,313.5571058823531,313.5571058823531,307.55818548375055,301.6767015555083,0,0,0,0,289.21864194067695,303.3431058823527,317.46756982402843,301.6802417393231,299.0880636803743,0,0,0,0,301.8517362909512,308.8136705882351,315.775604885519,307.55818548375055,301.6767015555083,0,0,0,0,297.10114816565635,305.8774117647055,314.6536753637547,305.81627143348754,286.3593428460366,0,0,0,0,17.06354246679243,,,,,,,305.81627143348754,286.3593428460366,0,0,0,0,305.81627143348754,286.3593428460366,0,0,0,0,0
1680096600,310.88,312.03,310.06,312.03,55.026321318792625,44.021057055034106,82.53948197818895,,312.03,10,10,10,25,307.33022756743077,313.43545882352925,319.5406900796277,308.18708462494465,301.6767015555083,0,0,0,0,289.21864194067695,303.3431058823527,317.46756982402843,301.6802417393231,299.0880636803743,0,0,0,0,302.4786681745544,309.635129411765,316.79159064897556,308.18708462494465,301.6767015555083,0,0,0,0,297.10114816565635,305.8774117647055,314.6536753637547,305.9391246609547,286.3593428460366,0,0,0,0,17.071586548721505,,,,,,,305.9391246609547,286.3593428460366,0,0,0,0,305.9391246609547,286.3593428460366,0,0,0,0,0
1680111000,312.01,313.35,311.03,312.82,55.026321318792625,44.021057055034106,82.53948197818895,,312.82,15,40,40,70,307.8911091774075,313.6154352941172,319.33976141082695,309.84110868171246,303.9832375657189,0,0,0,0,290.20950824757443,304.2422117647056,318.27491528183674,303.99995333645717,299.0880636803743,0,0,0,0,303.08289301941136,310.4191529411763,317.7554128629413,309.84110868171246,303.9832375657189,0,0,0,0,297.6681734611843,306.35705882352966,315.045944185875,307.0377586137436,286.3593428460366,0,0,0,0,18.113015546638895,,,,,,,307.0377586137436,286.3593428460366,0,0,0,0,307.0377586137436,286.3593428460366,0,0,0,0,0
1680183000,315.22,316.315,314.32,314.82,57.20778077206602,45.766224617652824,85.81167115809903,,314.82,10,10,10,35,308.6668010085872,313.8330588235293,318.99931663847144,312.0292722816807,303.9832375657189,0,0,0,0,290.20950824757443,304.2422117647056,318.27491528183674,303.99995333645717,299.0880636803743,0,0,0,0,303.7429846877891,311.3002823529409,318.8575800180927,312.0292722816807,303.9832375657189,0,0,0,0,297.6681734611843,306.35705882352966,315.045944185875,310.36327585561907,286.3593428460366,0,0,0,0,18.330761011708947,,,,,,,310.36327585561907,286.3593428460366,0,0,0,0,310.36327585561907,286.3593428460366,0,0,0,0,0
1680197400,314.82,315.84,313.93,315.69,57.20778077206602,45.766224617652824,85.81167115809903,,315.69,15,40,40,80,309.34008019797176,314.35912941176423,319.3781786255567,313.0512857938981,306.9182348824533,0,0,0,0,290.20950824757443,304.2422117647056,318.27491528183674,308.05317095528164,299.0880636803743,0,0,0,0,304.49475229981886,312.3196235294117,320.1444947590045,313.0512857938981,306.9182348824533,0,0,0,0,298.35710815904827,306.8467764705882,315.3364447821282,310.36327585561907,286.3593428460366,0,0,0,0,19.957841925463644,,,,,,,310.36327585561907,286.3593428460366,0,0,0,0,310.36327585561907,286.3593428460366,0,0,0,0,0
1680269400,315.91,319.41,315.6,319.01,56.52367270877637,45.21893816702109,84.78550906316455,,319.01,10,25,20,60,310.213303432845,315.0779999999997,319.94269656715437,315.77666989371824,306.9182348824533,0,0,0,0,290.20950824757443,304.2422117647056,318.27491528183674,308.05317095528164,299.0880636803743,0,0,0,0,305.2296760998571,313.31442352941167,321.39917095896624,315.77666989371824,306.9182348824533,0,0,0,0,298.35710815904827,306.8467764705882,315.3364447821282,311.78950826326343,286.3593428460366,0,0,0,0,20.0512275904032,,,,,,,311.78950826326343,286.3593428460366,0,0,0,0,311.78950826326343,286.3593428460366,0,0,0,0,0
1680283800,319.02,321.17,318.68,320.9,56.52367270877637,45.21893816702109,84.78550906316455,,320.9,60,80,40,80,311.1969064777867,315.9319529411765,320.66699940456635,317.54666944917545,309.7323323908495,0,0,0,0,291.5052804504363,305.93990588235283,320.37453131426935,309.74508731561866,299.0880636803743,0,0,0,0,306.02369499683374,314.4266352941173,322.8295755914009,317.54666944917545,309.7323323908495,0,0,0,0,299.25706007984365,307.54599999999976,315.8349399201559,314.96382910160173,289.0701040713197,0,0,0,0,20.74640390477407,,,,,,,314.96382910160173,289.0701040713197,0,0,0,0,314.96382910160173,289.0701040713197,0,0,0,0,0
1680528600,318.77,320.16,317.42,317.61,56.884381371515445,45.50750509721236,85.32657205727317,,317.61,25,50,25,50,311.85445762737714,316.3398588235293,320.8252600196815,317.54666944917545,309.7323323908495,0,0,0,0,291.5052804504363,305.93990588235283,320.37453131426935,309.74508731561866,299.0880636803743,0,0,0,0,306.7252500256555,315.333764705882,323.9422793861085,317.54666944917545,309.7323323908495,0,0,0,0,299.25706007984365,307.54599999999976,315.8349399201559,314.96382910160173,289.0701040713197,0,0,0,0,20.74640390477407,,,,,,,314.96382910160173,289.0701040713197,0,0,0,0,314.96382910160173,289.0701040713197,0,0,0,0,0
1680543000,317.6,320.42,317.525,320.17,56.884381371515445,45.50750509721236,85.32657205727317,,320.17,30,70,85,60,312.6449425583019,317.36080000000004,322.07665744169816,317.54666944917545,311.72084436293164,0,0,0,0,291.5052804504363,305.93990588235283,320.37453131426935,311.73472393593164,299.0880636803743,0,0,0,0,307.49127293404433,316.3515764705883,325.2118800071323,317.54666944917545,311.72084436293164,0,0,0,0,300.02585819276214,308.3781411764704,316.7304241601787,314.96382910160173,289.0701040713197,0,0,0,0,21.31503695121418,,,,,,,314.96382910160173,289.0701040713197,0,0,0,0,314.96382910160173,289.0701040713197,0,0,0,0,0
1680615000,320.6,321.63,318.22,319.47,56.11611700961703,44.89289360769362,84.17417551442554,,319.47,25,50,40,40,313.4241278624131,318.3593176470585,323.2945074317039,317.54666944917545,311.72084436293164,0,0,0,0,291.5052804504363,305.93990588235283,320.37453131426935,311.73472393593164,299.0880636803743,0,0,0,0,308.24262992604025,317.32889411764705,326.41515830925385,317.54666944917545,311.72084436293164,0,0,0,0,300.02585819276214,308.3781411764704,316.7304241601787,314.96382910160173,289.0701040713197,0,0,0,0,21.31503695121418,,,,,,,314.96382910160173,289.0701040713197,0,0,0,0,314.96382910160173,289.0701040713197,0,0,0,0,0
1680629400,319.46,319.76,317.83,319.14,56.11611700961703,44.89289360769362,84.17417551442554,,319.14,45,65,60,60,313.9994193883998,318.95761176470586,323.9158041410119,317.54666944917545,312.2611554798651,0,0,0,0,292.6693328629446,307.19687058823513,321.72440831352566,312.2793865119365,299.0880636803743,0,0,0,0,308.90759792275435,318.13214117647067,327.356684430187,317.54666944917545,312.2611554798651,0,0,0,0,300.74983400507483,309.2894588235296,317.8290836419844,314.96382910160173,289.0701040713197,0,0,0,0,21.542671652388222,,,,,,,314.96382910160173,289.0701040713197,0,0,0,0,314.96382910160173,289.0701040713197,0,0,0,0,0
1680701400,318.1,318.32,314.07,314.84,56.859593264741136,45.48767461179291,85.2893898971117,,314.84,10,10,25,25,314.0695997053157,318.8806705882351,318.8806705882351,317.54666944917545,312.2611554798651,0,0,0,0,292.6693328629446,307.19687058823513,321.72440831352566,312.2793865119365,299.0880636803743,0,0,0,0,309.29528505121976,318.45837647058823,327.6214678899567,317.54666944917545,312.2611554798651,0,0,0,0,300.74983400507483,309.2894588235296,317.8290836419844,314.96382910160173,289.0701040713197,0,0,0,0,21.542671652388222,,,,,,,314.96382910160173,289.0701040713197,0,0,0,0,314.96382910160173,289.0701040713197,0,0,0,0,0
1680715800,314.84,316.17,314.8,315.85,56.859593264741136,45.48767461179291,85.2893898971117,,315.85,25,20,40,40,314.18063942785784,318.8202941176469,323.4599488074359,317.54666944917545,312.2611554798651,0,0,0,0,292.6693328629446,307.19687058823513,321.72440831352566,312.2793865119365,299.0880636803743,0,0,0,0,309.7052559269501,318.7967529411761,327.88824995540216,317.54666944917545,312.2611554798651,0,0,0,0,301.3104521601909,309.8617411764708,318.4130301927507,314.96382910160173,289.0701040713197,0,0,0,0,20.960975520338696,,,,,,,314.96382910160173,289.0701040713197,0,0,0,0,314.96382910160173,289.0701040713197,0,0,0,0,0
1680787800,314.24,317.84,312.82,317.53,56.86570898179497,45.49256718543597,85.29856347269245,,317.53,20,10,10,10,314.37276725885533,318.8385529411766,323.30433862349787,317.54666944917545,312.2611554798651,0,0,0,0,292.6693328629446,307.19687058823513,321.72440831352566,312.2793865119365,299.0880636803743,0,0,0,0,310.16664896179833,319.1650588235295,328.1634686852606,317.54666944917545,312.2611554798651,0,0,0,0,301.3104521601909,309.8617411764708,318.4130301927507,314.96382910160173,289.0701040713197,0,0,0,0,20.960975520338696,,,,,,,314.96382910160173,289.0701040713197,0,0,0,0,314.96382910160173,289.0701040713197,0,0,0,0,0
1680802200,317.54,318.54,317.41,318.1,56.86570898179497,45.49256718543597,85.29856347269245,,318.1,25,55,30,15,314.7413037665225,319.18351764705886,323.62573152759524,317.54666944917545,312.2611554798651,0,0,0,0,294.2063066708863,309.2290588235295,324.2518109761727,312.2793865119365,299.0880636803743,0,0,0,0,310.6573949122957,319.6586588235289,328.6599227347622,317.54666944917545,312.2611554798651,0,0,0,0,301.9331134694186,310.50898823529394,319.0848630011693,314.96382910160173,297.6085252090826,0,0,0,0,19.358455504289935,,,,,,,314.96382910160173,297.6085252090826,0,0,0,0,314.96382910160173,297.6085252090826,0,0,0,0,0
1681133400,315.05,317.23,313.25,317.2,57.18337359482686,45.74669887586149,85.77506039224029,,317.2,10,35,10,10,314.918512182959,319.34062352941174,323.7627348758645,317.54666944917545,312.2611554798651,0,0,0,0,294.2063066708863,309.2290588235295,324.2518109761727,312.2793865119365,299.0880636803743,0,0,0,0,311.15145711442955,320.21823529411773,329.2850134738059,317.54666944917545,312.2611554798651,0,0,0,0,301.9331134694186,310.50898823529394,319.0848630011693,314.96382910160173,297.6085252090826,0,0,0,0,19.358455504289935,,,,,,,314.96382910160173,297.6085252090826,0,0,0,0,314.96382910160173,297.6085252090826,0,0,0,0,0
1681147800,317.22,317.92,316.6,317.92,57.18337359482686,45.74669887586149,85.77506039224029,,317.92,15,35,15,15,315.26262681550986,319.7135882352941,324.1645496550783,317.54666944917545,312.2611554798651,0,0,0,0,294.2063066708863,309.2290588235295,324.2518109761727,312.2793865119365,299.0880636803743,0,0,0,0,311.6829623967318,320.8358588235292,329.98875525032656,317.54666944917545,312.2611554798651,0,0,0,0,302.5768275002533,311.2953176470588,320.0138077938644,314.96382910160173,297.6085252090826,0,0,0,0,18.93418672718192,,,,,,,314.96382910160173,297.6085252090826,0,0,0,0,314.96382910160173,297.6085252090826,0,0,0,0,0
1681219800,317.84,317.89,315.32,316.44,59.86424165731575,47.891393325852604,89.79636248597363,,316.44,10,35,10,10,315.33199785823786,319.63996470588233,323.9479315535268,317.54666944917545,312.2611554798651,0,0,0,0,294.2063066708863,309.2290588235295,324.2518109761727,312.2793865119365,299.0880636803743,0,0,0,0,312.158515493249,321.3793176470587,330.6001198008684,317.54666944917545,312.2611554798651,0,0,0,0,302.5768275002533,311.2953176470588,320.0138077938644,314.96382910160173,297.6085252090826,0,0,0,0,18.93418672718192,,,,,,,314.96382910160173,297.6085252090826,0,0,0,0,314.96382910160173,297.6085252090826,0,0,0,0,0
1681234200,316.45,317.21,315.47,315.82,59.86424165731575,47.891393325852604,89.79636248597363,,315.82,15,35,15,15,315.479176049976,319.78190588235327,319.78190588235327,317.54666944917545,312.2611554798651,0,0,0,0,295.6633892287224,311.07527058823536,326.4871519477483,312.2793865119365,299.0880636803743,0,0,0,0,312.52746944915276,321.77018823529403,331.0129070214353,317.54666944917545,312.2611554798651,0,0,0,0,303.15175683689915,311.9823294117647,320.8129019866302,314.96382910160173,297.6085252090826,0,0,0,0,18.435260943627604,,,,,,,314.96382910160173,297.6085252090826,0,0,0,0,314.96382910160173,297.6085252090826,0,0,0,0,0
1681306200,317.82,318.42,313.5,316.25,61.0464049146704,48.83712393173632,91.56960737200559,,316.25,10,10,10,10,315.33019871737133,319.4978588235293,323.6655189296873,317.54666944917545,312.2611554798651,0,0,0,0,295.6633892287224,311.07527058823536,326.4871519477483,312.2793865119365,299.0880636803743,0,0,0,0,312.85031956432977,322.0701411764703,331.28996278861086,317.54666944917545,312.2611554798651,0,0,0,0,303.15175683689915,311.9823294117647,320.8129019866302,314.96382910160173,297.6085252090826,0,0,0,0,18.435260943627604,,,,,,,314.96382910160173,297.6085252090826,0,0,0,0,314.96382910160173,297.6085252090826,0,0,0,0,0
1681320600,316.27,316.53,312.56,313.03,61.0464049146704,48.83712393173632,91.56960737200559,,313.03,15,15,30,0,314.72028556599315,318.6924235294117,318.6924235294117,315.8395783177967,312.2611554798651,0,0,0,0,295.6633892287224,311.07527058823536,326.4871519477483,312.2793865119365,299.0880636803743,0,0,0,0,312.91580682431197,322.0148235294115,322.0148235294115,315.8395783177967,312.2611554798651,0,0,0,0,303.45594325547734,312.1670588235292,320.87817439158107,314.96382910160173,297.6085252090826,0,0,0,0,18.29868012292318,,,,,,,314.96382910160173,297.6085252090826,0,0,0,0,314.96382910160173,297.6085252090826,0,0,0,0,0
1681392600,314.82,318.24,314.65,318.1,60.36996213558934,48.295969708471475,90.55494320338401,,318.1,10,10,10,10,314.8611824199328,318.77752941176476,322.69387640359673,315.8395783177967,312.2611554798651,0,0,0,0,295.6633892287224,311.07527058823536,326.4871519477483,312.2793865119365,299.0880636803743,0,0,0,0,313.2672565941311,322.3032588235292,331.33926105292727,315.8395783177967,312.2611554798651,0,0,0,0,303.45594325547734,312.1670588235292,320.87817439158107,314.96382910160173,297.6085252090826,0,0,0,0,18.29868012292318,,,,,,,314.96382910160173,297.6085252090826,0,0,0,0,314.96382910160173,297.6085252090826,0,0,0,0,0
1681407000,318.11,319.65,317.96,319.26,60.36996213558934,48.295969708471475,90.55494320338401,,319.26,15,10,15,30,315.1261823603397,318.9326117647059,322.73904116907204,316.8127903390621,312.2611554798651,0,0,0,0,297.0852112915345,312.93541176470586,328.7856122378772,312.2793865119365,299.0880636803743,0,0,0,0,313.6781472929612,322.70289411764696,331.7276409423327,316.8127903390621,312.2611554798651,0,0,0,0,304.0991631680927,312.94818823529454,321.7972133024964,314.96382910160173,297.6085252090826,0,0,0,0,18.29868012292318,,,,,,,314.96382910160173,297.6085252090826,0,0,0,0,314.96382910160173,297.6085252090826,0,0,0,0,0
1681479000,317.59,320.35,315.61,316.21,61.39927303121127,49.11941842496902,92.09890954681691,,316.21,10,10,10,10,315.01619399527203,318.5987294117644,318.5987294117644,316.8127903390621,312.2611554798651,0,0,0,0,297.0852112915345,312.93541176470586,328.7856122378772,312.2793865119365,299.0880636803743,0,0,0,0,313.86103140109327,322.7588,331.65656859890674,316.8127903390621,312.2611554798651,0,0,0,0,304.0991631680927,312.94818823529454,321.7972133024964,314.96382910160173,297.6085252090826,0,0,0,0,18.29868012292318,,,,,,,314.96382910160173,297.6085252090826,0,0,0,0,314.96382910160173,297.6085252090826,0,0,0,0,0
1681493400,316.24,318.825,315.69,318.58,61.39927303121127,49.11941842496902,92.09890954681691,,318.58,15,25,15,15,315.1577600677415,318.17223529411785,321.1867105204942,316.8127903390621,312.2611554798651,0,0,0,0,297.0852112915345,312.93541176470586,328.7856122378772,312.2793865119365,299.0880636803743,0,0,0,0,314.14182922355144,322.79367058823533,331.4455119529192,316.8127903390621,312.2611554798651,0,0,0,0,304.8348145611455,313.87696470588236,322.9191148506192,314.96382910160173,297.8832734084338,0,0,0,0,18.280377837528473,,,,,,,314.96382910160173,297.8832734084338,0,0,0,0,314.96382910160173,297.8832734084338,0,0,0,0,0
1681738200,318.17,319.2,316.04,317.14,61.22002883526579,48.97602306821264,91.83004325289869,,317.14,10,10,10,10,315.2277849784812,317.47698823529413,319.72619149210703,316.8127903390621,312.2611554798651,0,0,0,0,297.0852112915345,312.93541176470586,328.7856122378772,312.2793865119365,299.0880636803743,0,0,0,0,314.34599096688504,322.50256470588215,330.65913844487926,316.8127903390621,312.2611554798651,0,0,0,0,304.8348145611455,313.87696470588236,322.9191148506192,314.96382910160173,297.8832734084338,0,0,0,0,18.280377837528473,,,,,,,314.96382910160173,297.8832734084338,0,0,0,0,314.96382910160173,297.8832734084338,0,0,0,0,0
1681752600,317.12,318.84,316.43,318.77,61.22002883526579,48.97602306821264,91.83004325289869,,318.77,15,15,30,15,315.3194138067254,317.3201647058822,319.320915605039,316.8127903390621,312.2611554798651,0,0,0,0,298.3701589353222,314.5722823529409,330.77440577055955,312.2793865119365,299.0880636803743,0,0,0,0,314.658444552125,322.26385882352946,329.86927309493393,316.8127903390621,312.2611554798651,0,0,0,0,306.0160818639696,315.21717647058824,324.4182710772069,314.96382910160173,297.8832734084338,0,0,0,0,18.280377837528473,,,,,,,314.96382910160173,297.8832734084338,0,0,0,0,314.96382910160173,297.8832734084338,0,0,0,0,0
1681824600,321,321.42,317.965,318.38,59.44129641807055,47.553037134456446,89.16194462710583,,318.38,10,10,10,10,315.37450008741456,317.2071294117647,319.03975873611483,316.8127903390621,312.2611554798651,0,0,0,0,298.3701589353222,314.5722823529409,330.77440577055955,312.2793865119365,299.0880636803743,0,0,0,0,314.9087266538718,322.0420470588235,329.1753674637753,316.8127903390621,312.2611554798651,0,0,0,0,306.0160818639696,315.21717647058824,324.4182710772069,314.96382910160173,297.8832734084338,0,0,0,0,18.280377837528473,,,,,,,314.96382910160173,297.8832734084338,0,0,0,0,314.96382910160173,297.8832734084338,0,0,0,0,0
1681839000,318.37,319.12,317.64,318.82,59.44129641807055,47.553037134456446,89.16194462710583,,318.82,15,25,30,30,315.44043606589617,317.236211764706,319.03198746351586,316.8127903390621,312.5351102860306,0,0,0,0,298.3701589353222,314.5722823529409,330.77440577055955,312.53611019486647,299.0880636803743,0,0,0,0,315.21616393881413,321.7622588235297,328.30835370824525,316.8127903390621,312.5351102860306,0,0,0,0,306.92251128094154,316.32058823529417,325.7186651896468,314.96382910160173,297.8832734084338,0,0,0,0,18.38767219080812,,,,,,,314.96382910160173,297.8832734084338,0,0,0,0,314.96382910160173,297.8832734084338,0,0,0,0,0
1681911000,316.41,319.42,316.29,319.34,61.35681343153793,49.08545074523035,92.03522014730689,,319.34,10,10,10,10,315.49274758705167,317.2689882352943,319.0452288835369,316.8127903390621,312.5351102860306,0,0,0,0,298.3701589353222,314.5722823529409,330.77440577055955,312.53611019486647,299.0880636803743,0,0,0,0,315.4707335352388,321.6679764705882,327.8652194059376,316.8127903390621,312.5351102860306,0,0,0,0,306.92251128094154,316.32058823529417,325.7186651896468,314.96382910160173,297.8832734084338,0,0,0,0,18.38767219080812,,,,,,,314.96382910160173,297.8832734084338,0,0,0,0,314.96382910160173,297.8832734084338,0,0,0,0,0
1681925400,319.35,319.79,318.41,318.75,61.35681343153793,49.08545074523035,92.03522014730689,,318.75,15,10,15,30,315.78032532320145,317.56578823529406,319.3512511473867,316.9727892075919,312.5351102860306,0,0,0,0,299.8092270610653,316.3893176470588,332.9694082330523,312.53611019486647,299.0880636803743,0,0,0,0,315.67285119907933,321.5266117647059,327.3803723303324,316.9727892075919,312.5351102860306,0,0,0,0,307.7031225176734,317.2789176470588,326.85471277644416,315.3317283896992,297.8832734084338,0,0,0,0,18.410829287119366,,,,,,,315.3317283896992,297.8832734084338,0,0,0,0,315.3317283896992,297.8832734084338,0,0,0,0,0
1681997400,315.69,319.27,315.57,319.06,58.157842727630516,46.526274182104416,87.23676409144578,,319.06,10,10,10,10,316.26699135859985,317.9379529411769,319.6089145237539,316.9727892075919,312.5351102860306,0,0,0,0,299.8092270610653,316.3893176470588,332.9694082330523,312.53611019486647,299.0880636803743,0,0,0,0,315.91850553211174,321.3197882352941,326.72107093847643,316.9727892075919,312.5351102860306,0,0,0,0,307.7031225176734,317.2789176470588,326.85471277644416,315.3317283896992,297.8832734084338,0,0,0,0,18.410829287119366,,,,,,,315.3317283896992,297.8832734084338,0,0,0,0,315.3317283896992,297.8832734084338,0,0,0,0,0
1682011800,319.075,319.19,314.97,316.31,58.157842727630516,46.526274182104416,87.23676409144578,,316.31,-5,15,10,-5,315.99084282692326,317.6993411764708,317.6993411764708,316.9727892075919,312.5351102860306,0,0,0,0,299.8092270610653,316.3893176470588,332.9694082330523,312.53611019486647,299.0880636803743,0,0,0,0,315.9563524748848,320.94687058823524,320.94687058823524,316.9727892075919,312.5351102860306,0,0,0,0,308.5918355991529,318.264588235294,327.93734087143514,315.3317283896992,297.8832734084338,0,0,0,0,18.410829287119366,,,,,,,315.3317283896992,297.8832734084338,0,0,0,0,315.3317283896992,297.8832734084338,0,0,0,0,0
1682083800,315.9,316.81,314.1,316.25,56.93430420593065,45.547443364744524,85.40145630889597,,316.25,-10,10,-10,-10,316.0710739475451,317.7158823529417,317.7158823529417,316.9727892075919,312.5351102860306,0,0,0,0,299.8092270610653,316.3893176470588,332.9694082330523,312.53611019486647,299.0880636803743,0,0,0,0,315.93911161619985,320.7931294117647,320.7931294117647,316.9727892075919,312.5351102860306,0,0,0,0,308.5918355991529,318.264588235294,327.93734087143514,315.3317283896992,297.8832734084338,0,0,0,0,18.410829287119366,,,,,,,315.3317283896992,297.8832734084338,0,0,0,0,315.3317283896992,297.8832734084338,0,0,0,0,0
1682098200,316.25,317.4,315.84,316.6,56.93430420593065,45.547443364744524,85.40145630889597,,316.6,-5,25,-5,-5,316.1932038658464,317.77936470588276,317.77936470588276,316.9727892075919,312.5351102860306,0,0,0,0,300.9202055521836,317.7285647058822,334.53692385958084,312.53611019486647,299.0880636803743,0,0,0,0,315.94131049040897,320.69211764705915,325.44292480370933,316.9727892075919,312.5351102860306,0,0,0,0,309.2541014398855,319.0404235294116,328.8267456189377,315.3317283896992,299.94411102211717,0,0,0,0,18.27445695783687,,,,,,,315.3317283896992,299.94411102211717,0,0,0,0,315.3317283896992,299.94411102211717,0,0,0,0,0
1682343000,316.36,317.73,313.74,314.97,55.67196538567674,44.5375723085414,83.50794807851511,,314.97,-10,10,-10,-10,315.9224484400207,317.5404000000007,317.5404000000007,316.9727892075919,312.5351102860306,0,0,0,0,300.9202055521836,317.7285647058822,334.53692385958084,312.53611019486647,299.0880636803743,0,0,0,0,315.80899576796895,320.3996588235297,320.3996588235297,316.9727892075919,312.5351102860306,0,0,0,0,309.2541014398855,319.0404235294116,328.8267456189377,315.3317283896992,299.94411102211717,0,0,0,0,18.27445695783687,,,,,,,315.3317283896992,299.94411102211717,0,0,0,0,315.3317283896992,299.94411102211717,0,0,0,0,0
1682357400,314.99,316.16,314.91,315.94,55.67196538567674,44.5375723085414,83.50794807851511,,315.94,-5,10,-5,-5,315.6149670426755,317.19218823529457,317.19218823529457,316.9727892075919,312.5351102860306,0,0,0,0,300.9202055521836,317.7285647058822,334.53692385958084,312.53611019486647,299.0880636803743,0,0,0,0,315.7411488421422,320.1438117647059,320.1438117647059,316.9727892075919,312.5351102860306,0,0,0,0,309.7675181133934,319.62861176470557,329.4897054160177,315.3317283896992,299.94411102211717,0,0,0,0,18.27445695783687,,,,,,,315.3317283896992,299.94411102211717,0,0,0,0,315.3317283896992,299.94411102211717,0,0,0,0,0
1682429400,314.285,314.96,311.11,311.77,55.51209595891683,44.40967676713347,83.26814393837525,,311.77,-10,10,-10,-25,314.606128217401,316.3936235294119,316.3936235294119,315.2911996977136,312.5351102860306,0,0,0,0,300.9202055521836,317.7285647058822,334.53692385958084,312.53611019486647,299.0880636803743,0,0,0,0,315.3256236225688,319.5235882352941,319.5235882352941,315.2911996977136,312.5351102860306,0,0,0,0,309.7675181133934,319.62861176470557,329.4897054160177,315.3317283896992,299.94411102211717,0,0,0,0,18.27445695783687,,,,,,,315.3317283896992,299.94411102211717,0,0,0,0,315.3317283896992,299.94411102211717,0,0,0,0,0
1682443800,311.75,311.84,309.89,309.96,55.51209595891683,44.40967676713347,83.26814393837525,,309.96,-10,-5,-10,-35,313.1817543791863,315.3731058823534,315.3731058823534,312.985524229151,312.5351102860306,0,0,0,0,301.951158877178,318.90002352941195,335.8488881816459,312.53611019486647,299.0880636803743,0,0,0,0,314.7244501628094,318.78592941176464,318.78592941176464,312.985524229151,312.5351102860306,0,0,0,0,309.8144794336121,319.6412470588235,319.6412470588235,314.87333356902496,299.94411102211717,0,0,0,0,18.18142533124534,,,,,,,314.87333356902496,299.94411102211717,0,0,0,0,314.87333356902496,299.94411102211717,0,0,0,0,0
1682515800,313.44,314.93,312.14,313.45,57.111922319481245,45.689537855585,85.66788347922187,,313.45,-10,10,-10,-20,312.81465707482573,315.05475294117656,315.05475294117656,312.985524229151,312.5351102860306,0,0,0,0,301.951158877178,318.90002352941195,335.8488881816459,312.53611019486647,299.0880636803743,0,0,0,0,314.4512708254184,318.4161294117648,318.4161294117648,312.985524229151,312.5351102860306,0,0,0,0,309.8144794336121,319.6412470588235,319.6412470588235,314.87333356902496,299.94411102211717,0,0,0,0,18.18142533124534,,,,,,,314.87333356902496,299.94411102211717,0,0,0,0,314.87333356902496,299.94411102211717,0,0,0,0,0
1682530200,313.47,313.655,311.34,311.775,57.111922319481245,45.689537855585,85.66788347922187,,311.775,-5,-10,-5,-15,311.9393139548159,314.3466705882352,314.3466705882352,312.985524229151,312.5351102860306,0,0,0,0,301.951158877178,318.90002352941195,335.8488881816459,312.53611019486647,299.0880636803743,0,0,0,0,314.0392290263535,317.97438823529427,317.97438823529427,312.985524229151,312.5351102860306,0,0,0,0,310.11808360860107,319.9676470588236,319.9676470588236,314.87333356902496,299.94411102211717,0,0,0,0,18.18142533124534,,,,,,,314.87333356902496,299.94411102211717,0,0,0,0,314.87333356902496,299.94411102211717,0,0,0,0,0
1682602200,315.7,319.29,315.05,319.22,57.362707207566146,45.89016576605292,86.04406081134923,,319.22,-10,10,-10,5,312.374151826132,314.81452941176497,317.25490699739794,315.5790386779499,312.5351102860306,0,0,0,0,301.951158877178,318.90002352941195,335.8488881816459,312.53611019486647,299.0880636803743,0,0,0,0,314.20204288483916,318.1368823529411,322.071721821043,315.5790386779499,312.5351102860306,0,0,0,0,310.11808360860107,319.9676470588236,319.9676470588236,314.87333356902496,299.94411102211717,0,0,0,0,18.18142533124534,,,,,,,314.87333356902496,299.94411102211717,0,0,0,0,314.87333356902496,299.94411102211717,0,0,0,0,0
1682616600,319.24,320.86,319.24,320.41,57.362707207566146,45.89016576605292,86.04406081134923,,320.41,-5,10,-5,20,312.8632913498011,315.43497647058854,318.006661591376,318.14126294170165,312.5351102860306,0,0,0,0,303.48361883705087,320.80437647058835,338.12513410412583,312.53611019486647,299.0880636803743,0,0,0,0,314.3976056373305,318.1701529411766,321.94270024502265,318.14126294170165,312.5351102860306,0,0,0,0,310.99290098262003,321.0251529411762,331.0574048997324,315.9424208646157,299.94411102211717,0,0,0,0,18.248255737496752,,,,,,,315.9424208646157,299.94411102211717,0,0,0,0,315.9424208646157,299.94411102211717,0,0,0,0,0
1682688600,320.12,321.87,318.97,321.67,59.50802831627793,47.60642265302235,89.26204247441689,,321.67,10,10,10,20,313.38157284337876,316.0918000000003,318.8020271566219,318.14126294170165,312.5351102860306,0,0,0,0,303.48361883705087,320.80437647058835,338.12513410412583,312.53611019486647,299.0880636803743,0,0,0,0,314.66294606760914,318.48712941176495,322.31131275592077,318.14126294170165,312.5351102860306,0,0,0,0,310.99290098262003,321.0251529411762,331.0574048997324,315.9424208646157,299.94411102211717,0,0,0,0,18.248255737496752,,,,,,,315.9424208646157,299.94411102211717,0,0,0,0,315.9424208646157,299.94411102211717,0,0,0,0,0
1682703000,321.69,322.64,321.01,322.64,59.50802831627793,47.60642265302235,89.26204247441689,,322.64,15,30,30,55,313.9352135403912,316.8366705882356,319.73812763608004,319.4542516367644,313.9061052957245,0,0,0,0,303.48361883705087,320.80437647058835,338.12513410412583,313.9117261518261,299.0880636803743,0,0,0,0,314.9386903578576,318.7876588235297,322.6366272892018,319.4542516367644,313.9061052957245,0,1,0,0,312.05357255530794,322.3162588235293,332.5789450917507,317.85790370469414,299.94411102211717,0,0,0,0,18.942916675212707,,,,,,,317.85790370469414,299.94411102211717,0,0,0,0,317.85790370469414,299.94411102211717,0,0,0,0,0
1682947800,322.1,323.455,321.095,323.12,59.01988346639084,47.21590677311267,88.52982519958626,,323.12,10,10,10,20,314.35178888467823,317.3161294117648,320.28046993885135,319.4542516367644,313.9061052957245,0,0,0,0,303.48361883705087,320.80437647058835,338.12513410412583,313.9117261518261,299.0880636803743,0,0,0,0,315.218869266466,319.0668235294121,322.91477779235817,319.4542516367644,313.9061052957245,0,0,0,0,312.05357255530794,322.3162588235293,332.5789450917507,317.99948201150175,299.94411102211717,0,0,0,0,18.951766968167608,,,,,,,317.99948201150175,299.94411102211717,0,0,0,0,317.99948201150175,299.94411102211717,0,0,0,0,0
1682962200,323.1,323.63,321.745,322.2,59.01988346639084,47.21590677311267,88.52982519958626,,322.2,20,35,20,60,314.9829156512155,318.099517647059,321.21611964290247,319.8494131611211,316.21566920317275,0,0,0,0,304.7401120702984,322.35138823529405,339.9626644002897,316.2169599981242,299.0880636803743,0,0,0,0,315.45620857998324,319.3163176470588,323.1764267141343,319.8494131611211,316.21566920317275,0,0,0,0,312.8597956704272,323.31496470588206,333.7701337413369,318.73594758210874,299.94411102211717,0,0,0,0,19.96124740711166,,,,,,,318.73594758210874,299.94411102211717,0,0,0,0,318.73594758210874,299.94411102211717,0,0,0,0,0
1683034200,322.12,322.45,317.61,319.44,56.67141989962468,45.33713591969975,85.00712984943702,,319.44,0,20,0,15,315.3454611530482,318.4532823529412,321.5611035528342,319.8494131611211,316.21566920317275,0,0,0,0,304.7401120702984,322.35138823529405,339.9626644002897,316.2169599981242,299.0880636803743,0,0,0,0,315.51726708988264,319.24023529411795,322.96320349835327,319.8494131611211,316.21566920317275,0,0,0,0,312.8597956704272,323.31496470588206,333.7701337413369,318.73594758210874,299.94411102211717,0,0,0,0,19.96124740711166,,,,,,,318.73594758210874,299.94411102211717,0,0,0,0,318.73594758210874,299.94411102211717,0,0,0,0,0
1683048600,319.45,320.27,318.97,319.38,56.67141989962468,45.33713591969975,85.00712984943702,,319.38,5,20,5,20,315.59538641641586,318.7248117647058,321.85423711299575,319.8494131611211,316.21566920317275,0,0,0,0,304.7401120702984,322.35138823529405,339.9626644002897,316.2169599981242,299.0880636803743,0,0,0,0,315.5681292643837,319.12932941176484,322.690529559146,319.8494131611211,316.21566920317275,0,0,0,0,313.42585704639197,323.9654352941175,334.5050135418431,318.73594758210874,299.94411102211717,0,0,0,0,19.96124740711166,,,,,,,318.73594758210874,299.94411102211717,0,0,0,0,318.73594758210874,299.94411102211717,0,0,0,0,0
1683120600,319.75,320.79,319.22,320.44,57.87999175669589,46.303993405356714,86.81998763504383,,320.44,0,10,-10,-10,315.9854506183155,319.1474235294115,322.30939644050756,319.8494131611211,316.21566920317275,0,0,0,0,304.7401120702984,322.35138823529405,339.9626644002897,316.2169599981242,299.0880636803743,0,0,0,0,315.73211921434336,318.9672000000003,322.2022807856572,319.8494131611211,316.21566920317275,0,0,0,0,313.42585704639197,323.9654352941175,334.5050135418431,318.73594758210874,299.94411102211717,0,0,0,0,19.96124740711166,,,,,,,318.73594758210874,299.94411102211717,0,0,0,0,318.73594758210874,299.94411102211717,0,0,0,0,0
1683135000,320.45,322.45,317.18,317.36,57.87999175669589,46.303993405356714,86.81998763504383,,317.36,5,15,10,-5,315.9430233498075,319.10377647058823,319.10377647058823,319.8494131611211,316.21566920317275,0,0,0,0,305.7409193131854,323.50941176470593,341.2779042162265,316.2169599981242,299.0880636803743,0,0,0,0,315.68008310163964,318.57671764705873,318.57671764705873,319.8494131611211,316.21566920317275,0,0,0,0,313.7010627205511,324.12555294117624,334.5500431618014,318.73594758210874,299.94411102211717,0,0,0,0,19.96124740711166,,,,,,,318.73594758210874,299.94411102211717,0,0,0,0,318.73594758210874,299.94411102211717,0,0,0,0,0
1683207000,317.06,318.05,315.12,317.67,58.59650439126223,46.87720351300979,87.89475658689335,,317.67,-10,10,-10,-25,315.9567235398998,319.1137529411762,319.1137529411762,319.69321819940893,316.21566920317275,0,0,0,0,305.7409193131854,323.50941176470593,341.2779042162265,316.2169599981242,299.0880636803743,0,0,0,0,315.58965852154466,318.3829882352941,318.3829882352941,319.69321819940893,316.21566920317275,0,0,0,0,313.7010627205511,324.12555294117624,334.5500431618014,318.73594758210874,299.94411102211717,0,0,0,0,19.96124740711166,,,,,,,318.73594758210874,299.94411102211717,0,0,0,0,318.73594758210874,299.94411102211717,0,0,0,0,0
1683221400,317.68,318.225,316,316.23,58.59650439126223,46.87720351300979,87.89475658689335,,316.23,-10,-10,-10,-25,315.8472900384196,319.00657647058813,319.00657647058813,319.2702297318154,316.21566920317275,0,0,0,0,305.7409193131854,323.50941176470593,341.2779042162265,316.2169599981242,299.0880636803743,0,0,0,0,315.37720580023165,318.09577647058825,318.09577647058825,319.2702297318154,316.21566920317275,0,0,0,0,313.87631889222416,324.1527764705882,334.42923404895225,318.73594758210874,299.94411102211717,0,0,0,0,19.96124740711166,,,,,,,318.73594758210874,299.94411102211717,0,0,0,0,318.73594758210874,299.94411102211717,0,0,0,0,0
1683293400,318.47,322.05,318.1,322.04,58.23003295025458,46.584026360203666,87.34504942538187,,322.04,-10,10,-10,-10,316.4942761978792,319.759564705882,323.0248532138848,319.2702297318154,316.21566920317275,0,0,0,0,305.7409193131854,323.50941176470593,341.2779042162265,316.2169599981242,299.0880636803743,0,0,0,0,315.57210064896805,318.3316705882349,321.0912405275017,319.2702297318154,316.21566920317275,0,0,0,0,313.87631889222416,324.1527764705882,334.42923404895225,318.73594758210874,299.94411102211717,0,0,0,0,19.96124740711166,,,,,,,318.73594758210874,299.94411102211717,0,0,0,0,318.73594758210874,299.94411102211717,0,0,0,0,0
1683307800,322.05,323.77,322.03,322.92,58.23003295025458,46.584026360203666,87.34504942538187,,322.92,-5,25,-5,10,317.24462539594816,320.6758941176468,324.10716283934545,320.56469943850533,316.21566920317275,0,0,0,0,307.0279185093505,325.09277647058826,343.157634431826,316.2169599981242,299.0880636803743,0,0,0,0,315.81620739077005,318.6537058823528,321.4912043739356,320.56469943850533,316.21566920317275,0,0,0,0,314.44261115949433,324.7530117647058,335.0634123699172,318.92926550060196,301.44533042213163,0,0,0,0,19.529092793946205,,,,,,,318.92926550060196,301.44533042213163,0,0,0,0,318.92926550060196,301.44533042213163,0,0,0,0,0
1683552600,322.42,323.44,321.32,323.34,57.439271716231296,45.95141737298504,86.15890757434694,,323.34,-10,10,-10,-10,317.9638617934622,321.5244588235293,325.08505585359643,320.56469943850533,316.21566920317275,0,0,0,0,307.0279185093505,325.09277647058826,343.157634431826,316.2169599981242,299.0880636803743,0,0,0,0,316.1887570432285,319.12414117647046,322.0595253097124,320.56469943850533,316.21566920317275,0,0,0,0,314.44261115949433,324.7530117647058,335.0634123699172,318.92926550060196,301.44533042213163,0,0,0,0,19.529092793946205,,,,,,,318.92926550060196,301.44533042213163,0,0,0,0,318.92926550060196,301.44533042213163,0,0,0,0,0
1683567000,323.36,324.04,322.14,323.73,57.439271716231296,45.95141737298504,86.15890757434694,,323.73,-5,30,10,25,318.6790564757993,322.4021529411763,326.12524940655334,321.450552130965,316.5004783264667,0,0,0,0,307.0279185093505,325.09277647058826,343.157634431826,316.5083507868439,299.0880636803743,0,0,0,0,316.6725314991693,319.6902705882353,322.70800967730133,321.450552130965,316.5004783264667,0,0,0,0,314.9687225482145,325.1552235294113,335.34172451060806,319.19008096735575,301.44533042213163,0,0,0,0,19.089032967588867,,,,,,,319.19008096735575,301.44533042213163,0,0,0,0,319.19008096735575,301.44533042213163,0,0,0,0,0
1683639000,322,322.885,321.4,321.99,55.87479596355539,44.699836770844314,83.81219394533309,,321.99,-10,10,-10,-10,319.0109888068516,322.7643411764705,326.5176935460894,321.450552130965,316.5004783264667,0,0,0,0,307.0279185093505,325.09277647058826,343.157634431826,316.5083507868439,299.0880636803743,0,0,0,0,316.91509127739863,319.98303529411726,323.0509793108359,321.450552130965,316.5004783264667,0,0,0,0,314.9687225482145,325.1552235294113,335.34172451060806,319.19008096735575,301.44533042213163,0,0,0,0,19.089032967588867,,,,,,,319.19008096735575,301.44533042213163,0,0,0,0,319.19008096735575,301.44533042213163,0,0,0,0,0
1683653400,322,322.33,321.3,321.59,55.87479596355539,44.699836770844314,83.81219394533309,,321.59,20,25,10,10,319.2819710383254,323.0530235294115,326.8240760204976,321.450552130965,316.6800870174333,0,0,0,0,308.22287757627595,326.52849411764726,344.83411065901856,316.6584685877836,299.0880636803743,0,0,0,0,317.243393261415,320.3368352941175,323.43027732682003,321.450552130965,316.6800870174333,0,0,0,0,315.3611506630293,325.4069411764703,335.4527316899113,319.19008096735575,301.44533042213163,0,0,0,0,19.15177276698627,,,,,,,319.19008096735575,301.44533042213163,0,0,0,0,319.19008096735575,301.44533042213163,0,0,0,0,0
1683725400,324.11,325.72,321.72,321.86,55.778087604910766,44.62247008392862,83.66713140736616,,321.86,0,10,-10,-10,319.68745737410586,323.52829411764696,327.36913086118807,321.450552130965,316.6800870174333,0,0,0,0,308.22287757627595,326.52849411764726,344.83411065901856,316.6584685877836,299.0880636803743,0,0,0,0,317.54822956286034,320.6802588235295,323.8122880841987,321.450552130965,316.6800870174333,0,0,0,0,315.3611506630293,325.4069411764703,335.4527316899113,319.19008096735575,301.44533042213163,0,0,0,0,19.15177276698627,,,,,,,319.19008096735575,301.44533042213163,0,0,0,0,319.19008096735575,301.44533042213163,0,0,0,0,0
1683739800,321.88,326.01,321.61,325.16,55.778087604910766,44.62247008392862,83.66713140736616,,325.16,5,25,10,25,320.229595184669,324.1720117647056,328.1144283447422,322.91776344561475,316.976509373331,0,0,0,0,308.22287757627595,326.52849411764726,344.83411065901856,316.98429226008477,299.0880636803743,0,0,0,0,317.98206586986896,321.26109411764713,324.5401223654253,322.91776344561475,316.976509373331,0,1,0,0,315.90550041254727,325.8500470588233,335.7945937050993,319.19008096735575,301.44533042213163,0,0,0,0,19.28794656990062,,,,,,,319.19008096735575,301.44533042213163,0,0,0,0,319.19008096735575,301.44533042213163,0,0,0,0,0
1683811800,325.68,326.49,324.12,325.79,55.72576659634836,44.58061327707869,83.58864989452253,,325.79,0,10,-10,5,320.8031103810513,324.8735647058824,328.94401903071355,323.5461327668822,316.976509373331,0,0,0,0,308.22287757627595,326.52849411764726,344.83411065901856,316.98429226008477,299.0880636803743,0,0,0,0,318.30054248364553,321.70468235294106,325.1088222222366,323.5461327668822,316.976509373331,0,0,0,0,315.90550041254727,325.8500470588233,335.7945937050993,321.1853652544558,301.44533042213163,0,0,0,0,19.412053917427738,,,,,,,321.1853652544558,301.44533042213163,0,0,0,0,321.1853652544558,301.44533042213163,0,0,0,0,0
1683826200,325.78,326.75,324.905,326.2,55.72576659634836,44.58061327707869,83.58864989452253,,326.2,20,40,50,50,321.29706303184474,325.28344705882336,329.26983108580197,323.96658896736267,319.6389015609502,0,0,0,0,309.35406175099973,327.74522352941165,346.13638530782356,319.63684281293587,299.0880636803743,0,0,0,0,318.6473122131589,322.1947411764703,325.7421701397817,323.96658896736267,319.6389015609502,0,0,0,0,316.46977147873565,326.2067529411764,335.9437344036171,322.0481963077089,301.44533042213163,0,0,0,0,20.57432160003714,,,,,,,322.0481963077089,301.44533042213163,0,0,0,0,322.0481963077089,301.44533042213163,0,0,0,0,0
1683898200,326.74,327.18,323.13,323.99,54.444372807215814,43.555498245772654,81.66655921082372,,323.99,-10,20,15,15,321.57280818680755,325.0758235294116,328.57883887201564,323.96658896736267,319.6389015609502,0,0,0,0,309.35406175099973,327.74522352941165,346.13638530782356,319.63684281293587,299.0880636803743,0,0,0,0,318.93747695314175,322.55604705882325,326.17461716450475,323.96658896736267,319.6389015609502,0,0,0,0,316.46977147873565,326.2067529411764,335.9437344036171,322.0481963077089,301.44533042213163,0,0,0,0,20.57432160003714,,,,,,,322.0481963077089,301.44533042213163,0,0,0,0,322.0481963077089,301.44533042213163,0,0,0,0,0
1683912600,323.98,325.14,322.95,325.04,54.444372807215814,43.555498245772654,81.66655921082372,,325.04,-5,50,20,20,321.802147009281,325.0618941176473,328.3216412260136,323.96658896736267,319.6389015609502,0,0,0,0,309.35406175099973,327.74522352941165,346.13638530782356,319.63684281293587,299.0880636803743,0,0,0,0,319.2876943447691,323.00648235294085,326.7252703611126,323.96658896736267,319.6389015609502,0,0,0,0,316.9427647000612,326.486658823529,336.0305529469968,322.0481963077089,308.20352110626504,0,0,0,0,20.135077003388574,,,,,,,322.0481963077089,308.20352110626504,0,0,0,0,322.0481963077089,308.20352110626504,0,0,0,0,0
1684157400,325.52,327.03,323.96,326.23,54.32179664283862,43.4574373142709,81.48269496425793,,326.23,-10,35,15,15,322.2444063348885,325.0145411764702,327.78467601805187,323.96658896736267,319.6389015609502,0,0,0,0,309.35406175099973,327.74522352941165,346.13638530782356,319.63684281293587,299.0880636803743,0,0,0,0,319.6524001832785,323.49698823529457,327.34157628731066,323.96658896736267,319.6389015609502,0,0,0,0,316.9427647000612,326.486658823529,336.0305529469968,322.0481963077089,308.20352110626504,0,0,0,0,20.135077003388574,,,,,,,322.0481963077089,308.20352110626504,0,0,0,0,322.0481963077089,308.20352110626504,0,0,0,0,0
1684171800,326.22,326.9,325.575,326.86,54.32179664283862,43.4574373142709,81.48269496425793,,326.86,10,35,20,35,322.64888986173514,325.49303529411725,328.33718072649935,324.81087457950525,319.6389015609502,0,0,0,0,310.4084374257391,328.69712941176476,346.9858213977904,319.63684281293587,299.0880636803743,0,0,0,0,320.0564885003501,324.0439647058821,328.0314409114141,324.81087457950525,319.6389015609502,0,0,0,0,317.50734466771644,327.07209411764677,336.6368435675771,322.7862994519074,308.20352110626504,0,0,0,0,20.106910745109452,,,,,,,322.7862994519074,308.20352110626504,0,0,0,0,322.7862994519074,308.20352110626504,0,0,0,0,0
1684243800,326.06,328.9,326.02,328.26,54.808288845132466,43.84663107610598,82.2124332676987,,328.26,10,35,10,25,323.2346683698654,326.3036941176468,329.37271986542817,325.9428969588591,319.6389015609502,0,0,0,0,310.4084374257391,328.69712941176476,346.9858213977904,319.63684281293587,299.0880636803743,0,0,0,0,320.4645918155755,324.6194117647056,328.7742317138357,325.9428969588591,319.6389015609502,0,0,0,0,317.50734466771644,327.07209411764677,336.6368435675771,323.2247780624854,308.20352110626504,0,0,0,0,20.133586215651867,,,,,,,323.2247780624854,308.20352110626504,0,0,0,0,323.2247780624854,308.20352110626504,0,0,0,0,0
1684258200,328.3,328.765,327.13,327.13,54.808288845132466,43.84663107610598,82.2124332676987,,327.13,-5,55,25,25,323.75879664340306,326.9761176470586,330.1934386507141,326.1323328903691,321.7621453095508,0,0,0,0,310.4084374257391,328.69712941176476,346.9858213977904,321.76067553207724,299.0880636803743,0,0,0,0,320.8041164590513,325.0545058823525,329.3048953056537,326.1323328903691,321.7621453095508,0,0,0,0,318.06111157840274,327.63607058823516,337.21102959806757,324.4176510580222,308.20352110626504,0,0,0,0,21.056140964879123,,,,,,,324.4176510580222,308.20352110626504,0,0,0,0,324.4176510580222,308.20352110626504,0,0,0,0,0
1684330200,328.24,331.21,327.04,331.12,54.54786992291322,43.63829593833058,81.82180488436984,,331.12,10,10,10,35,324.50339290414263,328.01004705882343,331.51670121350423,326.6417548688561,321.7621453095508,0,0,0,0,310.4084374257391,328.69712941176476,346.9858213977904,321.76067553207724,299.0880636803743,0,0,0,0,321.2865872396924,325.7899999999996,330.29341276030686,326.6417548688561,321.7621453095508,0,0,0,0,318.06111157840274,327.63607058823516,337.21102959806757,324.4176510580222,308.20352110626504,0,0,0,0,21.056140964879123,,,,,,,324.4176510580222,308.20352110626504,0,0,0,0,324.4176510580222,308.20352110626504,0,0,0,0,0
1684344600,331.11,331.7,330.52,331.17,54.54786992291322,43.63829593833058,81.82180488436984,,331.17,40,35,40,80,325.3305878012654,329.16061176470555,332.9906357281457,329.16937026957487,322.7527063588687,0,0,0,0,311.59780529882875,329.7393411764706,347.88087705411243,322.75205585121466,299.0880636803743,0,0,0,0,321.7187485339804,326.36558823529407,331.01242793660776,329.16937026957487,322.7527063588687,0,0,0,0,318.74327253732116,328.29647058823485,337.84966863914855,327.82042361635587,308.20352110626504,0,0,0,0,21.595783818565522,,,,,,,327.82042361635587,308.20352110626504,0,0,0,0,327.82042361635587,308.20352110626504,0,0,0,0,0
1684416600,331.52,336.39,331.51,335.03,55.28914003266273,44.23131202613018,82.9337100489941,,335.03,20,20,20,60,326.407093636724,330.8758352941175,335.344576951511,332.5925947732559,322.7527063588687,0,0,0,0,311.59780529882875,329.7393411764706,347.88087705411243,322.75205585121466,299.0880636803743,0,0,0,0,322.34095496564674,327.4010117647059,332.4610685637651,332.5925947732559,322.7527063588687,0,0,0,0,318.74327253732116,328.29647058823485,337.84966863914855,328.6303933580447,308.20352110626504,0,0,0,0,21.645059480965983,,,,,,,328.6303933580447,308.20352110626504,0,0,0,0,328.6303933580447,308.20352110626504,0,0,0,0,0
1684431000,335.04,337.49,334,337.23,55.28914003266273,44.23131202613018,82.9337100489941,,337.23,25,35,40,80,327.4117042784546,332.40037647058824,337.3890486627219,334.2271863095931,327.06394161894946,0,0,0,0,311.59780529882875,329.7393411764706,347.88087705411243,327.0769090046993,299.0880636803743,0,0,0,0,323.0623957842565,328.61382352941166,334.1652512745668,334.2271863095931,327.06394161894946,0,0,0,0,319.63218516481874,329.41176470588215,339.19134424694556,331.0767938324701,308.20352110626504,0,0,0,0,22.936246768764846,,,,,,,331.0767938324701,308.20352110626504,0,0,0,0,331.0767938324701,308.20352110626504,0,0,0,0,0
1684503000,337.49,338.2,335.59,336.72,54.107278279975354,43.28582262398029,81.16091741996303,,336.72,20,20,20,60,328.41049163767696,333.7987764705881,339.18706130349926,334.52953014462213,327.06394161894946,0,0,0,0,311.59780529882875,329.7393411764706,347.88087705411243,327.0769090046993,299.0880636803743,0,0,0,0,323.7072200243798,329.6227529411762,335.5382858579726,334.52953014462213,327.06394161894946,0,0,0,0,319.63218516481874,329.41176470588215,339.19134424694556,332.6891657015794,308.20352110626504,0,0,0,0,23.034337706977634,,,,,,,332.6891657015794,308.20352110626504,0,0,0,0,332.6891657015794,308.20352110626504,0,0,0,0,0
1684517400,336.73,336.79,335.43,336.46,54.107278279975354,43.28582262398029,81.16091741996303,,336.46,55,80,80,55,329.3459568076694,335.01816470588267,340.69037260409596,334.52953014462213,331.11258864616735,0,0,0,0,312.96986074368556,330.9214352941176,348.87300984454964,331.11570121864935,300.0589679714893,0,0,0,0,324.4039729143753,330.6580352941175,336.9120976738597,334.52953014462213,331.11258864616735,0,0,0,0,320.4811007319752,330.16882352941155,339.85654632684793,332.6891657015794,310.7675553129604,0,0,0,0,24.10753314009539,,,,,,,332.6891657015794,310.7675553129604,0,0,0,0,332.6891657015794,310.7675553129604,0,0,0,0,0
1684762200,336.26,338.66,336.25,337.63,53.96666338567691,43.17333070854153,80.94999507851537,,337.63,20,45,45,50,330.27321491059683,336.12407058823527,341.9749262658737,335.0889855528708,331.11258864616735,0,0,0,0,312.96986074368556,330.9214352941176,348.87300984454964,331.11570121864935,300.0589679714893,0,0,0,0,325.09591979464506,331.68449411764703,338.273068440649,335.0889855528708,331.11258864616735,0,0,0,0,320.4811007319752,330.16882352941155,339.85654632684793,333.4864234875863,310.7675553129604,0,0,0,0,24.155635276988598,,,,,,,333.4864234875863,310.7675553129604,0,0,0,0,333.4864234875863,310.7675553129604,0,0,0,0,0
1684776600,337.64,338.56,337.15,337.65,53.96666338567691,43.17333070854153,80.94999507851537,,337.65,25,60,65,70,331.1106726896022,336.9910352941176,342.87139789863295,335.69905801338,332.0574037428697,0,0,0,0,312.96986074368556,330.9214352941176,348.87300984454964,332.0717225601744,300.0589679714893,0,0,0,0,325.82344707974727,332.72949411764705,339.63554115554683,335.69905801338,332.0574037428697,0,0,0,0,321.4133438620026,330.7460470588234,340.07875025564425,334.4831075241873,310.7675553129604,0,0,0,0,24.614033636659954,,,,,,,334.4831075241873,310.7675553129604,0,0,0,0,334.4831075241873,310.7675553129604,0,0,0,0,0
1684848600,335.89,337.06,334.575,334.86,54.17258156041403,43.338065248331226,81.25887234062105,,334.86,20,45,45,35,331.6930763753435,337.3197176470587,342.94635891877397,335.69905801338,332.0574037428697,0,0,0,0,312.96986074368556,330.9214352941176,348.87300984454964,332.0717225601744,300.0589679714893,0,0,0,0,326.416038894212,333.4978352941177,340.57963169402336,335.69905801338,332.0574037428697,0,0,0,0,321.4133438620026,330.7460470588234,340.07875025564425,334.4831075241873,310.7675553129604,0,0,0,0,24.614033636659954,,,,,,,334.4831075241873,310.7675553129604,0,0,0,0,334.4831075241873,310.7675553129604,0,0,0,0,0
1684863000,334.82,334.98,333,333.32,54.17258156041403,43.338065248331226,81.25887234062105,,333.32,35,45,45,35,332.01109108590896,337.5570352941177,343.1029795023265,335.69905801338,332.0574037428697,0,0,0,0,314.14285941686546,331.80174117647067,349.4606229360759,332.0717225601744,300.0589679714893,0,0,0,0,326.92707995260633,334.12542352941193,341.32376710621753,335.69905801338,332.0574037428697,0,0,0,0,322.1384847127969,330.96103529411766,339.7835858754384,334.4831075241873,310.7675553129604,0,0,0,0,24.081456535536226,,,,,,,334.4831075241873,310.7675553129604,0,0,0,0,334.4831075241873,310.7675553129604,0,0,0,0,0
1684935000,331.37,332.19,329.56,330.44,54.923966765763744,43.939173412611,82.38595014864562,,330.44,-10,10,-10,-25,331.9187852984073,337.3472941176474,337.3472941176474,332.67976709714003,332.0574037428697,0,0,0,0,314.14285941686546,331.80174117647067,349.4606229360759,332.0717225601744,300.0589679714893,0,0,0,0,327.2736521903723,334.51607058823555,341.7584889860988,332.67976709714003,332.0574037428697,0,0,0,0,322.1384847127969,330.96103529411766,339.7835858754384,334.4831075241873,310.7675553129604,0,0,0,0,24.081456535536226,,,,,,,334.4831075241873,310.7675553129604,0,0,0,0,334.4831075241873,310.7675553129604,0,0,0,0,0
1684949400,330.44,332.9,330.4,331.65,54.923966765763744,43.939173412611,82.38595014864562,,331.65,10,15,50,10,331.95629082411386,337.2471294117651,337.2471294117651,332.67976709714003,332.0574037428697,0,0,0,0,314.14285941686546,331.80174117647067,349.4606229360759,332.0717225601744,300.0589679714893,0,0,0,0,327.6551712661456,334.9509529411763,342.246734616207,332.67976709714003,332.0574037428697,0,0,0,0,322.6807519203045,331.2100470588234,339.73934219734235,334.4831075241873,310.7675553129604,0,0,0,0,23.832855762170812,,,,,,,334.4831075241873,310.7675553129604,0,0,0,0,334.4831075241873,310.7675553129604,0,0,0,0,0
1685021400,339.16,340.33,336.671,340.01,53.104099633442054,42.48327970675365,79.65614945016308,,340.01,10,10,35,25,332.8071701649075,338.31103529411786,343.8149004233282,336.1515276691635,332.0574037428697,0,0,0,0,314.14285941686546,331.80174117647067,349.4606229360759,332.0717225601744,300.0589679714893,0,0,0,0,328.4119193754099,336.0170117647057,343.62210415400153,336.1515276691635,332.0574037428697,0,0,0,0,322.6807519203045,331.2100470588234,339.73934219734235,334.4831075241873,310.7675553129604,0,0,0,0,23.832855762170812,,,,,,,334.4831075241873,310.7675553129604,0,0,0,0,334.4831075241873,310.7675553129604,0,0,0,0,0
1685035800,340,341.01,338.85,339.75,53.104099633442054,42.48327970675365,79.65614945016308,,339.75,15,25,55,45,333.5852770819523,339.1543764705885,344.72347585922466,337.5057304902481,332.10979446905424,0,0,0,0,315.5368690877565,333.01202352941164,350.4871779710668,332.121289527953,300.0589679714893,0,0,0,0,329.0826585201196,336.9035882352941,344.72451795046857,337.5057304902481,332.10979446905424,0,0,0,0,323.50439127892196,332.06741176470626,340.63043225049057,335.78460262368293,310.7675553129604,0,0,0,0,22.84751967307233,,,,,,,335.78460262368293,310.7675553129604,0,0,0,0,335.78460262368293,310.7675553129604,0,0,0,0,0
1685107800,340.76,348.44,340.67,348.06,53.412006811536656,42.729605449229325,80.11801021730498,,348.06,10,10,35,35,334.7841739550085,340.87336470588235,346.9625554567562,343.8244563921017,332.10979446905424,0,0,0,0,315.5368690877565,333.01202352941164,350.4871779710668,332.121289527953,300.0589679714893,0,0,0,0,329.99746442650377,338.37785882352944,346.7582532205551,343.8244563921017,332.10979446905424,0,0,0,0,323.50439127892196,332.06741176470626,340.63043225049057,337.20284529341984,310.7675553129604,0,0,0,0,22.93308861230985,,,,,,,337.20284529341984,310.7675553129604,0,0,0,0,337.20284529341984,310.7675553129604,0,0,0,0,0
1685122200,348.06,349.24,347.45,348.39,53.412006811536656,42.729605449229325,80.11801021730498,,348.39,15,65,65,80,336.06057841461273,342.6814823529414,349.30238629127,345.91325576665906,335.74980914983604,0,0,0,0,315.5368690877565,333.01202352941164,350.4871779710668,335.76741170452783,300.0589679714893,0,0,0,0,330.93360771051994,339.8169058823529,348.70020405418586,345.91325576665906,335.74980914983604,0,0,0,0,324.5272712207179,333.8179764705881,343.1086817204583,344.10264205817555,315.90380136203464,0,0,0,0,23.786637015972964,,,,,,,344.10264205817555,315.90380136203464,0,0,0,0,344.10264205817555,315.90380136203464,0,0,0,0,0
1685453400,352.71,353.93,349.61,349.74,55.980343752357115,44.784275001885696,83.97051562853568,,349.74,10,35,20,60,337.47264701808274,344.7496705882351,352.0266941583875,347.5408803547549,335.74980914983604,0,0,0,0,315.5368690877565,333.01202352941164,350.4871779710668,335.76741170452783,300.0589679714893,0,0,0,0,331.8779512014464,341.22077647058853,350.56360173973064,347.5408803547549,335.74980914983604,0,0,0,0,324.5272712207179,333.8179764705881,343.1086817204583,346.10602476830593,315.90380136203464,0,0,0,0,23.905544815287147,,,,,,,346.10602476830593,315.90380136203464,0,0,0,0,346.10602476830593,315.90380136203464,0,0,0,0,0
1685467800,349.73,351.11,348.54,349.95,55.980343752357115,44.784275001885696,83.97051562853568,,349.95,45,65,85,60,338.8231056342694,346.56350588235296,354.30390613043653,347.5408803547549,343.5755370677049,0,0,0,0,317.24503870431704,334.8245647058826,352.4040907074482,343.59188229706155,300.0589679714893,0,0,0,0,332.8333282456001,342.5979411764707,352.36255410734134,347.5408803547549,343.5755370677049,0,0,0,0,325.59388918360924,335.5353647058824,345.47684022815554,346.10602476830593,315.90380136203464,0,0,0,0,26.926141831865753,,,,,,,346.10602476830593,315.90380136203464,0,0,0,0,346.10602476830593,315.90380136203464,0,0,0,0,0
1685539800,348.37,350.5,346.53,348.13,55.89307034508447,44.71445627606758,83.8396055176267,,348.13,25,45,50,40,339.86795650231466,347.77614117647033,355.684325850626,347.5408803547549,343.5755370677049,0,0,0,0,317.24503870431704,334.8245647058826,352.4040907074482,343.59188229706155,300.0589679714893,0,0,0,0,333.657995328867,343.5869647058823,353.51593408289756,347.5408803547549,343.5755370677049,0,0,0,0,325.59388918360924,335.5353647058824,345.47684022815554,346.10602476830593,315.90380136203464,0,0,0,0,26.926141831865753,,,,,,,346.10602476830593,315.90380136203464,0,0,0,0,346.10602476830593,315.90380136203464,0,0,0,0,0
1685554200,348.14,349.23,347.47,347.67,55.89307034508447,44.71445627606758,83.8396055176267,,347.67,30,45,55,45,340.79228972078494,348.67976470588246,356.56723969098,347.5408803547549,343.5755370677049,0,0,0,0,317.24503870431704,334.8245647058826,352.4040907074482,343.59188229706155,300.0589679714893,0,0,0,0,334.42681307874426,344.38231764705887,354.3378222153735,347.5408803547549,343.5755370677049,0,0,0,0,326.62517957703835,337.0176470588237,347.410114540609,346.10602476830593,315.90380136203464,0,0,0,0,26.926141831865753,,,,,,,346.10602476830593,315.90380136203464,0,0,0,0,346.10602476830593,315.90380136203464,0,0,0,0,0
1685626200,347.76,352.01,346.66,351.52,54.91199475786789,43.929595806294316,82.36799213680183,,351.52,25,20,50,40,341.8749881602911,349.8133176470584,357.7516471338257,347.5408803547549,343.5755370677049,0,0,0,0,317.24503870431704,334.8245647058826,352.4040907074482,343.59188229706155,300.0589679714893,0,0,0,0,335.32554896707114,345.52748235294115,355.72941573881116,347.5408803547549,343.5755370677049,0,0,0,0,326.62517957703835,337.0176470588237,347.410114540609,346.10602476830593,315.90380136203464,0,0,0,0,26.926141831865753,,,,,,,346.10602476830593,315.90380136203464,0,0,0,0,346.10602476830593,315.90380136203464,0,0,0,0,0
1685640600,351.55,353.365,351.08,352.05,54.91199475786789,43.929595806294316,82.36799213680183,,352.05,45,20,55,60,343.00267681690895,351.04541176470593,359.0881467125029,348.9462429056575,343.5755370677049,0,0,0,0,318.95516006709414,336.7189176470588,354.48267522702344,343.59188229706155,300.0589679714893,0,0,0,0,336.2058906993031,346.55722352941166,356.9085563595202,348.9462429056575,343.5755370677049,0,0,0,0,327.8112350282254,338.888,349.96476497177457,347.6710102455424,315.90380136203464,0,0,0,0,27.01902921584679,,,,,,,347.6710102455424,315.90380136203464,0,0,0,0,347.6710102455424,315.90380136203464,0,0,0,0,0
1685712600,353.765,355.825,352.01,355.16,54.111679058540844,43.28934324683268,81.16751858781126,,355.16,25,10,15,40,344.2782742781195,352.5281411764706,360.77800807482174,351.7205450669569,343.5755370677049,0,0,0,0,318.95516006709414,336.7189176470588,354.48267522702344,343.59188229706155,300.0589679714893,0,0,0,0,337.2434567690038,348.03148235294157,358.81950793687935,351.7205450669569,343.5755370677049,0,0,0,0,327.8112350282254,338.888,349.96476497177457,348.57200951371794,315.90380136203464,0,0,0,0,27.072506686537086,,,,,,,348.57200951371794,315.90380136203464,0,0,0,0,348.57200951371794,315.90380136203464,0,0,0,0,0
1685727000,355.17,355.21,354.05,354.69,54.111679058540844,43.28934324683268,81.16751858781126,,354.69,60,70,75,85,345.442930306948,353.82468235294124,362.20643439893445,352.2076638587537,347.0740360560305,0,0,0,0,318.95516006709414,336.7189176470588,354.48267522702344,347.0865325825963,307.9458274020972,0,0,0,0,338.2645925721642,349.4322823529415,360.59997213371884,352.2076638587537,347.0740360560305,0,0,0,0,329.0123106733514,340.6964941176471,352.3806775619428,350.77472311988095,333.16352983617503,0,0,0,0,23.864950242929968,,,,,,,350.77472311988095,333.16352983617503,0,0,0,0,350.77472311988095,333.16352983617503,0,0,0,0,0
1685971800,354.5,357.495,354.44,356.47,54.715992581084436,43.772794064867554,82.07398887162665,,356.47,40,35,40,65,346.6686820997101,355.14392941176453,363.61917672381895,354.1845928169866,347.0740360560305,0,0,0,0,318.95516006709414,336.7189176470588,354.48267522702344,347.0865325825963,307.9458274020972,0,0,0,0,339.35078991967896,350.94103529411774,362.5312806685565,354.1845928169866,347.0740360560305,0,0,0,0,329.0123106733514,340.6964941176471,352.3806775619428,351.1804571827466,333.16352983617503,0,0,0,0,23.887784415933453,,,,,,,351.1804571827466,333.16352983617503,0,0,0,0,351.1804571827466,333.16352983617503,0,0,0,0,0
1685986200,356.49,356.64,353.85,354.88,54.715992581084436,43.772794064867554,82.07398887162665,,354.88,70,40,60,70,347.6424297944101,356.08181176470583,364.5211937350016,354.1845928169866,349.00624776631406,0,0,0,0,320.69491013265014,338.8030823529414,356.9112545732326,349.0178516838394,307.9458274020972,0,0,0,0,340.3677723876358,352.283247058824,364.19872173001215,354.1845928169866,349.00624776631406,0,0,0,0,330.2592971523603,342.5554117647057,354.8515263770511,351.1804571827466,333.16352983617503,0,0,0,0,23.760385462769054,,,,,,,351.1804571827466,333.16352983617503,0,0,0,0,351.1804571827466,333.16352983617503,0,0,0,0,0
1686058200,354.29,355.82,352.93,354.57,51.90368108709351,41.52294486967481,77.85552163064027,,354.57,25,35,25,25,348.47128164120005,356.8149411764707,365.15860071174137,354.1845928169866,349.00624776631406,0,0,0,0,320.69491013265014,338.8030823529414,356.9112545732326,349.0178516838394,307.9458274020972,0,0,0,0,341.3487599775735,353.54472941176493,365.7406988459564,354.1845928169866,349.00624776631406,0,0,0,0,330.2592971523603,342.5554117647057,354.8515263770511,351.1804571827466,333.16352983617503,0,0,0,0,23.760385462769054,,,,,,,351.1804571827466,333.16352983617503,0,0,0,0,351.1804571827466,333.16352983617503,0,0,0,0,0
1686072600,354.56,355.33,353.79,354.86,51.90368108709351,41.52294486967481,77.85552163064027,,354.86,40,35,40,40,349.3449611744848,357.7466823529411,366.1484035313974,354.1845928169866,349.00624776631406,0,0,0,0,320.69491013265014,338.8030823529414,356.9112545732326,349.0178516838394,307.9458274020972,0,0,0,0,342.28748459109465,354.7179294117651,367.1483742324356,354.1845928169866,349.00624776631406,0,0,0,0,331.50918895703387,344.3490352941174,357.18888163120096,351.1804571827466,333.16352983617503,0,0,0,0,21.804652233373332,,,,,,,351.1804571827466,333.16352983617503,0,0,0,0,351.1804571827466,333.16352983617503,0,0,0,0,0
1686144600,355.13,357.12,349.3,349.8,54.95702219560083,43.96561775648067,82.43553329340125,,349.8,20,10,10,10,349.71212878674885,358.0328235294114,358.0328235294114,354.1845928169866,349.00624776631406,0,0,0,0,320.69491013265014,338.8030823529414,356.9112545732326,349.0178516838394,307.9458274020972,0,0,0,0,342.8864163086739,355.3109882352944,367.7355601619149,354.1845928169866,349.00624776631406,0,0,0,0,331.50918895703387,344.3490352941174,357.18888163120096,351.1804571827466,333.16352983617503,0,0,0,0,21.804652233373332,,,,,,,351.1804571827466,333.16352983617503,0,0,0,0,351.1804571827466,333.16352983617503,0,0,0,0,0
1686159000,349.81,350.69,348.18,348.78,54.95702219560083,43.96561775648067,82.43553329340125,,348.78,25,15,30,0,349.7077236118746,357.85254117647054,357.85254117647054,351.84755809164767,349.00624776631406,0,0,0,0,322.185145479728,340.4708470588234,358.75654863791874,349.0178516838394,307.9458274020972,0,0,0,0,343.3861092272923,355.751011764706,368.1159143021197,351.84755809164767,349.00624776631406,0,0,0,0,332.4695753877126,345.48661176470586,358.5036481416991,351.1804571827466,333.16352983617503,0,0,0,0,21.804652233373332,,,,,,,351.1804571827466,333.16352983617503,0,0,0,0,351.1804571827466,333.16352983617503,0,0,0,0,0
1686231000,349.09,353.62,348.89,352.09,53.15085282363256,42.52068225890605,79.72627923544884,,352.09,10,10,10,10,350.05499821726465,358.0442823529413,366.03356648861796,351.84755809164767,349.00624776631406,0,0,0,0,322.185145479728,340.4708470588234,358.75654863791874,349.0178516838394,307.9458274020972,0,0,0,0,344.04016575224523,356.42127058823536,368.8023754242255,351.84755809164767,349.00624776631406,0,0,0,0,332.4695753877126,345.48661176470586,358.5036481416991,351.1804571827466,333.16352983617503,0,0,0,0,21.804652233373332,,,,,,,351.1804571827466,333.16352983617503,0,0,0,0,351.1804571827466,333.16352983617503,0,0,0,0,0
1686245400,352.09,353.43,351.13,353.06,53.15085282363256,42.52068225890605,79.72627923544884,,353.06,15,10,15,15,350.4110891867725,358.27880000000016,366.14651081322785,351.84755809164767,349.00624776631406,0,0,0,0,322.185145479728,340.4708470588234,358.75654863791874,349.0178516838394,307.9458274020972,0,0,0,0,344.66975751846866,356.9691764705881,369.2685954227075,351.84755809164767,349.00624776631406,0,0,0,0,333.54916690811905,346.8005411764707,360.0519154448223,351.1804571827466,333.16352983617503,0,0,0,0,21.804652233373332,,,,,,,351.1804571827466,333.16352983617503,0,0,0,0,351.1804571827466,333.16352983617503,0,0,0,0,0
1686317400,354.62,357.66,353.04,355.16,53.47429785991767,42.77943828793414,80.2114467898765,,355.16,10,10,10,25,350.896884755865,358.6462588235296,366.39563289119417,351.9655544071627,349.00624776631406,0,0,0,0,322.185145479728,340.4708470588234,358.75654863791874,349.0178516838394,307.9458274020972,0,0,0,0,345.36648121747,357.6085411764707,369.8506011354714,351.9655544071627,349.00624776631406,0,0,0,0,333.54916690811905,346.8005411764707,360.0519154448223,351.1804571827466,333.16352983617503,0,0,0,0,21.804652233373332,,,,,,,351.1804571827466,333.16352983617503,0,0,0,0,351.1804571827466,333.16352983617503,0,0,0,0,0
1686331800,355.185,355.91,354.06,354.51,53.47429785991767,42.77943828793414,80.2114467898765,,354.51,15,25,15,15,351.23540408914016,358.6801647058826,366.124925322625,351.9655544071627,349.00624776631406,0,0,0,0,323.83676600055696,342.5150823529412,361.1933987053254,349.0178516838394,307.9458274020972,0,0,0,0,345.98222419225584,358.0516235294124,370.1210228665689,351.9655544071627,349.00624776631406,0,0,0,0,334.7141886170656,348.3349882352941,361.95578785352257,351.1804571827466,335.10970627644826,0,0,0,0,23.038268668728605,,,,,,,351.1804571827466,335.10970627644826,0,0,0,0,351.1804571827466,335.10970627644826,0,0,0,0,0
1686576600,356.21,357.52,355.2,357.41,52.31185003797106,41.84948003037685,78.4677750569566,,357.41,10,10,10,35,351.7640772385189,358.69929411764707,365.63451099677525,354.34829327530696,349.00624776631406,0,0,0,0,323.83676600055696,342.5150823529412,361.1933987053254,349.0178516838394,307.9458274020972,0,0,0,0,346.7415137056086,358.8622117647061,370.9829098238036,354.34829327530696,349.00624776631406,0,0,0,0,334.7141886170656,348.3349882352941,361.95578785352257,351.87198677154566,335.10970627644826,0,0,0,0,23.07696101200346,,,,,,,351.87198677154566,335.10970627644826,0,0,0,0,351.87198677154566,335.10970627644826,0,0,0,0,0
1686591000,357.42,360.59,357.31,360.54,52.31185003797106,41.84948003037685,78.4677750569566,,360.54,15,30,45,55,352.69004730816306,358.7484705882353,364.80689386830755,357.4492936914636,350.1535924240979,0,0,0,0,323.83676600055696,342.5150823529412,361.1933987053254,350.16051731653437,307.9458274020972,0,0,0,0,347.61424281522153,359.8678117647062,372.1213807141908,357.4492936914636,350.1535924240979,0,0,0,0,336.11938511858756,350.35463529411766,364.58988546964775,353.9854162878638,335.10970627644826,0,0,0,0,23.1886655283443,,,,,,,353.9854162878638,335.10970627644826,0,0,0,0,353.9854162878638,335.10970627644826,0,0,0,0,0
1686663000,363.3,364.11,360.03,363.11,52.24872106547343,41.79897685237875,78.37308159821015,,363.11,10,10,10,35,353.8819714159335,359.0888470588237,364.29572270171394,359.62449302988443,350.1535924240979,0,0,0,0,323.83676600055696,342.5150823529412,361.1933987053254,350.16051731653437,307.9458274020972,0,0,0,0,348.5625655515275,361.00124705882365,373.4399285661198,359.62449302988443,350.1535924240979,0,0,0,0,336.11938511858756,350.35463529411766,364.58988546964775,356.65145798158784,335.10970627644826,0,0,0,0,23.337835429487324,,,,,,,356.65145798158784,335.10970627644826,0,0,0,0,356.65145798158784,335.10970627644826,0,0,0,0,0
1686677400,363.12,363.56,361.26,363.3,52.24872106547343,41.79897685237875,78.37308159821015,,363.3,40,35,40,80,354.75148280019306,359.74670588235284,364.7419289645126,360.3292822553595,355.0526215366623,0,0,0,0,325.7097406664592,344.8122352941175,363.9147299217758,355.05905179392477,307.9458274020972,0,0,0,0,349.48289753321944,362.07145882352984,374.66002011384023,360.3292822553595,355.0526215366623,0,0,0,0,337.7231077963704,352.69392941176454,367.6647510271587,357.9584966971887,335.10970627644826,0,0,0,0,25.399357950542154,,,,,,,357.9584966971887,335.10970627644826,0,0,0,0,357.9584966971887,335.10970627644826,0,0,0,0,0
1686749400,363.3,366.19,362.27,364.28,52.30320177980126,41.84256142384101,78.45480266970189,,364.28,20,20,20,60,355.7161406832028,360.53797647058855,365.3598122579743,361.73494235283556,355.0526215366623,0,0,0,0,325.7097406664592,344.8122352941175,363.9147299217758,355.05905179392477,307.9458274020972,0,0,0,0,350.38804471443797,363.05505882352946,375.72207293262096,361.73494235283556,355.0526215366623,0,0,0,0,337.7231077963704,352.69392941176454,367.6647510271587,358.9243183616752,335.10970627644826,0,0,0,0,25.453397436328288,,,,,,,358.9243183616752,335.10970627644826,0,0,0,0,358.9243183616752,335.10970627644826,0,0,0,0,0
1686763800,364.28,366.16,360.42,365.9,52.30320177980126,41.84256142384101,78.45480266970189,,365.9,25,35,40,65,356.60529928097645,361.697317647059,366.7893360131415,361.73494235283556,355.38600571261503,0,0,0,0,325.7097406664592,344.8122352941175,363.9147299217758,355.3919766657873,307.9458274020972,0,0,0,0,351.3180525916189,364.0489411764707,376.7798297613225,361.73494235283556,355.38600571261503,0,0,0,0,339.3773643127768,355.1074117647061,370.8374592166354,358.9243183616752,335.10970627644826,0,0,0,0,25.588536818907023,,,,,,,358.9243183616752,335.10970627644826,0,0,0,0,358.9243183616752,335.10970627644826,0,0,0,0,0
1686835800,364.65,369.02,363.98,368.56,50.675062520520235,40.54005001641619,76.01259378078035,,368.56,20,20,20,60,357.6981644773505,363.30016470588237,368.90216493441426,364.98050027434755,355.38600571261503,0,0,0,0,325.7097406664592,344.8122352941175,363.9147299217758,355.3919766657873,307.9458274020972,0,0,0,0,352.3176093536108,365.1559058823526,377.9942024110944,364.98050027434755,355.38600571261503,0,0,0,0,339.3773643127768,355.1074117647061,370.8374592166354,360.35448879144445,335.10970627644826,0,0,0,0,25.66855746604415,,,,,,,360.35448879144445,335.10970627644826,0,0,0,0,360.35448879144445,335.10970627644826,0,0,0,0,0
1686850200,368.57,371.77,368.52,370.28,50.675062520520235,40.54005001641619,76.01259378078035,,370.28,40,45,70,70,358.97869350014986,365.22543529411746,371.47217708808506,367.3154823794119,358.749148161714,0,0,0,0,327.7984872088522,347.9979999999999,368.1975127911476,358.7546926182311,307.9458274020972,0,0,0,0,353.3667920461855,366.41854117647057,379.47029030675566,367.3154823794119,358.749148161714,0,0,0,0,341.1288415737814,357.7085882352941,374.28833489680676,364.921311020627,335.10970627644826,0,0,0,0,27.289058205525272,,,,,,,364.921311020627,335.10970627644826,0,0,0,0,364.921311020627,335.10970627644826,0,0,0,0,0
1686922200,372.72,372.85,369.13,370.25,51.57842693489815,41.26274154791852,77.36764040234722,,370.25,20,25,35,45,360.1527368035323,366.8146588235294,373.47658084352645,367.3154823794119,358.749148161714,0,0,0,0,327.7984872088522,347.9979999999999,368.1975127911476,358.7546926182311,307.9458274020972,0,0,0,0,354.3791817571973,367.5978823529413,380.8165829486854,367.3154823794119,358.749148161714,0,0,0,0,341.1288415737814,357.7085882352941,374.28833489680676,365.52264594772504,335.10970627644826,0,0,0,0,27.32270399277617,,,,,,,365.52264594772504,335.10970627644826,0,0,0,0,365.52264594772504,335.10970627644826,0,0,0,0,0
1686936600,370.27,370.51,367.48,367.88,51.57842693489815,41.26274154791852,77.36764040234722,,367.88,55,65,55,55,361.0155579925004,367.72004705882375,374.4245361251471,367.3154823794119,362.2392090073058,0,0,0,0,327.7984872088522,347.9979999999999,368.1975127911476,362.24435743121455,326.3475540162332,0,0,0,0,355.24694494075294,368.50498823529415,381.76303152983536,367.3154823794119,362.2392090073058,0,0,0,0,342.7087542123431,359.88240000000025,377.0560457876574,365.52264594772504,341.7525843995591,0,0,0,0,20.050515867750946,,,,,,,365.52264594772504,341.7525843995591,0,0,0,0,365.52264594772504,341.7525843995591,0,0,0,0,0
1687267800,365.995,368.32,363.88,367.28,54.144310143197835,43.31544811455827,81.21646521479676,,367.28,35,45,35,35,361.5952574518267,368.16957647058837,374.74389548935005,367.3154823794119,362.2392090073058,0,0,0,0,327.7984872088522,347.9979999999999,368.1975127911476,362.24435743121455,326.3475540162332,0,0,0,0,356.0278613100229,369.1790352941179,382.3302092782129,367.3154823794119,362.2392090073058,0,0,0,0,342.7087542123431,359.88240000000025,377.0560457876574,365.52264594772504,341.7525843995591,0,0,0,0,20.050515867750946,,,,,,,365.52264594772504,341.7525843995591,0,0,0,0,365.52264594772504,341.7525843995591,0,0,0,0,0
1687282200,367.27,367.735,366.37,366.93,54.144310143197835,43.31544811455827,81.21646521479676,,366.93,55,45,40,40,362.22624735992144,368.7848470588235,375.3434467577256,367.3154823794119,362.2392090073058,0,0,0,0,329.76214268987354,350.68237647058794,371.60261025130234,362.24435743121455,326.3475540162332,0,0,0,0,356.7513822287213,369.76604705882335,382.7807118889254,367.3154823794119,362.2392090073058,0,0,0,0,344.25103567112643,361.9390588235294,379.6270819759324,365.52264594772504,341.7525843995591,0,0,0,0,19.772220418271715,,,,,,,365.52264594772504,341.7525843995591,0,0,0,0,365.52264594772504,341.7525843995591,0,0,0,0,0
1687354200,365.73,366.17,360.96,362.12,57.14027076725348,45.71221661380279,85.71040615088023,,362.12,35,35,20,20,362.21390399104774,368.62894117647073,368.62894117647073,365.7191416341579,362.2392090073058,0,0,0,0,329.76214268987354,350.68237647058794,371.60261025130234,362.24435743121455,326.3475540162332,0,0,0,0,357.1768986860676,369.9286117647062,382.6803248433448,365.7191416341579,362.2392090073058,0,0,0,0,344.25103567112643,361.9390588235294,379.6270819759324,365.52264594772504,341.7525843995591,0,0,0,0,19.772220418271715,,,,,,,365.52264594772504,341.7525843995591,0,0,0,0,365.52264594772504,341.7525843995591,0,0,0,0,0
1687368600,362.1,364.52,361.73,362.01,57.14027076725348,45.71221661380279,85.71040615088023,,362.01,20,40,20,20,362.33026176464915,368.69962352941155,368.69962352941155,365.7191416341579,362.2392090073058,0,0,0,0,329.76214268987354,350.68237647058794,371.60261025130234,362.24435743121455,326.3475540162332,0,0,0,0,357.55994942251334,370.0233882352939,382.4868270480745,365.7191416341579,362.2392090073058,0,0,0,0,345.51782713028337,363.48534117647074,381.4528552226581,365.52264594772504,341.7525843995591,0,0,0,0,18.57918562736817,,,,,,,365.52264594772504,341.7525843995591,0,0,0,0,365.52264594772504,341.7525843995591,0,0,0,0,0
1687440600,360.64,365.43,360.23,363.94,60.55948335003362,48.447586680026895,90.83922502505042,,363.94,20,10,10,10,362.5364490906193,368.85336470588186,375.1702803211444,365.7191416341579,362.2392090073058,0,0,0,0,329.76214268987354,350.68237647058794,371.60261025130234,362.24435743121455,326.3475540162332,0,0,0,0,358.02148835202115,370.2413176470591,382.461146942097,365.7191416341579,362.2392090073058,0,0,0,0,345.51782713028337,363.48534117647074,381.4528552226581,365.52264594772504,341.7525843995591,0,0,0,0,18.57918562736817,,,,,,,365.52264594772504,341.7525843995591,0,0,0,0,365.52264594772504,341.7525843995591,0,0,0,0,0
1687455000,363.95,366.33,363.83,366.23,60.55948335003362,48.447586680026895,90.83922502505042,,366.23,25,10,15,15,363.0068413756446,369.36082352941185,375.71480568317907,365.7191416341579,362.2392090073058,0,0,0,0,331.77252829088553,353.46498823529396,375.1574481797024,362.24435743121455,326.3475540162332,0,0,0,0,358.5717279346204,370.50790588235293,382.44408383008545,365.7191416341579,362.2392090073058,0,0,0,0,346.88672053886194,365.17797647058865,383.46923240231536,365.52264594772504,341.7525843995591,0,0,0,0,18.49810199782093,,,,,,,365.52264594772504,341.7525843995591,0,0,0,0,365.52264594772504,341.7525843995591,0,0,0,0,0
1687527000,362.21,364.88,360.82,364.6,60.34424491764186,48.27539593411349,90.5163673764628,,364.6,-10,10,-10,-10,362.9963856860221,369.263294117647,375.53020254927185,365.7191416341579,362.2392090073058,0,0,0,0,331.77252829088553,353.46498823529396,375.1574481797024,362.24435743121455,326.3475540162332,0,0,0,0,359.00170964877054,370.71552941176503,382.4293491747595,365.7191416341579,362.2392090073058,0,0,0,0,346.88672053886194,365.17797647058865,383.46923240231536,365.52264594772504,341.7525843995591,0,0,0,0,18.49810199782093,,,,,,,365.52264594772504,341.7525843995591,0,0,0,0,365.52264594772504,341.7525843995591,0,0,0,0,0
1687541400,364.61,364.775,361.9,362.55,60.34424491764186,48.27539593411349,90.5163673764628,,362.55,-5,50,-5,-5,362.8388515679246,368.9669411764706,368.9669411764706,365.7191416341579,362.2392090073058,0,0,0,0,331.77252829088553,353.46498823529396,375.1574481797024,362.24435743121455,326.3475540162332,0,0,0,0,359.2760067512682,370.6871999999998,382.0983932487314,365.7191416341579,362.2392090073058,0,0,0,0,347.979913224511,366.3587058823532,384.7374985401954,365.52264594772504,347.1545426567335,0,0,0,0,17.367059076378336,,,,,,,365.52264594772504,347.1545426567335,0,0,0,0,365.52264594772504,347.1545426567335,0,0,0,0,0
1687786200,362.07,364.84,358.25,359.34,61.530081158319504,49.22406492665561,92.29512173747926,,359.34,-10,35,-10,-25,362.27507893515514,368.2704941176467,368.2704941176467,364.70396499202224,362.2392090073058,0,0,0,0,331.77252829088553,353.46498823529396,375.1574481797024,362.24435743121455,326.3475540162332,0,0,0,0,359.3291706813313,370.4901882352941,370.4901882352941,364.70396499202224,362.2392090073058,0,0,0,0,347.979913224511,366.3587058823532,384.7374985401954,365.52264594772504,347.1545426567335,0,0,0,0,17.367059076378336,,,,,,,365.52264594772504,347.1545426567335,0,0,0,0,365.52264594772504,347.1545426567335,0,0,0,0,0
1687800600,359.35,359.94,357.59,357.72,61.530081158319504,49.22406492665561,92.29512173747926,,357.72,-5,40,-5,-50,361.3063818562515,366.9528705882352,366.9528705882352,362.2245412431212,362.2392090073058,0,0,0,0,333.3556650277288,355.3582823529411,377.36089967815343,362.24435743121455,326.3475540162332,0,0,0,0,359.2583914839854,370.198188235294,370.198188235294,362.2245412431212,362.2392090073058,0,0,0,0,348.85442931594423,367.2908000000001,385.727170684056,363.7184595883127,347.1545426567335,0,0,0,0,6.394407179577583,,,,,,,363.7184595883127,347.1545426567335,0,0,1,0,363.7184595883127,347.1545426567335,0,0,0,0,0
1687872600,359.27,363.18,358.51,362.96,61.118231733316875,48.8945853866535,91.67734759997532,,362.96,-10,35,-10,-20,360.8929678695652,365.9088235294118,370.92467918925837,362.2245412431212,362.2392090073058,0,0,0,0,333.3556650277288,355.3582823529411,377.36089967815343,362.24435743121455,326.3475540162332,0,0,0,0,359.5015517321496,370.2444470588231,380.98734238549656,362.2245412431212,362.2392090073058,0,0,0,0,348.85442931594423,367.2908000000001,385.727170684056,363.7184595883127,347.1545426567335,0,0,0,0,6.394407179577583,,,,,,,363.7184595883127,347.1545426567335,0,0,0,0,363.7184595883127,347.1545426567335,0,0,0,0,0
1687887000,362.97,364.57,362.97,363.86,61.118231733316875,48.8945853866535,91.67734759997532,,363.86,-5,35,-5,-15,360.7770306475586,365.3771294117646,369.9772281759706,362.2245412431212,362.2392090073058,0,0,0,0,333.3556650277288,355.3582823529411,377.36089967815343,362.24435743121455,326.3475540162332,0,0,0,0,359.76634954929955,370.28844705882335,380.81054456834715,362.2245412431212,362.2392090073058,0,0,0,0,349.9874692751249,368.5858117647057,387.18415425428645,363.7184595883127,347.1545426567335,0,0,0,0,6.394407179577583,,,,,,,363.7184595883127,347.1545426567335,0,0,0,0,363.7184595883127,347.1545426567335,0,0,0,0,0
1687959000,361.99,366.53,361.91,364.27,61.98825119964186,49.59060095971349,92.98237679946278,,364.27,-10,10,-10,-20,360.67980860257416,364.82002352941174,368.96023845624933,362.2245412431212,362.2392090073058,0,0,0,0,333.3556650277288,355.3582823529411,377.36089967815343,362.24435743121455,326.3475540162332,0,0,0,0,360.03082389562195,370.34661176470615,380.66239963379036,362.2245412431212,362.2392090073058,0,0,0,0,349.9874692751249,368.5858117647057,387.18415425428645,363.7184595883127,347.1545426567335,0,0,0,0,6.394407179577583,,,,,,,363.7184595883127,347.1545426567335,0,0,0,0,363.7184595883127,347.1545426567335,0,0,0,0,0
1687973400,364.27,364.83,362.83,364.58,61.98825119964186,49.59060095971349,92.98237679946278,,364.58,-5,10,-5,-5,360.49541934759543,364.2547058823526,368.01399241710976,362.2245412431212,362.2392090073058,0,0,0,0,335.5530001829573,358.31985882352905,381.0867174641008,362.24435743121455,326.3475540162332,0,0,0,0,360.28379528154267,370.3669647058818,380.45013413022093,362.2245412431212,362.2392090073058,0,0,0,0,351.10024255459996,369.84025882352944,388.5802750924589,363.7184595883127,347.1545426567335,0,0,0,0,6.394407179577583,,,,,,,363.7184595883127,347.1545426567335,0,0,0,0,363.7184595883127,347.1545426567335,0,0,0,0,0
1688045400,364.24,364.89,362.14,363.74,60.73087898677646,48.58470318942117,91.09631848016468,,363.74,-10,10,-10,-10,360.3098804313911,363.58501176470577,366.86014309802044,362.2245412431212,362.2392090073058,0,0,0,0,335.5530001829573,358.31985882352905,381.0867174641008,362.24435743121455,326.3475540162332,0,0,0,0,360.46001792278514,370.1471294117645,379.8342409007439,362.2245412431212,362.2392090073058,0,0,0,0,351.10024255459996,369.84025882352944,388.5802750924589,363.7184595883127,347.1545426567335,0,0,0,0,6.394407179577583,,,,,,,363.7184595883127,347.1545426567335,0,0,0,0,363.7184595883127,347.1545426567335,0,0,0,0,0
1688059800,363.7,363.96,362.32,363.86,60.73087898677646,48.58470318942117,91.09631848016468,,363.86,-5,15,-5,-5,359.9902949921129,362.9292470588235,365.86819912553403,362.2245412431212,362.2392090073058,0,0,0,0,335.5530001829573,358.31985882352905,381.0867174641008,362.24435743121455,326.3475540162332,0,0,0,0,360.6437259604331,369.8070588235292,378.9703916866253,362.2245412431212,362.2392090073058,0,0,0,0,352.1131357284818,370.9312941176473,389.7494525068129,363.7184595883127,347.1545426567335,0,0,0,0,6.394407179577583,,,,,,,363.7184595883127,347.1545426567335,0,0,0,0,363.7184595883127,347.1545426567335,0,0,0,0,0
1688131800,367.55,370.49,367.24,369.75,61.48122053035709,49.18497642428568,92.22183079553564,,369.75,-10,10,-10,35,360.40470766250735,363.38712941176476,366.3695511610222,365.7100951161087,362.2392090073058,0,0,0,0,335.5530001829573,358.31985882352905,381.0867174641008,362.24435743121455,326.3475540162332,0,0,0,0,361.2210481862577,369.737270588235,378.2534929902123,365.7100951161087,362.2392090073058,0,0,0,0,352.1131357284818,370.9312941176473,389.7494525068129,363.7184595883127,347.1545426567335,0,0,0,0,21.394407179577584,,,,,,,363.7184595883127,347.1545426567335,0,0,0,0,363.7184595883127,347.1545426567335,0,0,0,0,0
1688146200,369.76,370.36,369.4,369.43,61.48122053035709,49.18497642428568,92.22183079553564,,369.43,35,10,-5,20,360.9074339020135,364.03025882352944,367.15308374504536,367.0552860950121,362.2392090073058,0,0,0,0,337.68283090449336,361.2108705882352,384.73891027197703,362.24435743121455,336.3955858722165,0,0,0,0,361.78584613314837,369.5985411764708,377.41123621979324,367.0552860950121,362.2392090073058,0,0,0,0,353.3453434857416,372.34616470588225,391.3469859260229,365.90499130222327,347.1545426567335,0,0,0,0,17.368099760407205,,,,,,,365.90499130222327,347.1545426567335,0,0,0,0,365.90499130222327,347.1545426567335,0,0,0,0,0
1688391000,370.09,370.93,368.97,370.34,61.82527062859802,49.46021650287842,92.73790594289703,,370.34,20,25,10,20,361.3759063339428,364.61240000000015,367.8488936660575,367.0552860950121,363.8308415043357,0,0,0,0,337.68283090449336,361.2108705882352,384.73891027197703,363.834525235402,336.3955858722165,0,0,0,0,362.2518438587864,369.7759764705881,377.3001090823898,367.0552860950121,363.8308415043357,0,0,0,0,354.5217222823584,373.6120705882356,392.70241889411284,365.90499130222327,347.1545426567335,0,0,0,0,17.95898437325981,,,,,,,365.90499130222327,347.1545426567335,0,0,0,0,365.90499130222327,347.1545426567335,0,0,0,0,0
1688563800,368.67,372,368.66,370.45,62.14623251901771,49.71698601521417,93.21934877852657,,370.45,15,10,-10,15,362.0007767020307,365.38788235294095,368.7749880038512,367.5285580528852,363.8308415043357,0,0,0,0,337.68283090449336,361.2108705882352,384.73891027197703,363.834525235402,336.3955858722165,0,0,0,0,362.7183866491057,369.8801882352938,377.04198982148193,367.5285580528852,363.8308415043357,0,0,0,0,354.5217222823584,373.6120705882356,392.70241889411284,365.90499130222327,347.1545426567335,0,0,0,0,17.95898437325981,,,,,,,365.90499130222327,347.1545426567335,0,0,0,0,365.90499130222327,347.1545426567335,0,0,0,0,0
1688578200,370.45,371.05,369.43,370.29,62.14623251901771,49.71698601521417,93.21934877852657,,370.29,35,15,35,20,362.6219624157839,366.1534352941175,369.6849081724511,368.1272260762123,363.8308415043357,0,0,0,0,339.80576238815354,364.04496470588225,388.28416702361096,363.834525235402,336.3955858722165,0,0,0,0,363.11939508512467,370.2321411764705,377.3448872678164,368.1272260762123,363.8308415043357,0,0,0,0,355.63579987815507,374.76331764705907,393.89083541596307,366.17374121391566,347.1545426567335,0,0,0,0,17.973499697776866,,,,,,,366.17374121391566,347.1545426567335,0,0,0,0,366.17374121391566,347.1545426567335,0,0,0,0,0
1688650200,366.53,367.41,364.52,366.915,61.592493523645274,49.27399481891622,92.38874028546792,,366.915,15,10,15,-10,362.9482255045878,366.43975294117655,369.9312803777653,368.1272260762123,363.8308415043357,0,0,0,0,339.80576238815354,364.04496470588225,388.28416702361096,363.834525235402,336.3955858722165,0,0,0,0,363.3131767325125,370.2829294117644,377.25268209101637,368.1272260762123,363.8308415043357,0,0,0,0,355.63579987815507,374.76331764705907,393.89083541596307,366.17374121391566,347.1545426567335,0,0,0,0,17.973499697776866,,,,,,,366.17374121391566,347.1545426567335,0,0,0,0,366.17374121391566,347.1545426567335,0,0,0,0,0
1688664600,366.91,367.91,366.44,367.47,61.592493523645274,49.27399481891622,92.38874028546792,,367.47,5,10,20,-5,363.8021077439291,367.15874117647047,370.5153746090118,368.1272260762123,363.8308415043357,0,0,0,0,339.80576238815354,364.04496470588225,388.28416702361096,363.834525235402,336.3955858722165,0,0,0,0,363.52657060931864,370.38722352941136,377.2478764495041,368.1272260762123,363.8308415043357,0,0,0,0,356.5304723030293,375.54291764705897,394.55536299108866,366.17374121391566,347.1545426567335,0,0,0,0,17.973499697776866,,,,,,,366.17374121391566,347.1545426567335,0,0,0,0,366.17374121391566,347.1545426567335,0,0,0,0,0
1688736600,367.23,370.46,366.21,370.43,60.38419534764674,48.307356278117396,90.57629302147011,,370.43,0,10,15,-10,364.7694931468016,368.0972823529411,371.42507155908055,368.1272260762123,363.8308415043357,0,0,0,0,339.80576238815354,364.04496470588225,388.28416702361096,363.834525235402,336.3955858722165,0,0,0,0,363.8828134571801,370.6880352941176,377.4932571310551,368.1272260762123,363.8308415043357,0,0,0,0,356.5304723030293,375.54291764705897,394.55536299108866,366.17374121391566,347.1545426567335,0,0,0,0,17.973499697776866,,,,,,,366.17374121391566,347.1545426567335,0,0,0,0,366.17374121391566,347.1545426567335,0,0,0,0,0
1688751000,370.44,370.48,366.01,366.24,60.38419534764674,48.307356278117396,90.57629302147011,,366.24,0,50,15,-10,365.27153727109777,368.5747411764707,368.5747411764707,368.1272260762123,363.8308415043357,0,0,0,0,341.5918491557748,366.22348235294106,390.8551155501073,363.834525235402,336.3955858722165,0,0,0,0,363.9710015655171,370.5425176470588,377.1140337286005,368.1272260762123,363.8308415043357,0,0,0,0,357.26232214527437,375.8681882352939,394.4740543253135,366.17374121391566,351.86376382136706,0,0,0,0,17.70880809724693,,,,,,,366.17374121391566,351.86376382136706,0,0,0,0,366.17374121391566,351.86376382136706,0,0,0,0,0
1688995800,365.96,367.05,363.41,365.895,60.91373888810628,48.73099111048503,91.37060833215942,,365.895,-10,35,-10,-10,365.4061077224241,368.69887058823497,368.69887058823497,368.1272260762123,363.8308415043357,0,0,0,0,341.5918491557748,366.22348235294106,390.8551155501073,363.834525235402,336.3955858722165,0,0,0,0,364.0258532357405,370.3092,376.59254676425945,368.1272260762123,363.8308415043357,0,0,0,0,357.26232214527437,375.8681882352939,394.4740543253135,366.17374121391566,351.86376382136706,0,0,0,0,17.70880809724693,,,,,,,366.17374121391566,351.86376382136706,0,0,0,0,366.17374121391566,351.86376382136706,0,0,0,0,0
1689010200,365.89,366.51,365.1,366.46,60.91373888810628,48.73099111048503,91.37060833215942,,366.46,-10,40,-10,-10,365.6803586646114,368.9628941176471,368.9628941176471,368.1272260762123,363.8308415043357,0,0,0,0,341.5918491557748,366.22348235294106,390.8551155501073,363.834525235402,336.3955858722165,0,0,0,0,364.10185924871575,370.2308705882351,376.3598819277545,368.1272260762123,363.8308415043357,0,0,0,0,357.9487035427832,376.14562352941147,394.3425435160397,366.17374121391566,351.86376382136706,0,0,0,0,17.70880809724693,,,,,,,366.17374121391566,351.86376382136706,0,0,0,0,366.17374121391566,351.86376382136706,0,0,0,0,0
1689082200,366.79,367.95,364.61,366.69,61.418262015374395,49.13460961229952,92.12739302306159,,366.69,-10,35,-10,-10,365.65417782975226,368.87576470588255,368.87576470588255,368.1272260762123,363.8308415043357,0,0,0,0,341.5918491557748,366.22348235294106,390.8551155501073,363.834525235402,336.3955858722165,0,0,0,0,364.17841325497903,370.1564470588238,376.13448086266857,368.1272260762123,363.8308415043357,0,0,0,0,357.9487035427832,376.14562352941147,394.3425435160397,366.17374121391566,351.86376382136706,0,0,0,0,20.195449987609802,,,,,,,366.17374121391566,351.86376382136706,0,0,0,0,366.17374121391566,351.86376382136706,0,0,0,0,0
1689096600,366.7,368.63,365.72,368.17,61.418262015374395,49.13460961229952,92.12739302306159,,368.17,-5,35,-5,-5,365.7849486505169,368.97811764705875,372.1712866436006,368.1272260762123,363.8308415043357,0,0,0,0,343.53157116602426,368.67729411764674,393.8230170692692,363.834525235402,336.3955858722165,0,0,0,0,364.3570594656593,370.286894117647,376.21672876963476,368.1272260762123,363.8308415043357,0,0,0,0,358.7245413644479,376.7745882352939,394.8246351061399,366.17374121391566,351.86376382136706,0,0,0,0,19.840919219898236,,,,,,,366.17374121391566,351.86376382136706,0,0,0,0,366.17374121391566,351.86376382136706,0,0,0,0,0
1689168600,372.35,374.19,370.31,372.58,61.83574560735934,49.468596485887474,92.75361841103901,,372.58,-10,10,-10,5,366.4462384962503,369.8947764705883,373.34331444492625,369.38561027276626,363.8308415043357,0,0,0,0,343.53157116602426,368.67729411764674,393.8230170692692,363.834525235402,336.3955858722165,0,0,0,0,364.74693820128346,370.7103529411765,376.67376768106953,369.38561027276626,363.8308415043357,0,0,0,0,358.7245413644479,376.7745882352939,394.8246351061399,366.83069692241264,351.86376382136706,0,0,0,0,19.875926858651773,,,,,,,366.83069692241264,351.86376382136706,0,0,0,0,366.83069692241264,351.86376382136706,0,0,0,0,0
1689183000,372.59,373.5,372.135,372.89,61.83574560735934,49.468596485887474,92.75361841103901,,372.89,-5,25,10,25,367.1952792803988,370.88131764705906,374.56735601371935,370.26350064477674,365.3585418377309,0,0,0,0,343.53157116602426,368.67729411764674,393.8230170692692,365.370334749308,336.3955858722165,0,0,0,0,365.1545854503397,371.18698823529394,377.21939102024817,370.26350064477674,365.3585418377309,0,0,0,0,359.7090571688147,377.74049411764724,395.7719310664798,368.80671857081177,351.86376382136706,0,0,0,0,20.551910262879115,,,,,,,368.80671857081177,351.86376382136706,0,0,0,0,368.80671857081177,351.86376382136706,0,0,0,0,0
1689255000,376.05,378.16,375.47,378.02,61.352881284779,49.0823050278232,92.0293219271685,,378.02,10,10,10,35,368.0963466007928,372.2895058823525,376.4826651639122,374.0848041273841,365.3585418377309,0,0,0,0,343.53157116602426,368.67729411764674,393.8230170692692,365.370334749308,336.3955858722165,0,0,0,0,365.72848309843766,371.9597176470588,378.19095219568,374.0848041273841,365.3585418377309,0,0,0,0,359.7090571688147,377.74049411764724,395.7719310664798,372.0030243871824,351.86376382136706,0,0,0,0,20.72223395124668,,,,,,,372.0030243871824,351.86376382136706,0,0,0,0,372.0030243871824,351.86376382136706,0,0,0,0,0
1689269400,378.025,379.99,377.87,379.18,61.352881284779,49.0823050278232,92.0293219271685,,379.18,30,40,40,80,369.0835954927256,373.83277647058816,378.58195744845074,376.9747800894281,370.35936027789296,0,0,0,0,345.79424720236307,371.7011529411763,397.60805867998954,370.3760251243574,336.3955858722165,0,0,0,0,366.32372637517824,372.75567058823515,379.18761480129206,376.9747800894281,370.35936027789296,0,0,0,0,360.934252353748,379.06484705882355,397.1954417638991,374.499236930955,351.86376382136706,0,0,0,0,22.715297398581956,,,,,,,374.499236930955,351.86376382136706,0,0,0,0,374.499236930955,351.86376382136706,0,0,0,0,0
1689341400,379.585,382.86,379.58,380.34,63.575786421082974,50.86062913686638,95.36367963162446,,380.34,10,20,20,60,370.09579632404035,375.2840705882353,380.47234485243024,377.3360093628232,370.35936027789296,0,0,0,0,345.79424720236307,371.7011529411763,397.60805867998954,370.3760251243574,336.3955858722165,0,0,0,0,366.94484077212246,373.5953882352943,380.24593569846616,377.3360093628232,370.35936027789296,0,0,0,0,360.934252353748,379.06484705882355,397.1954417638991,376.1871485787439,351.86376382136706,0,0,0,0,22.805242276827812,,,,,,,376.1871485787439,351.86376382136706,0,0,0,0,376.1871485787439,351.86376382136706,0,0,0,0,0
1689355800,380.34,380.66,378.18,379.12,63.575786421082974,50.86062913686638,95.36367963162446,,379.12,35,35,20,35,370.90088684108986,376.0635764705887,381.22626610008757,377.3360093628232,373.1094059723292,0,0,0,0,345.79424720236307,371.7011529411763,397.60805867998954,373.1155947583319,342.3401868813439,0,0,0,0,367.505704915715,374.07802352941144,380.6503421431079,377.3360093628232,373.1094059723292,0,0,0,0,362.0744260772555,380.13656470588217,398.1987033345088,376.1871485787439,351.86376382136706,0,0,0,0,21.415719705129614,,,,,,,376.1871485787439,351.86376382136706,0,0,0,0,376.1871485787439,351.86376382136706,0,0,0,0,0
1689600600,379.8,381.77,379.31,381.24,61.06679560600739,48.85343648480591,91.60019340901108,,381.24,35,20,20,60,371.8449447920698,377.279882352941,382.7148199138122,378.4396939663576,373.1094059723292,0,0,0,0,345.79424720236307,371.7011529411763,397.60805867998954,373.1155947583319,342.3401868813439,0,0,0,0,368.1376623770578,374.61548235294083,381.0933023288239,378.4396939663576,373.1094059723292,0,0,0,0,362.0744260772555,380.13656470588217,398.1987033345088,376.1871485787439,351.86376382136706,0,0,0,0,21.415719705129614,,,,,,,376.1871485787439,351.86376382136706,0,0,0,0,376.1871485787439,351.86376382136706,0,0,0,0,0
1689615000,381.26,383.49,381.22,382.6,61.06679560600739,48.85343648480591,91.60019340901108,,382.6,65,35,40,70,372.92035399490834,378.77680000000043,384.63324600509253,380.25254224650223,374.2851626885914,0,0,0,0,347.978741992693,374.44440000000003,400.91005800730704,374.29519513273675,342.3401868813439,0,0,0,0,368.765964562342,375.3145647058822,381.86316484942245,380.25254224650223,374.2851626885914,0,0,0,0,363.3103575137414,381.25910588235286,399.2078542509643,378.01284454354976,351.86376382136706,0,0,0,0,21.94371884762945,,,,,,,378.01284454354976,351.86376382136706,0,0,0,0,378.01284454354976,351.86376382136706,0,0,0,0,0
1689687000,381.94,385.06,380,384.88,60.86791006593117,48.694328052744936,91.30186509889676,,384.88,45,20,20,35,373.95360329651845,380.1485176470587,386.343431997599,380.25254224650223,374.2851626885914,0,0,0,0,347.978741992693,374.44440000000003,400.91005800730704,374.29519513273675,342.3401868813439,0,0,0,0,369.44049767865476,376.15769411764694,382.8748905566391,380.25254224650223,374.2851626885914,0,0,0,0,363.3103575137414,381.25910588235286,399.2078542509643,378.01284454354976,351.86376382136706,0,0,0,0,21.94371884762945,,,,,,,378.01284454354976,351.86376382136706,0,0,0,0,378.01284454354976,351.86376382136706,0,0,0,0,0
1689701400,384.87,387.13,384.83,385.775,60.86791006593117,48.694328052744936,91.30186509889676,,385.775,50,40,70,80,375.15357105945543,381.7977294117646,388.4418877640737,383.54269859179374,374.82479392512056,0,0,0,0,347.978741992693,374.44440000000003,400.91005800730704,374.8341097661127,342.3401868813439,0,0,0,0,370.1266163683808,377.07944705882306,384.03227774926535,383.54269859179374,374.82479392512056,0,0,0,0,364.62586230458015,382.426188235294,400.2265141660078,381.5647486115301,351.86376382136706,0,0,0,0,22.32976752809485,,,,,,,381.5647486115301,351.86376382136706,0,0,0,0,381.5647486115301,351.86376382136706,0,0,0,0,0
1689773400,386.82,387.98,384.75,385.095,60.29016469244422,48.23213175395538,90.43524703866633,,385.095,20,10,35,35,376.2800544778215,383.23369411764696,390.1873337574724,383.64857726380853,374.82479392512056,0,0,0,0,347.978741992693,374.44440000000003,400.91005800730704,374.8341097661127,342.3401868813439,0,0,0,0,370.77947063229306,377.85036470588216,384.92125877947126,383.64857726380853,374.82479392512056,0,0,0,0,364.62586230458015,382.426188235294,400.2265141660078,381.5647486115301,351.86376382136706,0,0,0,0,22.32976752809485,,,,,,,381.5647486115301,351.86376382136706,0,0,0,0,381.5647486115301,351.86376382136706,0,0,0,0,0
1689787800,385.06,386.46,384.3,385.37,60.29016469244422,48.23213175395538,90.43524703866633,,385.37,40,35,55,55,377.2688079249322,384.3445882352938,391.42036854565544,383.64857726380853,379.23159435904057,0,0,0,0,350.23755944085184,377.3268705882349,404.41618173561795,379.24024478281893,342.3401868813439,0,0,0,0,371.4318913111016,378.6866705882349,385.9414498653682,383.64857726380853,379.23159435904057,0,0,0,0,365.88506949054175,383.6913882352937,401.4977069800456,381.5647486115301,351.86376382136706,0,0,0,0,23.5961852040627,,,,,,,381.5647486115301,351.86376382136706,0,0,0,0,381.5647486115301,351.86376382136706,0,0,0,0,0
1689859800,382.59,384.09,378.92,379.57,60.397145841633495,48.3177166733068,90.59571876245025,,379.57,-10,20,15,15,377.7646763785184,384.8675058823531,384.8675058823531,383.64857726380853,379.23159435904057,0,0,0,0,350.23755944085184,377.3268705882349,404.41618173561795,379.24024478281893,342.3401868813439,0,0,0,0,371.84843296010945,379.13203529411726,386.41563762812507,383.64857726380853,379.23159435904057,0,0,0,0,365.88506949054175,383.6913882352937,401.4977069800456,381.5647486115301,351.86376382136706,0,0,0,0,23.5961852040627,,,,,,,381.5647486115301,351.86376382136706,0,0,0,0,381.5647486115301,351.86376382136706,0,0,0,0,0
1689874200,379.54,379.75,375.72,376.67,60.397145841633495,48.3177166733068,90.59571876245025,,376.67,-5,20,20,5,377.6972056620661,384.7388470588236,384.7388470588236,379.7613557726067,379.23159435904057,0,0,0,0,350.23755944085184,377.3268705882349,404.41618173561795,379.24024478281893,342.3401868813439,0,0,0,0,372.12442589714584,379.41024705882324,386.69606822050065,379.7613557726067,379.23159435904057,0,0,0,0,366.6520679241956,384.1506352941177,401.6492026640398,381.5647486115301,351.86376382136706,0,0,0,0,22.48015754527137,,,,,,,381.5647486115301,351.86376382136706,0,0,0,0,381.5647486115301,351.86376382136706,0,0,0,0,0
1689946200,379.18,379.92,375.82,377.65,60.17048575634728,48.136388605077826,90.25572863452092,,377.65,-10,20,0,5,377.79294482017525,384.7812705882354,384.7812705882354,379.7613557726067,379.23159435904057,0,0,0,0,350.23755944085184,377.3268705882349,404.41618173561795,379.24024478281893,342.3401868813439,0,0,0,0,372.4400424726517,379.74024705882357,387.0404516449954,379.7613557726067,379.23159435904057,0,0,0,0,366.6520679241956,384.1506352941177,401.6492026640398,381.5647486115301,351.86376382136706,0,0,0,0,22.48015754527137,,,,,,,381.5647486115301,351.86376382136706,0,0,0,0,381.5647486115301,351.86376382136706,0,0,0,0,0
1689960600,377.65,378.36,375.2,375.57,60.17048575634728,48.136388605077826,90.25572863452092,,375.57,-10,55,0,-30,377.56361396943953,384.4856470588235,384.4856470588235,378.7494450807325,379.23159435904057,0,0,0,0,351.9428286020767,379.1071058823528,406.2713831626289,379.24024478281893,342.3401868813439,0,0,0,0,372.62762196520447,379.9141764705882,379.9141764705882,378.7494450807325,379.23159435904057,0,0,0,0,367.3034938568149,384.3152705882352,401.3270473196555,381.5647486115301,362.07467390719916,0,0,0,0,7.740466350740392,,,,,,,381.5647486115301,362.07467390719916,0,0,1,0,381.5647486115301,362.07467390719916,0,0,0,0,0
1690205400,376.62,377.58,374.34,376.04,60.73988099027879,48.59190479222303,91.1098214854182,,376.04,-10,35,-10,-20,377.35046410480913,384.2053647058822,384.2053647058822,378.7494450807325,379.23159435904057,0,0,0,0,351.9428286020767,379.1071058823528,406.2713831626289,379.24024478281893,342.3401868813439,0,0,0,0,372.86543990672783,380.1628352941176,387.46023068150737,378.7494450807325,379.23159435904057,0,0,0,0,367.3034938568149,384.3152705882352,401.3270473196555,381.5647486115301,362.07467390719916,0,0,0,0,7.740466350740392,,,,,,,381.5647486115301,362.07467390719916,0,0,0,0,381.5647486115301,362.07467390719916,0,0,0,0,0
1690219800,376.09,377.06,375.33,376.24,60.73988099027879,48.59190479222303,91.1098214854182,,376.24,-10,35,-10,-35,376.88895958695394,383.46071764705846,383.46071764705846,378.5555802517389,379.23159435904057,0,0,0,0,351.9428286020767,379.1071058823528,406.2713831626289,379.24024478281893,342.3401868813439,0,0,0,0,373.1776973475678,380.5095647058823,387.84143206419685,378.5555802517389,379.23159435904057,0,0,0,0,367.9398939906885,384.5394588235293,401.13902365637006,381.5647486115301,362.07467390719916,0,0,0,0,7.4820391152869385,,,,,,,381.5647486115301,362.07467390719916,0,0,0,0,381.5647486115301,362.07467390719916,0,0,0,0,0
1690291800,376.95,379.82,376.91,379.72,58.89364345324486,47.114914762595895,88.3404651798673,,379.72,-10,35,-10,-10,376.8778304029577,383.24422352941133,389.61061665586493,378.5555802517389,379.23159435904057,0,0,0,0,351.9428286020767,379.1071058823528,406.2713831626289,379.24024478281893,342.3401868813439,0,0,0,0,373.74129137287036,381.1772352941176,388.6131792153649,378.5555802517389,379.23159435904057,0,0,0,0,367.9398939906885,384.5394588235293,401.13902365637006,381.5647486115301,362.07467390719916,0,0,0,0,7.4820391152869385,,,,,,,381.5647486115301,362.07467390719916,0,0,0,0,381.5647486115301,362.07467390719916,0,0,0,0,0
1690306200,379.74,380.46,378.84,378.86,58.89364345324486,47.114914762595895,88.3404651798673,,378.86,-10,35,-10,-10,376.8731319358501,383.0801529411761,389.2871739465021,378.5555802517389,379.23159435904057,0,0,0,0,353.6815139525824,380.83011764705884,407.9787213415353,379.24024478281893,342.3401868813439,0,0,0,0,374.23942087580923,381.75471764705895,389.2700144183087,378.5555802517389,379.23159435904057,0,0,0,0,368.66957070519067,384.8838352941177,401.09809988304477,381.5647486115301,362.07467390719916,0,0,0,0,7.363973521319131,,,,,,,381.5647486115301,362.07467390719916,0,0,0,0,381.5647486115301,362.07467390719916,0,0,0,0,0
1690378200,377.72,378.21,375.19,376.33,58.99642507525679,47.197140060205435,88.49463761288519,,376.33,-10,10,-10,-10,376.3038310849639,382.1851647058819,382.1851647058819,378.5555802517389,379.23159435904057,0,0,0,0,353.6815139525824,380.83011764705884,407.9787213415353,379.24024478281893,342.3401868813439,0,0,0,0,374.48688372980445,382.0206941176468,389.5545045054892,378.5555802517389,379.23159435904057,0,0,0,0,368.66957070519067,384.8838352941177,401.09809988304477,381.5647486115301,362.07467390719916,0,0,0,0,7.363973521319131,,,,,,,381.5647486115301,362.07467390719916,0,0,0,0,381.5647486115301,362.07467390719916,0,0,0,0,0
1690392600,376.32,379.24,375.31,377.545,58.99642507525679,47.197140060205435,88.49463761288519,,377.545,-10,15,-10,-10,375.83134086035005,381.2323176470586,381.2323176470586,378.5555802517389,379.23159435904057,0,0,0,0,353.6815139525824,380.83011764705884,407.9787213415353,379.24024478281893,342.3401868813439,0,0,0,0,374.7776206810407,382.33712941176475,389.8966381424888,378.5555802517389,379.23159435904057,0,0,0,0,369.29066047135746,384.95985882352926,400.62905717570106,381.5647486115301,362.07467390719916,0,0,0,0,6.3986760221753745,,,,,,,381.5647486115301,362.07467390719916,0,0,0,0,381.5647486115301,362.07467390719916,0,0,0,0,0
1690464600,383.07,384.71,380.73,380.79,59.23999772863101,47.391998182904814,88.85999659294652,,380.79,-10,10,-10,5,375.99754018193477,380.92831764705886,385.85909511218296,378.7122411354462,379.23159435904057,0,0,0,0,353.6815139525824,380.83011764705884,407.9787213415353,379.24024478281893,342.3401868813439,0,0,0,0,375.2294034927693,382.86737647058794,390.5053494484066,378.7122411354462,379.23159435904057,0,0,0,0,369.29066047135746,384.95985882352926,400.62905717570106,381.5647486115301,362.07467390719916,0,0,0,0,6.3986760221753745,,,,,,,381.5647486115301,362.07467390719916,0,0,0,0,381.5647486115301,362.07467390719916,0,0,0,0,0
1690479000,380.775,380.91,375.31,376.55,59.23999772863101,47.391998182904814,88.85999659294652,,376.55,-10,10,-10,-10,375.3863797058991,379.7134235294118,379.7134235294118,378.7122411354462,379.23159435904057,0,0,0,0,355.2979465055287,382.51854117647053,409.73913584741234,379.24024478281893,342.3401868813439,0,0,0,0,375.3064783373417,382.8433882352942,382.8433882352942,378.7122411354462,379.23159435904057,0,0,0,0,369.81840853384034,384.91289411764706,400.0073797014538,381.5647486115301,362.07467390719916,0,0,0,0,6.3986760221753745,,,,,,,381.5647486115301,362.07467390719916,0,0,0,0,381.5647486115301,362.07467390719916,0,0,0,0,0
1690551000,380.74,384.52,380.21,382.89,58.9716649358508,47.17733194868064,88.45749740377619,,382.89,-10,10,-10,25,375.7296565380288,379.52389411764693,383.3181316972651,379.8072461956016,379.23159435904057,0,0,0,0,355.2979465055287,382.51854117647053,409.73913584741234,379.24024478281893,342.3401868813439,0,0,0,0,375.7306095250199,383.2733294117647,390.8160492985095,379.8072461956016,379.23159435904057,0,0,0,0,369.81840853384034,384.91289411764706,400.0073797014538,381.5647486115301,362.07467390719916,0,0,0,0,21.398676022175373,,,,,,,381.5647486115301,362.07467390719916,0,0,0,0,381.5647486115301,362.07467390719916,0,0,0,0,0
1690565400,382.88,384.18,381.62,383.49,58.9716649358508,47.17733194868064,88.45749740377619,,383.49,30,10,-10,5,375.9864603629357,379.6145764705882,383.2426925782407,380.2112990155953,379.23159435904057,0,0,0,0,355.2979465055287,382.51854117647053,409.73913584741234,379.24024478281893,353.8008878183907,0,0,0,0,376.18531968322236,383.7779294117648,391.3705391403072,380.2112990155953,379.23159435904057,0,0,0,0,370.6806354377107,385.2961411764706,399.9116469152305,381.5647486115301,362.07467390719916,0,0,0,0,16.913093928991614,,,,,,,381.5647486115301,362.07467390719916,0,0,0,0,381.5647486115301,362.07467390719916,0,0,0,0,0
1690810200,383.79,384.88,382.49,383.015,59.0995997500177,47.279679800014165,88.64939962502655,,383.015,15,10,-10,-10,376.189735846292,379.5922588235295,382.994781800767,380.2112990155953,379.23159435904057,0,0,0,0,355.2979465055287,382.51854117647053,409.73913584741234,379.24024478281893,353.8008878183907,0,0,0,0,376.6321760551093,384.29124705882356,391.9503180625378,380.2112990155953,379.23159435904057,0,0,0,0,370.6806354377107,385.2961411764706,399.9116469152305,381.5647486115301,362.07467390719916,0,0,0,0,16.913093928991614,,,,,,,381.5647486115301,362.07467390719916,0,0,0,0,381.5647486115301,362.07467390719916,0,0,0,0,0
1690824600,383.005,383.84,382.35,383.81,59.0995997500177,47.279679800014165,88.64939962502655,,383.81,20,15,-5,10,376.45542011394764,379.8637882352939,383.27215635664015,380.29940012290916,379.23159435904057,0,0,0,0,357.12453798972683,384.44051764705887,411.7564973043909,379.24024478281893,353.8008878183907,0,0,0,0,377.0658824921929,384.76159999999965,392.4573175078064,380.29940012290916,379.23159435904057,0,0,0,0,371.49348589790355,385.7208000000003,399.948114102097,381.5647486115301,362.07467390719916,0,0,0,0,16.913093928991614,,,,,,,381.5647486115301,362.07467390719916,0,0,0,0,381.5647486115301,362.07467390719916,0,0,0,0,0
1690896600,382.31,383.44,380.69,382.84,58.99955826673103,47.19964661338483,88.49933740009655,,382.84,15,10,-10,-10,376.7245501880158,380.16000000000014,383.59544981198445,380.29940012290916,379.23159435904057,0,0,0,0,357.12453798972683,384.44051764705887,411.7564973043909,379.24024478281893,353.8008878183907,0,0,0,0,377.39580544718694,385.02943529411743,392.6630651410479,380.29940012290916,379.23159435904057,0,0,0,0,371.49348589790355,385.7208000000003,399.948114102097,381.5647486115301,362.07467390719916,0,0,0,0,16.913093928991614,,,,,,,381.5647486115301,362.07467390719916,0,0,0,0,381.5647486115301,362.07467390719916,0,0,0,0,0
1690911000,382.87,383.56,382.28,382.78,58.99955826673103,47.19964661338483,88.49933740009655,,382.78,20,10,-5,10,377.11366716083154,380.5802117647062,384.0467563685808,380.48076673751143,379.23159435904057,0,0,0,0,357.12453798972683,384.44051764705887,411.7564973043909,379.24024478281893,353.8008878183907,0,0,0,0,377.6847956330226,385.11647058823513,392.5481455434477,380.48076673751143,379.23159435904057,0,0,0,0,372.208597383946,386.19868235294115,400.18876732193627,381.5647486115301,362.07467390719916,0,0,0,0,16.913093928991614,,,,,,,381.5647486115301,362.07467390719916,0,0,0,0,381.5647486115301,362.07467390719916,0,0,0,0,0
1690983000,379.26,379.26,373.13,375.01,59.95281320437505,47.96225056350004,89.92921980656257,,375.01,-10,-10,-10,-45,375.9909062366389,379.6023764705886,379.6023764705886,378.4026041906152,379.23159435904057,0,0,0,0,357.12453798972683,384.44051764705887,411.7564973043909,379.24024478281893,353.8008878183907,0,0,0,0,377.4476824176809,384.48023529411773,384.48023529411773,378.4026041906152,379.23159435904057,0,0,0,0,372.208597383946,386.19868235294115,400.18876732193627,381.5647486115301,362.07467390719916,0,0,0,0,1.9130939289916156,,,,,,,381.5647486115301,362.07467390719916,0,0,1,0,381.5647486115301,362.07467390719916,0,0,0,0,0
1690997400,375.025,375.55,373.57,374.4,59.95281320437505,47.96225056350004,89.92921980656257,,374.4,-10,-10,-10,-35,374.85428572780427,378.67581176470634,378.67581176470634,377.29642912354063,379.23159435904057,0,0,0,0,358.37557681056234,385.2884470588237,412.20131730708505,379.24024478281893,353.8008878183907,0,0,0,0,377.14170131619,383.96555294117667,383.96555294117667,377.29642912354063,379.23159435904057,0,0,0,0,372.3979872801391,385.8868235294119,399.37565977868474,379.3042636035142,362.07467390719916,0,0,0,0,1.796034943774767,,,,,,,379.3042636035142,362.07467390719916,0,0,0,0,379.3042636035142,362.07467390719916,0,0,0,0,0
1691069400,371.94,375.94,371.78,375.2,58.85751273607631,47.08601018886105,88.28626910411447,,375.2,-10,-10,-10,-20,374.16726947114176,378.08477647058857,378.08477647058857,377.29642912354063,379.23159435904057,0,0,0,0,358.37557681056234,385.2884470588237,412.20131730708505,379.24024478281893,353.8008878183907,0,0,0,0,376.8902827176886,383.52207058823495,383.52207058823495,377.29642912354063,379.23159435904057,0,0,0,0,372.3979872801391,385.8868235294119,399.37565977868474,379.3042636035142,362.07467390719916,0,0,0,0,1.796034943774767,,,,,,,379.3042636035142,362.07467390719916,0,0,0,0,379.3042636035142,362.07467390719916,0,0,0,0,0
1691083800,375.24,375.36,373.35,373.78,58.85751273607631,47.08601018886105,88.28626910411447,,373.78,-10,-5,-10,-35,373.4168663446829,377.4288470588235,377.4288470588235,376.9097027852313,379.23159435904057,0,0,0,0,358.37557681056234,385.2884470588237,412.20131730708505,379.24024478281893,353.8008878183907,0,0,0,0,376.51274613490494,382.95804705882364,382.95804705882364,376.9097027852313,379.23159435904057,0,0,0,0,372.5184645985656,385.4844470588234,398.4504295190812,379.0165844336423,362.07467390719916,0,0,0,0,1.7811375073512516,,,,,,,379.0165844336423,362.07467390719916,0,0,0,0,379.0165844336423,362.07467390719916,0,0,0,0,0
1691155800,375.75,378.1,372.88,376.68,58.9015776707685,47.1212621366148,88.35236650615275,,376.68,-10,-10,-10,-20,373.73752513174367,377.5413294117649,377.5413294117649,376.9097027852313,379.23159435904057,0,0,0,0,358.37557681056234,385.2884470588237,412.20131730708505,379.24024478281893,353.8008878183907,0,0,0,0,376.3553242657639,382.609223529412,382.609223529412,376.9097027852313,379.23159435904057,0,0,0,0,372.5184645985656,385.4844470588234,398.4504295190812,379.0165844336423,362.07467390719916,0,0,0,0,1.7811375073512516,,,,,,,379.0165844336423,362.07467390719916,0,0,0,0,379.0165844336423,362.07467390719916,0,0,0,0,0
1691170200,376.68,377.14,371.53,372.03,58.9015776707685,47.1212621366148,88.35236650615275,,372.03,-10,-10,-10,-35,373.3433709342397,377.0821882352948,377.0821882352948,375.42809874138356,379.23159435904057,0,0,0,1,359.41097478743137,385.6827999999998,411.95462521256826,379.24024478281893,353.8008878183907,0,0,0,0,375.7983877809686,381.83727058823575,381.83727058823575,375.42809874138356,379.23159435904057,0,0,0,0,372.54521564981474,384.68992941176464,384.68992941176464,379.0165844336423,362.07467390719916,0,0,0,0,4.472486763261506,,,,,,,379.0165844336423,362.07467390719916,0,0,0,0,379.0165844336423,362.07467390719916,0,0,0,0,0
1691415000,373.88,374.85,371.51,373.68,58.61257336493584,46.890058691948674,87.91886004740377,,373.68,0,-10,0,0,373.21456553663614,376.8134823529416,376.8134823529416,375.42809874138356,379.23159435904057,0,0,0,0,359.41097478743137,385.6827999999998,411.95462521256826,379.24024478281893,353.8008878183907,0,0,0,0,375.38100330924595,381.17872941176483,381.17872941176483,375.42809874138356,379.23159435904057,0,0,0,0,372.54521564981474,384.68992941176464,384.68992941176464,378.7098236154199,362.07467390719916,0,0,0,0,4.456601185627473,,,,,,,378.7098236154199,362.07467390719916,0,0,0,0,378.7098236154199,362.07467390719916,0,0,0,0,0
1691429400,373.71,375.29,373.32,375.19,58.61257336493584,46.890058691948674,87.91886004740377,,375.19,-10,-10,-10,-10,372.83122356390277,376.46503529411785,376.46503529411785,375.42809874138356,379.23159435904057,0,0,0,0,359.41097478743137,385.6827999999998,411.95462521256826,379.24024478281893,353.8008878183907,0,0,0,0,375.1224305684785,380.8499294117648,380.8499294117648,375.42809874138356,379.23159435904057,0,0,0,0,372.84046730059526,383.98058823529396,395.12070916999267,378.7098236154199,362.07467390719916,0,0,0,0,4.456601185627473,,,,,,,378.7098236154199,362.07467390719916,0,0,0,0,378.7098236154199,362.07467390719916,0,0,0,0,0
1691501400,372.64,372.66,368.82,370.41,58.89563717606477,47.11650974085182,88.34345576409714,,370.41,-10,-10,-10,-35,371.2320240331298,375.1589411764709,375.1589411764709,373.565600757842,379.23159435904057,0,0,0,0,359.41097478743137,385.6827999999998,411.95462521256826,379.24024478281893,353.8008878183907,0,0,0,0,374.4185936110802,380.1243764705882,380.1243764705882,373.565600757842,379.23159435904057,0,0,0,0,372.84046730059526,383.98058823529396,395.12070916999267,376.5737764847243,362.07467390719916,0,0,0,0,4.345986203175516,,,,,,,376.5737764847243,362.07467390719916,0,0,0,0,376.5737764847243,362.07467390719916,0,0,0,0,0
1691515800,370.41,372.45,369.92,371.95,58.89563717606477,47.11650974085182,88.34345576409714,,371.95,-15,-20,-30,-40,370.1981191726771,374.2864941176473,374.2864941176473,373.565600757842,378.0941597096757,0,0,0,0,360.38482243026834,386.21223529411765,412.03964815796695,378.08940514125084,353.8008878183907,0,0,0,0,373.87576236778904,379.55249411764714,379.55249411764714,373.565600757842,378.0941597096757,0,0,0,0,372.8068819214879,383.24390588235275,383.24390588235275,376.26493530724395,362.07467390719916,0,0,0,0,3.9233942674129376,,,,,,,376.26493530724395,362.07467390719916,0,0,0,0,376.26493530724395,362.07467390719916,0,0,0,0,0
1691587800,372.29,372.45,367.15,369.49,60.0935479574455,48.0748383659564,90.14032193616825,,369.49,-15,-10,-15,-40,368.3917354417305,372.82094117647046,372.82094117647046,372.3956081644296,378.0941597096757,0,0,0,0,360.38482243026834,386.21223529411765,412.03964815796695,378.08940514125084,353.8008878183907,0,0,0,0,373.09215723356544,378.79021176470553,378.79021176470553,372.3956081644296,378.0941597096757,0,0,0,0,372.8068819214879,383.24390588235275,383.24390588235275,376.26493530724395,362.07467390719916,0,0,0,0,3.9233942674129376,,,,,,,376.26493530724395,362.07467390719916,0,0,0,0,376.26493530724395,362.07467390719916,0,0,0,0,0
1691602200,369.48,370.97,367.59,367.89,60.0935479574455,48.0748383659564,90.14032193616825,,367.89,-20,-25,-35,-60,366.74633991980465,371.46637647058833,371.46637647058833,372.33886622341123,377.8752911589845,0,0,0,0,360.38482243026834,386.21223529411765,412.03964815796695,377.87016191687576,353.8008878183907,0,0,0,0,372.1414773043134,377.8995529411765,377.8995529411765,372.33886622341123,377.8752911589845,0,0,0,0,372.4036039140353,382.4608941176468,382.4608941176468,374.852367688389,362.07467390719916,0,0,0,0,3.7727846363623554,,,,,,,374.852367688389,362.07467390719916,0,0,0,0,374.852367688389,362.07467390719916,0,0,0,0,0
1691674200,370.97,374.38,368.19,368.58,59.68324539370193,47.74659631496155,89.5248680905529,,368.58,-15,-10,-15,-25,365.39709954417873,370.3154588235293,370.3154588235293,372.33886622341123,377.8752911589845,0,0,0,0,360.38482243026834,386.21223529411765,412.03964815796695,377.87016191687576,353.8008878183907,0,0,0,0,371.22439757248196,376.9331176470587,376.9331176470587,372.33886622341123,377.8752911589845,0,0,0,0,372.4036039140353,382.4608941176468,382.4608941176468,374.852367688389,362.07467390719916,0,0,0,0,3.7727846363623554,,,,,,,374.852367688389,362.07467390719916,0,0,0,0,374.852367688389,362.07467390719916,0,0,0,0,0
1691688600,368.55,369.72,367.035,368.56,59.68324539370193,47.74659631496155,89.5248680905529,,368.56,-20,-10,-20,-35,364.19914602367555,369.31955294117625,369.31955294117625,371.5922156707322,377.8752911589845,0,0,0,0,361.11827577357184,386.5621647058822,412.00605363819255,377.87016191687576,353.8008878183907,0,0,0,0,370.3063134909508,375.9834117647055,375.9834117647055,371.5922156707322,377.8752911589845,0,0,0,0,372.0380273028712,381.74797647058836,381.74797647058836,373.68979662927416,362.07467390719916,0,0,0,0,3.712581012830293,,,,,,,373.68979662927416,362.07467390719916,0,0,0,0,373.68979662927416,362.07467390719916,0,0,0,0,0
1691760600,365.99,368,364.69,366.29,59.398641512270544,47.51891320981644,89.09796226840581,,366.29,-15,-10,-15,-40,362.53835553457566,367.99910588235315,367.99910588235315,369.41589004262113,377.8752911589845,0,0,0,0,361.11827577357184,386.5621647058822,412.00605363819255,377.87016191687576,353.8008878183907,0,0,0,0,369.1823624182618,374.97328235294077,374.97328235294077,369.41589004262113,377.8752911589845,0,0,0,0,372.0380273028712,381.74797647058836,381.74797647058836,371.96266829861173,362.07467390719916,0,0,0,0,3.6231418486643383,,,,,,,371.96266829861173,362.07467390719916,0,0,0,0,371.96266829861173,362.07467390719916,0,0,0,0,0
1691775000,366.3,367.11,365.31,366.22,59.398641512270544,47.51891320981644,89.09796226840581,,366.22,-20,-35,-45,-60,360.9106492003477,366.65404705882327,366.65404705882327,369.41589004262113,373.4423428870836,0,0,0,0,361.11827577357184,386.5621647058822,412.00605363819255,373.4371038977143,353.8008878183907,0,0,0,0,368.0082502171217,373.79985882352923,373.79985882352923,369.41589004262113,373.4423428870836,0,0,0,0,371.4719444758342,380.7291999999998,380.7291999999998,370.91819199156805,362.07467390719916,0,0,0,0,2.0028274584794308,,,,,,,370.91819199156805,362.07467390719916,0,0,0,0,370.91819199156805,362.07467390719916,0,0,0,0,0
1692019800,365.43,369.83,364.71,369.4,59.10234655177359,47.281877241418876,88.65351982766039,,369.4,-15,-20,-25,-40,360.07392424640557,365.91436470588224,365.91436470588224,369.41589004262113,373.4423428870836,0,0,0,0,361.11827577357184,386.5621647058822,412.00605363819255,373.4371038977143,353.8008878183907,0,0,0,0,367.1728886797511,372.85959999999966,372.85959999999966,369.41589004262113,373.4423428870836,0,0,0,0,371.4719444758342,380.7291999999998,380.7291999999998,370.91819199156805,362.07467390719916,0,0,0,0,2.0028274584794308,,,,,,,370.91819199156805,362.07467390719916,0,0,0,0,370.91819199156805,362.07467390719916,0,0,0,0,0
1692034200,369.42,370.47,368.38,370.46,59.10234655177359,47.281877241418876,88.65351982766039,,370.46,-20,-20,-30,-45,359.99116997091056,365.7285058823532,371.46584179379585,369.41589004262113,373.4423428870836,0,0,0,0,361.92259629853675,387.0991764705879,412.27575664263907,373.4371038977143,353.8008878183907,0,0,0,0,366.4408238018983,372.01599999999956,372.01599999999956,369.41589004262113,373.4423428870836,0,0,0,0,371.2153480031963,380.147411764706,380.147411764706,370.91819199156805,362.07467390719916,0,0,0,0,2.0028274584794308,,,,,,,370.91819199156805,362.07467390719916,0,0,0,0,370.91819199156805,362.07467390719916,0,0,0,0,0
1692106200,369.36,370.16,366.53,368.17,59.366427205746746,47.4931417645974,89.04964080862013,,368.17,-15,-20,-25,-40,359.11620900334174,364.9604588235296,364.9604588235296,369.41589004262113,373.4423428870836,0,0,0,0,361.92259629853675,387.0991764705879,412.27575664263907,373.4371038977143,353.8008878183907,0,0,0,0,365.4668441133932,370.9943764705885,370.9943764705885,369.41589004262113,373.4423428870836,0,0,0,0,371.2153480031963,380.147411764706,380.147411764706,370.91819199156805,362.07467390719916,0,0,0,0,2.0028274584794308,,,,,,,370.91819199156805,362.07467390719916,0,0,0,0,370.91819199156805,362.07467390719916,0,0,0,0,0
1692120600,368.16,368.22,365.74,366.4,59.366427205746746,47.4931417645974,89.04964080862013,,366.4,-20,-20,-30,-60,358.8210924099175,364.53521176470576,364.53521176470576,369.1232952434419,373.4423428870836,0,0,0,0,361.92259629853675,387.0991764705879,412.27575664263907,373.4371038977143,353.8008878183907,0,0,0,0,364.3056704036305,369.8910352941174,369.8910352941174,369.1232952434419,373.4423428870836,0,0,0,0,370.63152657545015,379.32291764705883,379.32291764705883,370.91819199156805,362.07467390719916,0,0,0,0,2.246786634641569,,,,,,,370.91819199156805,362.07467390719916,0,0,0,0,370.91819199156805,362.07467390719916,0,0,0,0,0
1692192600,365.87,367.43,363.64,364.32,58.87942299084678,47.10353839267742,88.31913448627017,,364.32,-15,-10,-15,-30,358.59864246777386,364.1374000000003,364.1374000000003,368.7571780415392,373.4423428870836,0,0,0,0,361.92259629853675,387.0991764705879,412.27575664263907,373.4371038977143,353.8008878183907,0,0,0,0,362.9949157239231,368.80675294117646,368.80675294117646,368.7571780415392,373.4423428870836,0,0,0,0,370.63152657545015,379.32291764705883,379.32291764705883,370.91819199156805,362.07467390719916,0,0,0,0,2.246786634641569,,,,,,,370.91819199156805,362.07467390719916,0,0,0,0,370.91819199156805,362.07467390719916,0,0,0,0,0
1692207000,364.28,366.04,362.44,362.47,58.87942299084678,47.10353839267742,88.31913448627017,,362.47,-20,-25,-35,-60,358.103502602867,363.51583529411784,363.51583529411784,366.0014953521435,372.80500631301845,0,0,0,0,362.15249247019204,386.8649647058824,386.8649647058824,372.8074917140227,353.8008878183907,0,0,0,0,361.5051977795247,367.6106588235292,367.6106588235292,366.0014953521435,372.80500631301845,0,0,0,0,369.6839825661533,378.1794588235291,378.1794588235291,369.7307219194687,362.07467390719916,0,0,0,0,2.0093237909506465,,,,,,,369.7307219194687,362.07467390719916,0,0,0,0,369.7307219194687,362.07467390719916,0,0,0,0,0
1692279000,363.97,364.31,360.65,361.82,57.92179337560095,46.33743470048076,86.88269006340143,,361.82,-15,-10,-15,-40,357.64257820822206,362.8810352941178,362.8810352941178,365.5222077271033,372.80500631301845,0,0,0,0,362.15249247019204,386.8649647058824,386.8649647058824,372.8074917140227,353.8008878183907,0,0,0,0,360.1834407801319,366.59381176470606,366.59381176470606,365.5222077271033,372.80500631301845,0,0,0,0,369.6839825661533,378.1794588235291,378.1794588235291,367.9985274966495,362.07467390719916,0,0,0,0,1.9196222797198879,,,,,,,367.9985274966495,362.07467390719916,0,0,0,0,367.9985274966495,362.07467390719916,0,0,0,0,0
1692293400,361.8,361.8,358.16,358.59,57.92179337560095,46.33743470048076,86.88269006340143,,358.59,-20,-35,-45,-85,356.86597537242335,362.0235058823526,362.0235058823526,361.94004135653296,369.7403630049457,0,0,0,0,362.15249247019204,386.8649647058824,386.8649647058824,369.7426708773068,353.8008878183907,0,0,0,0,358.5921322988713,365.4106823529411,365.4106823529411,361.94004135653296,369.7403630049457,0,0,0,0,368.329175032629,376.70814117647046,376.70814117647046,365.4864898183174,362.07467390719916,0,0,0,0,0.7067168708152596,,,,,,,365.4864898183174,362.07467390719916,0,0,0,0,365.4864898183174,362.07467390719916,0,0,0,0,0
1692365400,355.19,358.14,354.7,357.12,53.73168090798408,42.98534472638727,80.59752136197612,,357.12,-15,-20,-25,-65,355.99079554814597,361.06632941176474,361.06632941176474,359.822895545352,369.7403630049457,0,0,0,0,362.15249247019204,386.8649647058824,386.8649647058824,369.7426708773068,353.8008878183907,0,0,0,0,356.9750594622587,364.2082588235289,364.2082588235289,359.822895545352,369.7403630049457,0,0,0,0,368.329175032629,376.70814117647046,376.70814117647046,361.8410262598661,362.07467390719916,0,0,0,0,-6.982063087151314,,,,,,,361.8410262598661,362.07467390719916,0,0,1,0,361.8410262598661,362.07467390719916,0,1,1,0,0
1692379800,357.12,359.41,356.74,358.12,53.73168090798408,42.98534472638727,80.59752136197612,,358.12,-35,-35,-65,-70,354.6218987741905,359.94367058823553,359.94367058823553,359.822895545352,364.7881942188782,0,0,0,0,362.0059980233396,386.1245176470584,386.1245176470584,364.79105152892777,353.8008878183907,0,0,0,0,355.51900635888535,363.0893176470587,363.0893176470587,359.822895545352,364.7881942188782,0,0,0,0,366.9485531821325,374.9522823529409,374.9522823529409,361.8410262598661,362.07467390719916,0,0,0,0,-7.791764467147054,,,,,,,361.8410262598661,362.07467390719916,0,0,0,0,361.8410262598661,362.07467390719916,0,0,0,0,0
1692624600,359.62,362.96,359.15,362.62,52.82535651893312,42.260285215146496,79.23803477839968,,362.62,-15,-20,-25,-40,353.97749031304176,359.34305882352965,359.34305882352965,359.822895545352,364.7881942188782,0,0,0,0,362.0059980233396,386.1245176470584,386.1245176470584,364.79105152892777,353.8008878183907,0,0,0,0,354.77454090186967,362.45400000000035,362.45400000000035,359.822895545352,364.7881942188782,0,0,0,0,366.9485531821325,374.9522823529409,374.9522823529409,361.8410262598661,362.07467390719916,0,0,0,0,-7.791764467147054,,,,,,,361.8410262598661,362.07467390719916,0,0,0,0,361.8410262598661,362.07467390719916,0,0,0,0,0
1692639000,362.61,364.6,362.52,363.97,52.82535651893312,42.260285215146496,79.23803477839968,,363.97,-20,-15,-30,-30,354.15152153130265,359.3595058823535,364.5674902334044,361.2367376599421,364.7881942188782,0,0,0,0,362.0059980233396,386.1245176470584,386.1245176470584,364.79105152892777,353.8008878183907,0,0,0,0,354.3176841580409,362.021717647059,362.021717647059,361.2367376599421,364.7881942188782,0,0,0,0,366.11155627241857,373.7957411764703,373.7957411764703,361.8410262598661,362.07467390719916,0,0,0,0,-7.791764467147054,,,,,,,361.8410262598661,362.07467390719916,0,0,0,0,361.8410262598661,362.07467390719916,0,0,0,0,0
1692711000,366.55,366.56,362.71,363.37,52.691841034925595,42.153472827940476,79.03776155238839,,363.37,-15,-20,-25,-40,354.3495037184913,359.41444705882344,359.41444705882344,361.2367376599421,364.7881942188782,0,0,0,0,362.0059980233396,386.1245176470584,386.1245176470584,364.79105152892777,353.8008878183907,0,0,0,0,354.0149512975324,361.67788235294165,361.67788235294165,361.2367376599421,364.7881942188782,0,0,0,0,366.11155627241857,373.7957411764703,373.7957411764703,361.8410262598661,362.07467390719916,0,0,0,0,-7.791764467147054,,,,,,,361.8410262598661,362.07467390719916,0,0,0,0,361.8410262598661,362.07467390719916,0,0,0,0,0
1692725400,363.41,364.57,362.68,363.36,52.691841034925595,42.153472827940476,79.03776155238839,,363.36,-20,-20,-30,-45,354.9945004561529,359.6930823529412,359.6930823529412,361.2367376599421,364.7881942188782,0,0,0,0,362.1855613671233,385.83395294117656,385.83395294117656,364.79105152892777,353.8008878183907,0,0,0,0,353.85187281186694,361.4196823529414,361.4196823529414,361.2367376599421,364.7881942188782,0,0,0,0,365.21244864621275,372.62752941176467,372.62752941176467,361.8410262598661,362.07467390719916,0,0,0,0,-7.791764467147054,,,,,,,361.8410262598661,362.07467390719916,0,0,0,0,361.8410262598661,362.07467390719916,0,0,0,0,0
1692797400,364.58,369.77,364.36,369.67,52.52673767722599,42.02139014178079,78.79010651583899,,369.67,0,-10,0,45,356.04810426770496,360.63247058823544,365.2168369087659,365.9127697546897,364.7881942188782,0,0,0,0,362.1855613671233,385.83395294117656,385.83395294117656,364.79105152892777,353.8008878183907,0,0,0,0,354.3078222450391,361.6769764705885,369.0461306961379,365.9127697546897,364.7881942188782,0,0,0,0,365.21244864621275,372.62752941176467,372.62752941176467,361.8410262598661,362.07467390719916,0,0,0,0,7.208235532852946,,,,,,,361.8410262598661,362.07467390719916,0,0,1,0,361.8410262598661,362.07467390719916,0,0,0,0,0
1692811800,369.71,370.22,368.84,369.2,52.52673767722599,42.02139014178079,78.79010651583899,,369.2,-10,-10,-10,15,357.2528468915075,361.6846588235293,366.11647075555106,366.48718412521714,364.7881942188782,0,0,0,0,362.1855613671233,385.83395294117656,385.83395294117656,364.79105152892777,353.8008878183907,0,0,0,0,354.7999661355393,361.94507058823547,369.0901750409316,366.48718412521714,364.7881942188782,0,0,0,0,364.8428789762106,372.12294117647025,379.4030033767299,365.30523346444625,362.07467390719916,0,0,0,0,15.021096631475864,,,,,,,365.30523346444625,362.07467390719916,0,0,0,0,365.30523346444625,362.07467390719916,0,0,0,0,1
1692883800,372.64,372.75,363.19,363.81,53.30528948603032,42.644231588824255,79.95793422904548,,363.81,-10,-10,-10,0,358.04143527325454,362.12348235294127,362.12348235294127,366.48718412521714,364.7881942188782,0,0,0,0,362.1855613671233,385.83395294117656,385.83395294117656,364.79105152892777,353.8008878183907,0,0,0,0,354.44465772590206,361.600694117647,361.600694117647,366.48718412521714,364.7881942188782,0,0,0,0,364.8428789762106,372.12294117647025,379.4030033767299,365.30523346444625,362.07467390719916,0,0,0,0,15.021096631475864,,,,,,,365.30523346444625,362.07467390719916,0,0,0,0,365.30523346444625,362.07467390719916,0,0,0,0,0
1692898200,363.77,364.7,361.01,361.1,53.30528948603032,42.644231588824255,79.95793422904548,,361.1,-15,-10,-15,-20,357.84875493747927,361.8966823529412,361.8966823529412,365.50916243751755,364.7881942188782,0,0,0,0,362.24400486650603,385.58487058823465,385.58487058823465,364.79105152892777,353.8008878183907,0,0,0,0,353.69269698737094,360.9669764705881,360.9669764705881,365.50916243751755,364.7881942188782,0,0,0,0,363.76935806301253,371.0962352941173,371.0962352941173,365.30523346444625,362.07467390719916,0,0,0,0,15.670788508087783,,,,,,,365.30523346444625,362.07467390719916,0,0,0,0,365.30523346444625,362.07467390719916,0,0,0,0,0
1692970200,362.07,365.74,358.59,361.421,52.78183591623968,42.22546873299174,79.17275387435951,,361.421,-15,-10,-15,-20,357.89939833031224,361.8027599999999,361.8027599999999,365.230604346635,364.7881942188782,0,0,0,0,362.24400486650603,385.58487058823465,385.58487058823465,364.79105152892777,353.8008878183907,0,0,0,0,353.0811322690161,360.43401882352947,360.43401882352947,365.230604346635,364.7881942188782,0,0,0,0,363.76935806301253,371.0962352941173,371.0962352941173,365.30523346444625,362.07467390719916,0,0,0,0,15.670788508087783,,,,,,,365.30523346444625,362.07467390719916,0,0,0,0,365.30523346444625,362.07467390719916,0,0,0,0,0
1692984600,361.41,365.235,360.64,364.07,52.78183591623968,42.22546873299174,79.17275387435951,,364.07,-5,-10,-5,-5,358.2005156452438,362.02976705882367,362.02976705882367,365.230604346635,364.7881942188782,0,0,0,0,362.24400486650603,385.58487058823465,385.58487058823465,364.79105152892777,353.8008878183907,0,0,0,0,352.67111344793227,360.06173411764723,360.06173411764723,365.230604346635,364.7881942188782,0,0,0,0,363.0416747104271,370.3973411764702,370.3973411764702,365.30523346444625,362.07467390719916,0,0,0,0,16.72045080096212,,,,,,,365.30523346444625,362.07467390719916,0,0,0,0,365.30523346444625,362.07467390719916,0,0,0,0,0
1693229400,366.99,367.71,364.25,366.65,52.62539210275923,42.100313682207386,78.93808815413884,,366.65,-10,-10,-10,-10,358.7725720377613,362.5233623529408,366.27415266812034,365.230604346635,364.7881942188782,0,0,0,0,362.24400486650603,385.58487058823465,385.58487058823465,364.79105152892777,353.8008878183907,0,0,0,0,352.5583563595128,359.9356376470588,367.3129189346048,365.230604346635,364.7881942188782,0,0,0,0,363.0416747104271,370.3973411764702,370.3973411764702,365.30523346444625,362.07467390719916,0,0,0,0,16.72045080096212,,,,,,,365.30523346444625,362.07467390719916,0,0,0,0,365.30523346444625,362.07467390719916,0,0,0,0,0
1693243800,366.68,367.3,364.62,366.85,52.62539210275923,42.100313682207386,78.93808815413884,,366.85,-15,-10,-15,-15,359.577688171648,363.19434588235265,366.8110035930573,365.230604346635,364.7881942188782,0,0,0,0,362.5853819529073,385.59675294117636,408.6081239294454,364.79105152892777,353.8008878183907,0,0,0,0,352.50114357267756,359.8551647058825,367.2091858390874,365.230604346635,364.7881942188782,0,0,0,0,362.7151854186701,370.0900235294113,370.0900235294113,365.30523346444625,362.07467390719916,0,0,0,0,16.72045080096212,,,,,,,365.30523346444625,362.07467390719916,0,0,0,0,365.30523346444625,362.07467390719916,0,0,0,0,0
1693315800,366.56,374.16,366.26,373.83,52.657177785132106,42.125742228105686,78.98576667769817,,373.83,10,-10,10,35,360.951188077839,364.8938941176469,368.83660015745477,369.9882655324818,364.7881942188782,0,0,0,0,362.5853819529073,385.59675294117636,408.6081239294454,364.79105152892777,353.8008878183907,0,0,0,0,353.2254796070392,360.4779623529413,367.7304450988434,369.9882655324818,364.7881942188782,0,0,0,0,362.7151854186701,370.0900235294113,370.0900235294113,365.30523346444625,362.07467390719916,0,0,0,0,16.72045080096212,,,,,,,365.30523346444625,362.07467390719916,0,0,0,0,365.30523346444625,362.07467390719916,0,0,0,0,0
1693330200,373.84,375.12,373.33,374.75,52.657177785132106,42.125742228105686,78.98576667769817,,374.75,15,-5,15,40,362.11524112211526,366.53073647058835,370.94623181906144,371.7105452805583,364.7881942188782,0,0,0,0,362.5853819529073,385.59675294117636,408.6081239294454,364.79105152892777,353.8008878183907,0,0,0,0,353.9723628693722,361.1516541176471,368.33094536592205,371.7105452805583,364.7881942188782,0,0,0,0,362.93022749280647,370.31969411764726,377.70916074248805,369.17908594113203,362.07467390719916,0,0,0,0,16.92105785572805,,,,,,,369.17908594113203,362.07467390719916,0,0,0,0,369.17908594113203,362.07467390719916,0,0,0,0,0
1693402200,374.87,377.44,373.86,376.78,55.93705160678615,44.74964128542892,83.90557741017922,,376.78,10,-10,10,35,363.43319423963845,368.37242588235296,373.31165752506746,373.2063885327263,364.7881942188782,0,0,0,0,362.5853819529073,385.59675294117636,408.6081239294454,364.79105152892777,353.8008878183907,0,0,0,0,354.70436597313704,361.89143999999993,369.0785140268628,373.2063885327263,364.7881942188782,0,0,0,0,362.93022749280647,370.31969411764726,377.70916074248805,369.74986551676545,362.07467390719916,0,0,0,0,16.95061561774338,,,,,,,369.74986551676545,362.07467390719916,0,0,0,0,369.74986551676545,362.07467390719916,0,0,0,0,0
1693416600,376.79,377.37,375.7,376.94,55.93705160678615,44.74964128542892,83.90557741017922,,376.94,15,15,60,80,365.0470047130568,370.42155058823556,375.7960964634143,373.8838248062793,367.9915294308753,0,0,0,0,363.4612775542803,386.239858823529,409.0184400927777,367.99429907414196,353.8008878183907,0,0,0,0,355.5157438842613,362.69119058823543,369.86663729220953,373.8838248062793,367.9915294308753,0,0,0,0,363.2339126065582,370.6543529411762,378.07479327579426,371.7641608369965,362.07467390719916,0,0,0,0,18.186652485359705,,,,,,,371.7641608369965,362.07467390719916,0,0,0,0,371.7641608369965,362.07467390719916,0,0,0,0,0
1693488600,376.94,379.71,376.87,378.81,55.07940891312488,44.06352713049991,82.61911336968731,,378.81,10,0,20,60,366.8402081575604,372.7422752941173,378.64434243067416,374.48436934827146,367.9915294308753,0,0,0,0,363.4612775542803,386.239858823529,409.0184400927777,367.99429907414196,353.8008878183907,0,0,0,0,356.64445123837464,363.76736470588213,370.8902781733896,374.48436934827146,367.9915294308753,0,0,0,0,363.2339126065582,370.6543529411762,378.07479327579426,373.0124350629253,362.07467390719916,0,0,0,0,18.25129423863009,,,,,,,373.0124350629253,362.07467390719916,0,0,0,0,373.0124350629253,362.07467390719916,0,0,0,0,0
1693503000,378.8,379.43,377.85,377.91,55.07940891312488,44.06352713049991,82.61911336968731,,377.91,5,15,30,60,368.4086069417992,374.7716352941177,381.1346636464362,375.68620010910917,371.2164916143842,0,0,0,0,363.4612775542803,386.239858823529,409.0184400927777,371.2204205688461,353.8008878183907,0,0,0,0,357.4594244553315,364.6087152941176,371.7580061329037,375.68620010910917,371.2164916143842,0,0,0,0,363.4782954776253,370.85331764705893,378.22833981649256,374.1551182727164,362.07467390719916,0,0,0,0,19.450276267267792,,,,,,,374.1551182727164,362.07467390719916,0,0,0,0,374.1551182727164,362.07467390719916,0,0,0,0,0
1693575000,380.4,380.84,376.09,376.92,52.306138535671536,41.84491082853723,78.4592078035073,,376.92,10,0,20,35,369.66890963304934,376.35915999999975,383.04941036695016,375.68620010910917,371.2164916143842,0,0,0,0,363.4612775542803,386.239858823529,409.0184400927777,371.2204205688461,353.8008878183907,0,0,0,0,358.63718005069074,365.6235952941179,372.610010537545,375.68620010910917,371.2164916143842,0,0,0,0,363.4782954776253,370.85331764705893,378.22833981649256,374.1551182727164,362.07467390719916,0,0,0,0,19.450276267267792,,,,,,,374.1551182727164,362.07467390719916,0,0,0,0,374.1551182727164,362.07467390719916,0,0,0,0,0
1693589400,376.92,377.83,376.19,377.65,52.306138535671536,41.84491082853723,78.4592078035073,,377.65,15,5,25,40,370.85270926823705,377.840825882353,384.8289424964689,375.68620010910917,371.2164916143842,0,0,0,0,364.2881393420244,386.7124705882352,409.136801834446,371.2204205688461,353.8008878183907,0,0,0,0,359.92329725969716,366.73320470588254,373.5431121520679,375.68620010910917,371.2164916143842,0,0,0,0,363.7600961749834,371.15416470588286,378.5482332367823,374.1551182727164,362.07467390719916,0,0,0,0,19.450276267267792,,,,,,,374.1551182727164,362.07467390719916,0,0,0,0,374.1551182727164,362.07467390719916,0,0,0,0,0
1693920600,376.77,379.06,375.84,377.91,52.06449553323028,41.65159642658423,78.09674329984541,,377.91,10,0,20,35,371.84814004278,379.05715058823495,386.2661611336899,375.68620010910917,371.2164916143842,0,0,0,0,364.2881393420244,386.7124705882352,409.136801834446,371.2204205688461,353.8008878183907,0,0,0,0,361.2059947052582,367.8577435294115,374.5094923535648,375.68620010910917,371.2164916143842,0,0,0,0,363.7600961749834,371.15416470588286,378.5482332367823,374.1551182727164,362.07467390719916,0,0,0,0,19.450276267267792,,,,,,,374.1551182727164,362.07467390719916,0,0,0,0,374.1551182727164,362.07467390719916,0,0,0,0,0
1693935000,377.9,379.305,377.8,378.06,52.06449553323028,41.65159642658423,78.09674329984541,,378.06,15,0,25,55,372.7190946266517,380.056110588235,387.3931265498183,375.85559632589815,371.2164916143842,0,0,0,0,364.2881393420244,386.7124705882352,409.136801834446,371.2204205688461,353.8008878183907,0,0,0,0,362.57910029624753,369.03774117647004,375.49638205669254,375.85559632589815,371.2164916143842,0,0,0,0,363.977938206765,371.3202117647058,378.6624853226466,374.3592516916663,362.07467390719916,0,0,0,0,19.460847295514558,,,,,,,374.3592516916663,362.07467390719916,0,0,0,0,374.3592516916663,362.07467390719916,0,0,0,0,0
1694007000,377.28,377.62,372.7,373.59,52.00544832232331,41.604358657858654,78.00817248348497,,373.59,10,-10,10,10,372.936328618382,380.0558705882353,380.0558705882353,375.85559632589815,371.2164916143842,0,0,0,0,364.2881393420244,386.7124705882352,409.136801834446,371.2204205688461,353.8008878183907,0,0,0,0,363.6331258733329,369.8453858823528,376.05764589137266,375.85559632589815,371.2164916143842,0,0,0,0,363.977938206765,371.3202117647058,378.6624853226466,374.3592516916663,362.07467390719916,0,0,0,0,19.460847295514558,,,,,,,374.3592516916663,362.07467390719916,0,0,0,0,374.3592516916663,362.07467390719916,0,0,0,0,0
1694021400,373.585,374.96,373.53,374.8,52.00544832232331,41.604358657858654,78.00817248348497,,374.8,5,-10,5,5,373.0819160074618,379.7687600000001,386.4556039925384,375.85559632589815,371.2164916143842,0,0,0,0,364.898068298406,386.95207058823496,409.00607287806395,371.2204205688461,353.8008878183907,0,0,0,0,364.79471590873106,370.76634823529395,376.73798056185683,375.85559632589815,371.2164916143842,0,0,0,0,363.92188941177386,370.996752941176,378.07161647057814,374.3592516916663,362.07467390719916,0,0,0,0,19.460847295514558,,,,,,,374.3592516916663,362.07467390719916,0,0,0,0,374.3592516916663,362.07467390719916,0,0,0,0,0
1694093400,370.21,372.15,369.14,371.86,51.94142273723384,41.55313818978708,77.91213410585077,,371.86,10,-10,10,-5,372.75596143795667,378.98903764705875,378.98903764705875,374.25251772935115,371.2164916143842,0,0,0,0,364.898068298406,386.95207058823496,409.00607287806395,371.2204205688461,353.8008878183907,0,0,0,0,365.2370960587217,371.16700470588216,371.16700470588216,374.25251772935115,371.2164916143842,0,0,0,0,363.92188941177386,370.996752941176,378.07161647057814,374.3592516916663,362.07467390719916,0,0,0,0,19.460847295514558,,,,,,,374.3592516916663,362.07467390719916,0,0,0,0,374.3592516916663,362.07467390719916,0,0,0,0,0
1694107800,371.9,372.83,371.31,372.03,51.94142273723384,41.55313818978708,77.91213410585077,,372.03,5,-5,5,5,372.5164742609449,378.44063294117615,378.44063294117615,374.25251772935115,371.2164916143842,0,0,0,0,364.898068298406,386.95207058823496,409.00607287806395,371.2204205688461,353.8008878183907,0,0,0,0,365.66422674672333,371.5638729411762,371.5638729411762,374.25251772935115,371.2164916143842,0,0,0,0,363.6938277853848,370.67105882352917,377.6482898616735,374.3592516916663,362.07467390719916,0,0,0,0,18.781811221375637,,,,,,,374.3592516916663,362.07467390719916,0,0,0,0,374.3592516916663,362.07467390719916,0,0,0,0,0
1694179800,372.01,374.85,371.92,373.13,52.951428245600724,42.36114259648058,79.42714236840109,,373.13,10,-10,10,10,372.4792821568707,378.24265176470595,378.24265176470595,374.25251772935115,371.2164916143842,0,0,0,0,364.898068298406,386.95207058823496,409.00607287806395,371.2204205688461,353.8008878183907,0,0,0,0,366.2176563713304,372.0837294117647,377.949802452199,374.25251772935115,371.2164916143842,0,0,0,0,363.6938277853848,370.67105882352917,377.6482898616735,374.3592516916663,362.07467390719916,0,0,0,0,18.781811221375637,,,,,,,374.3592516916663,362.07467390719916,0,0,0,0,374.3592516916663,362.07467390719916,0,0,0,0,0
1694194200,373.15,373.69,371.59,372.55,52.951428245600724,42.36114259648058,79.42714236840109,,372.55,5,-10,5,5,372.1908178544658,377.755305882353,377.755305882353,374.25251772935115,371.2164916143842,0,0,0,0,365.30631565170745,386.87999999999994,408.4536843482924,371.2204205688461,353.8008878183907,0,0,0,0,366.6565210183783,372.5066211764707,378.356721334563,374.25251772935115,371.2164916143842,0,0,0,0,363.5036992950169,370.39477647058794,377.285853646159,374.3592516916663,362.07467390719916,0,0,0,0,18.09792624416492,,,,,,,374.3592516916663,362.07467390719916,0,0,0,0,374.3592516916663,362.07467390719916,0,0,0,0,0
1694439000,375.66,376.3,373.66,376.03,52.09991297108237,41.6799303768659,78.14986945662355,,376.03,10,-10,10,10,372.30826567595335,377.6540070588237,382.99974844169407,374.25251772935115,371.2164916143842,0,0,0,0,365.30631565170745,386.87999999999994,408.4536843482924,371.2204205688461,353.8008878183907,0,0,0,0,367.4841224973947,373.31861882352945,379.1531151496642,374.25251772935115,371.2164916143842,0,0,0,0,363.5036992950169,370.39477647058794,377.285853646159,374.3592516916663,362.07467390719916,0,0,0,0,18.09792624416492,,,,,,,374.3592516916663,362.07467390719916,0,0,0,0,374.3592516916663,362.07467390719916,0,0,0,0,0
1694453400,376.03,377.49,376.03,376.97,52.09991297108237,41.6799303768659,78.14986945662355,,376.97,10,-10,10,25,372.7707406988245,378.16553176470654,383.5603228305886,374.6491295421989,371.2164916143842,0,0,0,0,365.30631565170745,386.87999999999994,408.4536843482924,371.2204205688461,353.8008878183907,0,0,0,0,368.09866214426074,374.01913411764724,379.93960609103374,374.6491295421989,371.2164916143842,0,0,0,0,363.60074204380305,370.4112470588234,377.22175207384373,374.3592516916663,362.07467390719916,0,0,0,0,18.09792624416492,,,,,,,374.3592516916663,362.07467390719916,0,0,0,0,374.3592516916663,362.07467390719916,0,0,0,0,0
1694525400,375.27,376.67,373.3,375.3,50.73692176217494,40.589537409739954,76.1053826432624,,375.3,10,-10,10,10,372.86409672521404,378.23889176470595,383.61368680419787,374.6491295421989,371.2164916143842,0,0,0,0,365.30631565170745,386.87999999999994,408.4536843482924,371.2204205688461,353.8008878183907,0,0,0,0,368.69637124137944,374.64435529411793,380.5923393468564,374.6491295421989,371.2164916143842,0,0,0,0,363.60074204380305,370.4112470588234,377.22175207384373,374.3592516916663,362.07467390719916,0,0,0,0,18.09792624416492,,,,,,,374.3592516916663,362.07467390719916,0,0,0,0,374.3592516916663,362.07467390719916,0,0,0,0,0
1694539800,375.32,375.52,372.5,372.8,50.73692176217494,40.589537409739954,76.1053826432624,,372.8,5,-5,5,5,372.4561054504212,377.55138117647067,377.55138117647067,374.6491295421989,371.2164916143842,0,0,0,0,365.6666451354059,386.6925882352942,407.7185313351825,371.2204205688461,353.8008878183907,0,0,0,0,369.2207550102334,375.13204705882345,375.13204705882345,374.6491295421989,371.2164916143842,0,0,0,0,363.5014152750516,370.2965882352941,377.0917611955366,374.3592516916663,362.07467390719916,0,0,0,0,18.09792624416492,,,,,,,374.3592516916663,362.07467390719916,0,0,0,0,374.3592516916663,362.07467390719916,0,0,0,0,0
1694611800,373.03,375.67,371.89,375.34,52.11945472901639,41.69556378321312,78.17918209352459,,375.34,10,-10,10,10,372.3997652229239,376.9596117647062,381.5194583064885,374.6491295421989,371.2164916143842,0,0,0,0,365.6666451354059,386.6925882352942,407.7185313351825,371.2204205688461,353.8008878183907,0,0,0,0,369.6635477394654,375.63138588235284,381.5992240252403,374.6491295421989,371.2164916143842,0,0,0,0,363.5014152750516,370.2965882352941,377.0917611955366,374.3592516916663,362.07467390719916,0,0,0,0,18.09792624416492,,,,,,,374.3592516916663,362.07467390719916,0,0,0,0,374.3592516916663,362.07467390719916,0,0,0,0,0
1694626200,375.36,375.84,373.16,374.23,52.11945472901639,41.69556378321312,78.17918209352459,,374.23,15,-10,15,15,372.21199964098975,376.017223529412,376.017223529412,374.6491295421989,371.2164916143842,0,0,0,0,365.6666451354059,386.6925882352942,407.7185313351825,371.2204205688461,353.8008878183907,0,0,0,0,370.0996405318985,376.0945364705885,382.08943240927846,374.6491295421989,371.2164916143842,0,0,0,0,363.52937305468436,370.3190588235291,377.1087445923738,374.3592516916663,362.07467390719916,0,0,0,0,18.09792624416492,,,,,,,374.3592516916663,362.07467390719916,0,0,0,0,374.3592516916663,362.07467390719916,0,0,0,0,0
1694698200,375.99,378.13,373.89,377.72,52.903506646920995,42.3228053175368,79.3552599703815,,377.72,10,-10,10,10,372.41265578713984,375.71531764705907,379.0179795069783,374.6491295421989,371.2164916143842,0,0,0,0,365.6666451354059,386.6925882352942,407.7185313351825,371.2204205688461,353.8008878183907,0,0,0,0,370.622279479303,376.72491058823556,382.8275416971681,374.6491295421989,371.2164916143842,0,0,0,0,363.52937305468436,370.3190588235291,377.1087445923738,374.3592516916663,362.07467390719916,0,0,0,0,18.09792624416492,,,,,,,374.3592516916663,362.07467390719916,0,0,0,0,374.3592516916663,362.07467390719916,0,0,0,0,0
1694712600,377.72,378.26,376.81,377.27,52.903506646920995,42.3228053175368,79.3552599703815,,377.27,5,-10,5,20,372.5959706933132,375.4017647058824,378.2075587184516,375.1098802278642,371.2164916143842,0,0,0,0,366.2451943618139,386.64178823529437,407.03838210877484,371.2204205688461,353.8008878183907,0,0,0,0,371.0501459869535,377.2369788235292,383.42381166010495,375.1098802278642,371.2164916143842,0,0,0,0,363.7604827042738,370.5695058823527,377.3785290604316,374.3592516916663,362.07467390719916,0,0,0,0,18.09792624416492,,,,,,,374.3592516916663,362.07467390719916,0,0,0,0,374.3592516916663,362.07467390719916,0,0,0,0,0
1694784600,375.91,376.32,370.42,370.49,53.5205568042059,42.81644544336473,80.28083520630885,,370.49,-10,-10,-10,-25,371.73453982894904,374.0548470588238,374.0548470588238,374.7817359259742,371.2164916143842,0,0,0,0,366.2451943618139,386.64178823529437,407.03838210877484,371.2204205688461,353.8008878183907,0,0,0,0,371.0437663354489,377.22812941176454,377.22812941176454,374.7817359259742,371.2164916143842,0,0,0,0,363.7604827042738,370.5695058823527,377.3785290604316,374.3592516916663,362.07467390719916,0,0,0,0,18.09792624416492,,,,,,,374.3592516916663,362.07467390719916,0,0,0,0,374.3592516916663,362.07467390719916,0,0,0,0,0
1694799000,370.45,371.195,369.86,370.67,53.5205568042059,42.81644544336473,80.28083520630885,,370.67,5,-5,5,-10,370.74453790682065,373.2047294117648,373.2047294117648,373.157326216976,371.2164916143842,0,0,0,0,366.2451943618139,386.64178823529437,407.03838210877484,371.2204205688461,353.8008878183907,0,0,0,0,371.04605710198626,377.2279623529412,377.2279623529412,373.157326216976,371.2164916143842,0,0,0,0,363.41760619323975,370.1891058823525,370.1891058823525,374.3592516916663,362.07467390719916,0,0,0,0,18.09792624416492,,,,,,,374.3592516916663,362.07467390719916,0,0,0,0,374.3592516916663,362.07467390719916,0,0,0,0,0
1695043800,369.32,371.79,369.02,371.35,53.526334212698536,42.82106737015883,80.2895013190478,,371.35,10,-10,10,10,369.9683884390078,372.5560235294117,372.5560235294117,373.157326216976,371.2164916143842,0,0,0,0,366.2451943618139,386.64178823529437,407.03838210877484,371.2204205688461,353.8008878183907,0,0,0,0,371.02304154902566,377.18483058823557,377.18483058823557,373.157326216976,371.2164916143842,0,0,0,0,363.41760619323975,370.1891058823525,370.1891058823525,374.3592516916663,362.07467390719916,0,0,0,0,18.09792624416492,,,,,,,374.3592516916663,362.07467390719916,0,0,0,0,374.3592516916663,362.07467390719916,0,0,0,0,0
1695058200,371.38,371.69,369.86,370.66,53.526334212698536,42.82106737015883,80.2895013190478,,370.66,5,-10,5,-10,369.2712978070132,371.98435294117667,371.98435294117667,372.69644792363243,371.2164916143842,0,0,0,0,366.41015506697585,385.6702117647056,404.9302684624353,371.2204205688461,353.8008878183907,0,0,0,0,370.9362020428774,377.07341647058803,377.07341647058803,372.69644792363243,371.2164916143842,0,0,0,0,363.0287440343136,369.74037647058816,369.74037647058816,374.3592516916663,362.07467390719916,0,0,0,0,18.09792624416492,,,,,,,374.3592516916663,362.07467390719916,0,0,0,0,374.3592516916663,362.07467390719916,0,0,0,0,0
1695130200,369.3,369.76,366.8,368.57,53.99227477485172,43.193819819881384,80.98841216227758,,368.57,-20,-10,-20,-65,368.14122766210187,371.1234823529414,371.1234823529414,370.9792841790504,371.2164916143842,0,0,0,0,366.41015506697585,385.6702117647056,404.9302684624353,371.2204205688461,353.8008878183907,0,0,0,0,370.7760327390656,376.91647294117666,376.91647294117666,370.9792841790504,371.2164916143842,0,0,0,0,363.0287440343136,369.74037647058816,369.74037647058816,372.95067724036926,362.07467390719916,0,0,0,0,3.0249833600995477,,,,,,,372.95067724036926,362.07467390719916,0,0,1,0,372.95067724036926,362.07467390719916,0,0,0,0,0
1695144600,368.575,370.63,368.575,369.87,53.99227477485172,43.193819819881384,80.98841216227758,,369.87,5,-10,5,-5,367.76436356674475,370.7513411764708,370.7513411764708,370.9792841790504,371.2164916143842,0,0,0,0,366.41015506697585,385.6702117647056,404.9302684624353,371.2204205688461,353.8008878183907,0,0,0,0,370.7643857870599,376.9048235294119,376.9048235294119,370.9792841790504,371.2164916143842,0,0,0,0,362.5653641731658,369.2247058823529,369.2247058823529,372.95067724036926,362.07467390719916,0,0,0,0,3.0249833600995477,,,,,,,372.95067724036926,362.07467390719916,0,0,0,0,372.95067724036926,362.07467390719916,0,0,0,0,0
1695216600,370.95,371.31,368.77,369.74,54.910939602590986,43.92875168207279,82.36640940388648,,369.74,10,-10,10,10,367.38661629092314,370.3798352941177,370.3798352941177,370.9792841790504,371.2164916143842,0,0,0,0,366.41015506697585,385.6702117647056,404.9302684624353,371.2204205688461,353.8008878183907,0,0,0,0,370.65866473265714,376.7928682352944,376.7928682352944,370.9792841790504,371.2164916143842,0,0,0,0,362.5653641731658,369.2247058823529,369.2247058823529,372.95067724036926,362.07467390719916,0,0,0,0,3.0249833600995477,,,,,,,372.95067724036926,362.07467390719916,0,0,0,0,372.95067724036926,362.07467390719916,0,0,0,0,0
1695231000,369.73,370.28,364.46,364.54,54.910939602590986,43.92875168207279,82.36640940388648,,364.54,-25,-5,-25,-50,366.1372951758918,369.4376235294122,369.4376235294122,369.23954830005437,371.2164916143842,0,0,0,1,366.0555814605711,384.49508235294127,384.49508235294127,371.2204205688461,353.8008878183907,0,0,0,0,370.0400103067742,376.20265411764734,376.20265411764734,369.23954830005437,371.2164916143842,0,0,0,0,361.62691159574683,368.35931764705896,368.35931764705896,372.95067724036926,362.07467390719916,0,0,0,0,3.0249833600995477,,,,,,,372.95067724036926,362.07467390719916,0,0,0,0,372.95067724036926,362.07467390719916,0,0,0,0,0
1695303000,360.8,361.6,359.17,360.74,54.73027589892329,43.78422071913863,82.09541384838494,,360.74,-10,-10,-10,-35,363.73826012948,367.7980705882352,367.7980705882352,363.336039095455,371.2164916143842,0,0,0,0,366.0555814605711,384.49508235294127,384.49508235294127,371.2204205688461,353.8008878183907,0,0,0,0,368.9883956136648,375.238557647059,375.238557647059,363.336039095455,371.2164916143842,0,0,0,0,361.62691159574683,368.35931764705896,368.35931764705896,365.0159993924976,362.07467390719916,0,0,0,0,2.6140868783264932,,,,,,,365.0159993924976,362.07467390719916,0,0,0,0,365.0159993924976,362.07467390719916,0,0,0,0,0
1695317400,360.76,361.12,357.69,357.77,54.73027589892329,43.78422071913863,82.09541384838494,,357.77,-15,-35,-60,-80,361.2421721489133,366.0378823529412,366.0378823529412,361.19686534250974,366.82935330562844,0,0,0,0,366.0555814605711,384.49508235294127,384.49508235294127,366.82939103778244,353.8008878183907,0,0,0,0,367.5807540155533,373.9782729411767,373.9782729411767,361.19686534250974,366.82935330562844,0,0,0,0,360.109061448361,367.16978823529416,367.16978823529416,364.5369994358906,362.07467390719916,0,0,0,0,1.0379045429927192,,,,,,,364.5369994358906,362.07467390719916,0,0,1,0,364.5369994358906,362.07467390719916,0,0,0,0,0
1695389400,359.62,361.8,358.44,359.82,53.59331336073356,42.874650688586854,80.38997004110034,,359.82,-15,-10,-25,-50,359.7715317168686,364.8571764705881,364.8571764705881,361.19686534250974,366.82935330562844,0,0,0,0,366.0555814605711,384.49508235294127,384.49508235294127,366.82939103778244,353.8008878183907,0,0,0,0,366.407770647582,372.8622235294117,372.8622235294117,361.19686534250974,366.82935330562844,0,0,0,0,360.109061448361,367.16978823529416,367.16978823529416,364.5369994358906,362.07467390719916,0,0,0,0,1.0379045429927192,,,,,,,364.5369994358906,362.07467390719916,0,0,0,0,364.5369994358906,362.07467390719916,0,0,0,0,0
1695403800,359.78,360.6,357.59,357.96,53.59331336073356,42.874650688586854,80.38997004110034,,357.96,-45,-20,-30,-55,357.6763450208447,363.24858823529405,363.24858823529405,361.19686534250974,366.82935330562844,0,0,0,0,365.155293584882,382.7747764705883,382.7747764705883,366.82939103778244,353.8008878183907,0,0,0,0,365.000071663303,371.4772564705885,371.4772564705885,361.19686534250974,366.82935330562844,0,0,0,0,358.97420667881335,366.27254117647095,366.27254117647095,364.02858624829344,362.07467390719916,0,0,0,0,1.0115764180107154,,,,,,,364.02858624829344,362.07467390719916,0,0,1,0,364.02858624829344,362.07467390719916,0,0,0,0,0
1695648600,356.93,359.6,355.93,358.45,52.94921955985323,42.35937564788259,79.42382933977984,,358.45,-25,-20,-25,-50,355.7599899851037,361.73901176470577,361.73901176470577,361.19686534250974,366.82935330562844,0,0,0,0,365.155293584882,382.7747764705883,382.7747764705883,366.82939103778244,353.8008878183907,0,0,0,0,363.64597453834244,370.0730188235294,370.0730188235294,361.19686534250974,366.82935330562844,0,0,0,0,358.97420667881335,366.27254117647095,366.27254117647095,363.04583008770106,362.07467390719916,0,0,0,0,0.960684490629377,,,,,,,363.04583008770106,362.07467390719916,0,0,0,0,363.04583008770106,362.07467390719916,0,0,0,0,0
1695663000,358.5,359.7,357.38,359.68,52.94921955985323,42.35937564788259,79.42382933977984,,359.68,-25,-40,-40,-55,353.89506075795634,360.2222588235296,360.2222588235296,361.19686534250974,364.7575036155673,0,0,0,0,365.155293584882,382.7747764705883,382.7747764705883,364.75753614992465,353.8008878183907,0,0,0,0,362.4281085655114,368.8011576470588,368.8011576470588,361.19686534250974,364.7575036155673,0,0,0,0,358.10797950903327,365.5540705882355,365.5540705882355,363.04583008770106,362.07467390719916,0,0,0,0,0.22868558983757808,,,,,,,363.04583008770106,362.07467390719916,0,0,0,0,363.04583008770106,362.07467390719916,0,0,0,0,0
1695735000,356.99,357.54,354.59,354.97,53.038258767837355,42.43060701426989,79.55738815175603,,354.97,-20,-15,-10,-35,351.32527645984953,358.2304470588234,358.2304470588234,358.4463948334123,364.7575036155673,0,0,0,0,365.155293584882,382.7747764705883,382.7747764705883,364.75753614992465,353.8008878183907,0,0,0,0,360.7052634583862,367.33990823529393,367.33990823529393,358.4463948334123,364.7575036155673,0,0,0,0,358.10797950903327,365.5540705882355,365.5540705882355,361.02859839194633,362.07467390719916,0,0,0,0,-7.375776547453735,,,,,,,361.02859839194633,362.07467390719916,0,0,1,0,361.02859839194633,362.07467390719916,0,1,0,0,0
1695749400,354.98,355.21,353.22,354.23,53.038258767837355,42.43060701426989,79.55738815175603,,354.23,-40,-40,-40,-80,348.95680928084016,356.36644705882355,356.36644705882355,356.7627588104422,362.6933890715983,0,0,0,0,363.9807423558473,380.4871294117647,380.4871294117647,362.69771213921575,353.8008878183907,0,0,0,0,358.95314736131377,365.8932000000003,365.8932000000003,356.7627588104422,362.6933890715983,0,0,0,0,356.9136681385142,364.60369411764714,364.60369411764714,358.59155564966443,362.07467390719916,0,0,0,0,-8.22972687581278,,,,,,,358.59155564966443,362.07467390719916,0,0,0,0,358.59155564966443,362.07467390719916,0,0,0,0,0
1695821400,355.38,356.63,352.08,352.11,52.834332310107214,42.26746584808578,79.25149846516082,,352.11,-15,-25,-25,-50,346.6549284501633,354.52315294117665,354.52315294117665,356.7627588104422,362.6933890715983,0,0,0,0,363.9807423558473,380.4871294117647,380.4871294117647,362.69771213921575,353.8008878183907,0,0,0,0,356.96813082053626,364.280797647059,364.280797647059,356.7627588104422,362.6933890715983,0,0,0,0,356.9136681385142,364.60369411764714,364.60369411764714,358.59155564966443,362.07467390719916,0,0,0,0,-8.22972687581278,,,,,,,358.59155564966443,362.07467390719916,0,0,0,0,358.59155564966443,362.07467390719916,0,0,0,0,0
1695835800,352.1,356.98,351.36,355.13,52.834332310107214,42.26746584808578,79.25149846516082,,355.13,-20,-40,-45,-60,345.4192825344106,353.41623529411777,353.41623529411777,356.7627588104422,362.16671842362695,0,0,0,0,363.9807423558473,380.4871294117647,380.4871294117647,362.17073270070034,353.8008878183907,0,0,0,0,355.3925945625573,362.9289835294118,362.9289835294118,356.7627588104422,362.16671842362695,0,0,0,0,356.16572230325676,363.9097882352943,363.9097882352943,358.59155564966443,362.07467390719916,0,0,0,0,-8.415911908362046,,,,,,,358.59155564966443,362.07467390719916,0,0,0,0,358.59155564966443,362.07467390719916,0,0,0,0,0
1695907800,354.1,360.17,353.24,358.4,53.167511692297055,42.53400935383765,79.75126753844557,,358.4,0,-25,-10,-35,345.169747775989,353.01447058823516,353.01447058823516,356.7627588104422,362.16671842362695,0,0,0,0,363.9807423558473,380.4871294117647,380.4871294117647,362.17073270070034,353.8008878183907,0,0,0,0,354.4152468970992,362.1028399999995,362.1028399999995,356.7627588104422,362.16671842362695,0,0,0,0,356.16572230325676,363.9097882352943,363.9097882352943,358.59155564966443,362.07467390719916,0,0,0,0,-8.415911908362046,,,,,,,358.59155564966443,362.07467390719916,0,0,0,0,358.59155564966443,362.07467390719916,0,0,0,0,0
1695922200,358.43,359.37,356.93,358.065,53.167511692297055,42.53400935383765,79.75126753844557,,358.065,-15,-30,-25,-40,344.9764915439332,352.70521176470584,352.70521176470584,356.7627588104422,362.16671842362695,0,0,0,0,363.0779593590872,378.6316705882353,378.6316705882353,362.17073270070034,353.8008878183907,0,0,0,0,353.41921079553146,361.2584023529411,361.2584023529411,356.7627588104422,362.16671842362695,0,0,0,0,355.86761938302163,363.51512941176486,363.51512941176486,358.59155564966443,362.07467390719916,0,0,0,0,-7.48508548545374,,,,,,,358.59155564966443,362.07467390719916,0,0,0,0,358.59155564966443,362.07467390719916,0,0,0,0,0
1695994200,361.54,362.94,357.39,358.32,54.52143707865524,43.61714966292419,81.78215561798285,,358.32,-10,-15,-10,5,344.86395074873866,352.4973764705884,352.4973764705884,357.6000310606216,362.16671842362695,0,0,0,0,363.0779593590872,378.6316705882353,378.6316705882353,362.17073270070034,353.8008878183907,0,0,0,0,352.2982477758498,360.24436470588216,360.24436470588216,357.6000310606216,362.16671842362695,0,0,0,0,355.86761938302163,363.51512941176486,363.51512941176486,358.59155564966443,362.07467390719916,0,0,0,0,-7.48508548545374,,,,,,,358.59155564966443,362.07467390719916,0,0,0,0,358.59155564966443,362.07467390719916,0,0,0,0,0
1696008600,358.3,359.805,357.02,358.34,54.52143707865524,43.61714966292419,81.78215561798285,,358.34,-15,-15,-15,-15,345.105779962709,352.48747058823557,352.48747058823557,357.6000310606216,362.16671842362695,0,0,0,0,363.0779593590872,378.6316705882353,378.6316705882353,362.17073270070034,353.8008878183907,0,0,0,0,351.12835850668637,359.1363976470589,359.1363976470589,357.6000310606216,362.16671842362695,0,0,0,0,355.08218346936104,362.8500941176469,362.8500941176469,358.59155564966443,362.07467390719916,0,0,0,0,-7.48508548545374,,,,,,,358.59155564966443,362.07467390719916,0,0,0,0,358.59155564966443,362.07467390719916,0,0,0,0,0
1696253400,358.54,362.68,357.92,359.5,56.45930061640035,45.16744049312028,84.68895092460052,,359.5,-10,-15,-10,-10,345.8310187740399,352.9224823529414,360.01394593184295,357.6000310606216,362.16671842362695,0,0,0,0,363.0779593590872,378.6316705882353,378.6316705882353,362.17073270070034,353.8008878183907,0,0,0,0,350.09073654673364,358.13783529411745,358.13783529411745,357.6000310606216,362.16671842362695,0,0,0,0,355.08218346936104,362.8500941176469,362.8500941176469,358.59155564966443,362.07467390719916,0,0,0,0,-7.48508548545374,,,,,,,358.59155564966443,362.07467390719916,0,0,0,0,358.59155564966443,362.07467390719916,0,0,0,0,0
1696267800,359.51,361.32,358.34,361.31,56.45930061640035,45.16744049312028,84.68895092460052,,361.31,-15,0,-15,-15,347.1799604164257,353.6715647058827,360.16316899533973,357.6000310606216,362.16671842362695,0,0,0,0,362.47851463519345,376.895929411765,376.895929411765,362.17073270070034,353.8008878183907,0,0,0,0,349.3029279697448,357.3902941176467,357.3902941176467,357.6000310606216,362.16671842362695,0,0,0,0,354.60147456426415,362.4155294117646,362.4155294117646,358.59155564966443,362.07467390719916,0,0,0,0,-7.0458861449786605,,,,,,,358.59155564966443,362.07467390719916,0,0,0,0,358.59155564966443,362.07467390719916,0,0,0,0,0
1696339800,358.77,361,354.72,355.06,55.49540963251992,44.39632770601594,83.24311444877989,,355.06,-10,-10,-10,-10,347.886933360437,353.7765058823529,353.7765058823529,357.6000310606216,362.16671842362695,0,0,0,0,362.47851463519345,376.895929411765,376.895929411765,362.17073270070034,353.8008878183907,0,0,0,0,347.9654717710624,356.26715294117633,356.26715294117633,357.6000310606216,362.16671842362695,0,0,0,0,354.60147456426415,362.4155294117646,362.4155294117646,358.59155564966443,362.07467390719916,0,0,0,0,-7.0458861449786605,,,,,,,358.59155564966443,362.07467390719916,0,0,0,0,358.59155564966443,362.07467390719916,0,0,0,0,0
1696354200,355.09,355.13,353.28,354.88,55.49540963251992,44.39632770601594,83.24311444877989,,354.88,-15,-15,-15,-15,347.69540534005546,353.4272823529413,353.4272823529413,357.6000310606216,362.16671842362695,0,0,0,0,362.47851463519345,376.895929411765,376.895929411765,362.17073270070034,353.8008878183907,0,0,0,0,346.6548477695263,355.1653058823532,355.1653058823532,357.6000310606216,362.16671842362695,0,0,0,0,353.5297633625471,361.5464941176472,361.5464941176472,358.59155564966443,362.07467390719916,0,0,0,0,-6.609237153632808,,,,,,,358.59155564966443,362.07467390719916,0,0,0,0,358.59155564966443,362.07467390719916,0,0,0,0,0
1696426200,355.77,359.25,355.301,357.72,55.340471298711606,44.27237703896929,83.01070694806741,,357.72,-10,-15,-10,-10,348.3493212506743,353.74798823529426,353.74798823529426,357.6000310606216,362.16671842362695,0,0,0,0,362.47851463519345,376.895929411765,376.895929411765,362.17073270070034,353.8008878183907,0,0,0,0,346.000246176984,354.59134117647045,354.59134117647045,357.6000310606216,362.16671842362695,0,0,0,0,353.5297633625471,361.5464941176472,361.5464941176472,358.59155564966443,362.07467390719916,0,0,0,0,-6.609237153632808,,,,,,,358.59155564966443,362.07467390719916,0,0,0,0,358.59155564966443,362.07467390719916,0,0,0,0,0
1696440600,357.69,360.61,356.99,359.77,55.340471298711606,44.27237703896929,83.01070694806741,,359.77,-15,0,-15,-15,349.5800505760918,354.519682352941,359.4593141297902,357.6000310606216,362.16671842362695,0,0,0,0,361.71243244062816,375.13211764705875,375.13211764705875,362.17073270070034,353.8008878183907,0,0,0,0,345.6481722837923,354.2512588235297,354.2512588235297,357.6000310606216,362.16671842362695,0,0,0,0,353.20355356476733,361.20463529411757,361.20463529411757,358.59155564966443,362.07467390719916,0,0,0,0,-6.497526134103248,,,,,,,358.59155564966443,362.07467390719916,0,0,0,0,358.59155564966443,362.07467390719916,0,0,0,0,0
1696512600,359.74,360.15,355.14,357.5,56.074486152433494,44.859588921946795,84.11172922865023,,357.5,-10,-10,-10,-10,350.4307494370334,354.90662352941206,354.90662352941206,357.6000310606216,362.16671842362695,0,0,0,0,361.71243244062816,375.13211764705875,375.13211764705875,362.17073270070034,353.8008878183907,0,0,0,0,345.24283412220194,353.85136470588213,353.85136470588213,357.6000310606216,362.16671842362695,0,0,0,0,353.20355356476733,361.20463529411757,361.20463529411757,358.59155564966443,362.07467390719916,0,0,0,0,-6.497526134103248,,,,,,,358.59155564966443,362.07467390719916,0,0,0,0,358.59155564966443,362.07467390719916,0,0,0,0,0
1696527000,357.52,359.68,357.03,358.66,56.074486152433494,44.859588921946795,84.11172922865023,,358.66,-15,-10,-15,-15,351.42085817071086,355.533117647059,359.6453771234071,357.6000310606216,362.16671842362695,0,0,0,0,361.71243244062816,375.13211764705875,375.13211764705875,362.17073270070034,353.8008878183907,0,0,0,0,345.0236846019136,353.59330588235287,353.59330588235287,357.6000310606216,362.16671842362695,0,0,0,0,352.75251382217897,360.7748470588238,360.7748470588238,358.59155564966443,362.07467390719916,0,0,0,0,-6.497526134103248,,,,,,,358.59155564966443,362.07467390719916,0,0,0,0,358.59155564966443,362.07467390719916,0,0,0,0,0
1696599000,355.66,364.36,354.85,364.09,55.32808992747618,44.26247194198095,82.99213489121426,,364.09,10,0,10,10,353.30152023554854,356.88323529411764,360.46495035268674,357.6000310606216,362.16671842362695,0,0,0,0,361.71243244062816,375.13211764705875,375.13211764705875,362.17073270070034,353.8008878183907,0,0,0,0,345.47487504502817,353.8746823529412,362.2744896608542,357.6000310606216,362.16671842362695,0,0,0,0,352.75251382217897,360.7748470588238,360.7748470588238,358.59155564966443,362.07467390719916,0,0,0,0,-6.497526134103248,,,,,,,358.59155564966443,362.07467390719916,0,0,0,0,358.59155564966443,362.07467390719916,0,0,0,0,0
1696613400,364.12,365.875,363.77,364.69,55.32808992747618,44.26247194198095,82.99213489121426,,364.69,15,-10,15,40,355.5784033932361,358.7344117647059,361.8904201361757,361.8091006747259,362.16671842362695,0,0,0,0,361.37573102683444,373.69731764705887,373.69731764705887,362.17073270070034,353.8008878183907,0,0,0,0,345.96111633458383,354.2012823529411,362.4414483712984,361.8091006747259,362.16671842362695,0,0,0,0,352.86964291966507,360.82002352941186,368.77040413915864,359.66126394817456,362.07467390719916,0,0,0,0,-6.442131399142565,,,,,,,359.66126394817456,362.07467390719916,0,0,0,0,359.66126394817456,362.07467390719916,0,0,0,0,0
1696858200,362.3,364.54,360.79,364.49,56.364138924266676,45.09131113941334,84.54620838640001,,364.49,10,-10,10,20,357.1198214874679,360.09994117647057,363.08006086547323,361.8091006747259,362.16671842362695,0,0,0,0,361.37573102683444,373.69731764705887,373.69731764705887,362.17073270070034,353.8008878183907,0,0,0,0,346.4062694285267,354.5038588235297,362.6014482185327,361.8091006747259,362.16671842362695,0,0,0,0,352.86964291966507,360.82002352941186,368.77040413915864,359.66126394817456,362.07467390719916,0,0,0,0,-6.442131399142565,,,,,,,359.66126394817456,362.07467390719916,0,0,0,0,359.66126394817456,362.07467390719916,0,0,0,0,0
1696872600,364.53,367.11,364.53,366.56,56.364138924266676,45.09131113941334,84.54620838640001,,366.56,15,-10,15,60,358.11703280150454,361.47871764705934,364.84040249261415,363.3610403053636,362.16671842362695,0,0,0,0,361.37573102683444,373.69731764705887,373.69731764705887,362.17073270070034,353.8008878183907,0,0,0,0,347.1030292760143,355.02561176470607,362.94819425339784,363.3610403053636,362.16671842362695,0,0,0,0,353.6680431157644,361.3120705882353,368.9560980607062,360.5414469757219,362.07467390719916,0,0,0,0,8.603448789022549,,,,,,,360.5414469757219,362.07467390719916,0,0,1,0,360.5414469757219,362.07467390719916,0,0,0,0,0
1696944600,366.91,371.28,366.4,369.03,55.661286584969346,44.52902926797548,83.49192987745403,,369.03,10,-10,10,35,359.1230238357614,363.1153764705884,367.1077291054154,365.409315365339,362.16671842362695,0,0,0,0,361.37573102683444,373.69731764705887,373.69731764705887,362.17073270070034,353.8008878183907,0,0,0,0,348.0318368332192,355.77564705882367,363.51945728442814,365.409315365339,362.16671842362695,0,0,0,0,353.6680431157644,361.3120705882353,368.9560980607062,362.3477721917418,362.07467390719916,0,0,0,0,16.196989155806264,,,,,,,362.3477721917418,362.07467390719916,0,0,0,0,362.3477721917418,362.07467390719916,0,0,0,0,1
1696959000,369.04,369.56,368.35,368.54,55.661286584969346,44.52902926797548,83.49192987745403,,368.54,15,-10,15,40,360.288117410546,364.6888352941178,369.08955317768954,365.8513994731749,362.16671842362695,0,0,0,0,361.2945615352088,372.6485647058824,384.002567876556,362.17073270070034,353.8008878183907,0,0,0,0,348.96743091697317,356.514529411765,364.06162790655685,365.8513994731749,362.16671842362695,0,0,0,0,354.7085778035768,362.0095529411765,369.31052807877614,364.5007884637603,362.07467390719916,0,0,0,0,16.308482883508116,,,,,,,364.5007884637603,362.07467390719916,0,0,0,0,364.5007884637603,362.07467390719916,0,0,0,0,0
1697031000,369.94,371.41,368.5,368.94,55.27341017039009,44.21872813631208,82.91011525558514,,368.94,10,-10,10,35,361.3418326405402,366.13139999999987,370.92096735945955,366.77772808223386,362.16671842362695,0,0,0,0,361.2945615352088,372.6485647058824,384.002567876556,362.17073270070034,353.8008878183907,0,0,0,0,349.6553432353832,357.1280705882354,364.6007979410876,366.77772808223386,362.16671842362695,0,0,0,0,354.7085778035768,362.0095529411765,369.31052807877614,364.71787500206307,362.07467390719916,0,0,0,0,16.319724687717322,,,,,,,364.71787500206307,362.07467390719916,0,0,0,0,364.71787500206307,362.07467390719916,0,0,0,0,0
1697045400,368.92,371.38,368.2,371.2,55.27341017039009,44.21872813631208,82.91011525558514,,371.2,15,5,30,55,362.4435308647843,367.6679176470588,372.8923044293333,367.79610007167196,362.53831612258966,0,0,0,0,361.2945615352088,372.6485647058824,384.002567876556,362.54690269571853,353.8008878183907,0,0,0,0,350.5794678283149,357.9764352941175,365.3734027599201,367.79610007167196,362.53831612258966,0,0,0,0,355.92207270413496,362.9111529411762,369.9002331782175,364.71787500206307,362.07467390719916,0,0,0,0,16.452627828993243,,,,,,,364.71787500206307,362.07467390719916,0,0,0,0,364.71787500206307,362.07467390719916,0,0,0,0,0
1697117400,371.73,373.6,369.64,369.73,54.196858112656,43.357486490124806,81.295287168984,,369.73,0,-10,0,25,363.5579910883388,369.17464705882344,374.7913030293081,368.6863786379811,362.53831612258966,0,0,0,0,361.2945615352088,372.6485647058824,384.002567876556,362.54690269571853,353.8008878183907,0,0,0,0,351.23731977256443,358.60152941176466,365.9657390509649,368.6863786379811,362.53831612258966,0,0,0,0,355.92207270413496,362.9111529411762,369.9002331782175,365.8851065068809,362.07467390719916,0,0,0,0,16.51307279322994,,,,,,,365.8851065068809,362.07467390719916,0,0,0,0,365.8851065068809,362.07467390719916,0,0,0,0,0
1697131800,369.73,370.36,367.5,369.87,54.196858112656,43.357486490124806,81.295287168984,,369.87,15,-10,15,25,364.2916242871264,370.0195647058827,375.747505124639,368.6863786379811,362.53831612258966,0,0,0,0,361.24677663976007,371.831294117647,382.41581159553397,362.54690269571853,353.8008878183907,0,0,0,0,351.91963123131546,359.2493058823533,366.5789805333912,368.6863786379811,362.53831612258966,0,0,0,0,356.4781412672132,363.4038117647056,370.32948226219804,365.8851065068809,362.07467390719916,0,0,0,0,16.51307279322994,,,,,,,365.8851065068809,362.07467390719916,0,0,0,0,365.8851065068809,362.07467390719916,0,0,0,0,0
1697203800,370.57,371.14,364.17,364.24,53.97288875572951,43.178311004583605,80.95933313359426,,364.24,10,-10,10,20,364.39726879664335,369.94857647058797,369.94857647058797,368.6863786379811,362.53831612258966,0,0,0,0,361.24677663976007,371.831294117647,382.41581159553397,362.54690269571853,353.8008878183907,0,0,0,0,352.27010817299396,359.50901176470614,359.50901176470614,368.6863786379811,362.53831612258966,0,0,0,0,356.4781412672132,363.4038117647056,370.32948226219804,365.8851065068809,362.07467390719916,0,0,0,0,16.51307279322994,,,,,,,365.8851065068809,362.07467390719916,0,0,0,0,365.8851065068809,362.07467390719916,0,0,0,0,0
1697218200,364.2,366.42,363.86,365.25,53.97288875572951,43.178311004583605,80.95933313359426,,365.25,15,-10,15,-5,364.4394535590798,369.73739999999987,369.73739999999987,367.979941193931,362.53831612258966,0,0,0,0,361.24677663976007,371.831294117647,382.41581159553397,362.54690269571853,353.8008878183907,0,0,0,0,352.68903736054205,359.84485882352953,367.000680286517,367.979941193931,362.53831612258966,0,0,0,0,356.6567211332124,363.52190588235254,370.3870906314927,365.8851065068809,362.07467390719916,0,0,0,0,16.51307279322994,,,,,,,365.8851065068809,362.07467390719916,0,0,0,0,365.8851065068809,362.07467390719916,0,0,0,0,0
1697463000,366.62,370.22,366.48,368.77,54.819468678933646,43.85557494314692,82.22920301840047,,368.77,10,-10,10,10,364.9373702728968,370.19215294117635,375.44693560945586,367.979941193931,362.53831612258966,0,0,0,0,361.24677663976007,371.831294117647,382.41581159553397,362.54690269571853,353.8008878183907,0,0,0,0,353.6134215599763,360.6104000000002,367.6073784400241,367.979941193931,362.53831612258966,0,0,0,0,356.6567211332124,363.52190588235254,370.3870906314927,365.8851065068809,362.07467390719916,0,0,0,0,16.51307279322994,,,,,,,365.8851065068809,362.07467390719916,0,0,0,0,365.8851065068809,362.07467390719916,0,0,0,0,0
1697477400,368.765,370.48,368.62,369.47,54.819468678933646,43.85557494314692,82.22920301840047,,369.47,15,-10,15,15,365.51299932449626,370.82758823529394,376.1421771460916,367.979941193931,362.53831612258966,0,0,0,0,361.2729958401319,370.7690117647059,380.2650276892799,362.54690269571853,353.8008878183907,0,0,0,0,354.6772575214738,361.4849764705879,368.29269541970206,367.979941193931,362.53831612258966,0,0,0,0,357.0743280578142,363.91070588235306,370.7470837068919,365.8851065068809,362.07467390719916,0,0,0,0,16.51307279322994,,,,,,,365.8851065068809,362.07467390719916,0,0,0,0,365.8851065068809,362.07467390719916,0,0,0,0,0
1697549400,365.81,369.92,363.67,368.71,57.55120858297772,46.04096686638218,86.32681287446658,,368.71,10,-10,10,10,365.8808849888891,371.1837882352943,376.4866914816995,367.979941193931,362.53831612258966,0,0,0,0,361.2729958401319,370.7690117647059,380.2650276892799,362.54690269571853,353.8008878183907,0,0,0,0,355.59312239424014,362.25138823529426,368.9096540763484,367.979941193931,362.53831612258966,0,0,0,0,357.0743280578142,363.91070588235306,370.7470837068919,365.8851065068809,362.07467390719916,0,0,0,0,16.51307279322994,,,,,,,365.8851065068809,362.07467390719916,0,0,0,0,365.8851065068809,362.07467390719916,0,0,0,0,0
1697563800,368.69,368.73,366.75,368.26,57.55120858297772,46.04096686638218,86.32681287446658,,368.26,15,-10,15,15,366.1686358110956,371.44341176470573,376.71818771831585,367.979941193931,362.53831612258966,0,0,0,0,361.2729958401319,370.7690117647059,380.2650276892799,362.54690269571853,353.8008878183907,0,0,0,0,356.3261754016921,362.89836470588233,369.47055401007253,367.979941193931,362.53831612258966,0,0,0,0,357.60061114953527,364.3377411764704,371.0748712034055,365.8851065068809,362.07467390719916,0,0,0,0,16.51307279322994,,,,,,,365.8851065068809,362.07467390719916,0,0,0,0,365.8851065068809,362.07467390719916,0,0,0,0,0
1697635800,365.67,367.91,364.23,366.04,57.33150931521366,45.86520745217093,85.99726397282049,,366.04,10,-10,10,10,366.07112765035856,371.2212941176471,371.2212941176471,367.979941193931,362.53831612258966,0,0,0,0,361.2729958401319,370.7690117647059,380.2650276892799,362.54690269571853,353.8008878183907,0,0,0,0,357.10168862719024,363.4852470588231,369.868805490456,367.979941193931,362.53831612258966,0,0,0,0,357.60061114953527,364.3377411764704,371.0748712034055,365.8851065068809,362.07467390719916,0,0,0,0,16.51307279322994,,,,,,,365.8851065068809,362.07467390719916,0,0,0,0,365.8851065068809,362.07467390719916,0,0,0,0,0
1697650200,366.03,366.03,362.02,363.09,57.33150931521366,45.86520745217093,85.99726397282049,,363.09,-15,-10,-15,-30,365.62753925475164,370.7273411764704,370.7273411764704,366.09565922175165,362.53831612258966,0,0,0,0,360.7227599127986,369.40731764705896,369.40731764705896,362.54690269571853,353.8008878183907,0,0,0,0,357.60477170225874,363.8205529411763,363.8205529411763,366.09565922175165,362.53831612258966,0,0,0,0,357.56620828181883,364.278588235294,364.278588235294,365.8851065068809,362.07467390719916,0,0,0,0,16.433330908464388,,,,,,,365.8851065068809,362.07467390719916,0,0,0,0,365.8851065068809,362.07467390719916,0,0,0,0,0
1697722200,364.81,366.02,360.92,364.27,57.168579089857545,45.73486327188604,85.75286863478632,,364.27,-10,-10,-10,10,365.209556159987,370.24235294117676,370.24235294117676,366.09565922175165,362.53831612258966,0,0,0,0,360.7227599127986,369.40731764705896,369.40731764705896,362.54690269571853,353.8008878183907,0,0,0,0,358.52303147409117,364.41329411764707,364.41329411764707,366.09565922175165,362.53831612258966,0,0,0,0,357.56620828181883,364.278588235294,364.278588235294,365.8851065068809,362.07467390719916,0,0,0,0,16.433330908464388,,,,,,,365.8851065068809,362.07467390719916,0,0,0,0,365.8851065068809,362.07467390719916,0,0,0,0,0
1697736600,364.3,364.79,359.165,359.94,57.168579089857545,45.73486327188604,85.75286863478632,,359.94,-15,-15,-15,-50,364.00185480455303,368.7491764705886,368.7491764705886,363.50128248730863,362.53831612258966,0,0,0,0,360.7227599127986,369.40731764705896,369.40731764705896,362.54690269571853,353.8008878183907,0,0,0,0,359.1102288305114,364.6834705882355,364.6834705882355,363.50128248730863,362.53831612258966,0,0,0,0,357.03817862565825,363.81214117647045,363.81214117647045,365.8851065068809,362.07467390719916,0,0,0,0,16.433330908464388,,,,,,,365.8851065068809,362.07467390719916,0,0,0,0,365.8851065068809,362.07467390719916,0,0,0,0,0
1697808600,359.46,360.04,354.6,357.36,57.98966236009,46.39172988807201,86.984493540135,,357.36,-10,-10,-10,-55,361.9415004196778,366.5328470588237,366.5328470588237,361.1085547977304,362.53831612258966,0,0,0,0,360.7227599127986,369.40731764705896,369.40731764705896,362.54690269571853,353.8008878183907,0,0,0,0,358.99066398414107,364.5228941176473,364.5228941176473,361.1085547977304,362.53831612258966,0,0,0,0,357.03817862565825,363.81214117647045,363.81214117647045,364.1833989024487,362.07467390719916,0,0,0,0,1.345208154009373,,,,,,,364.1833989024487,362.07467390719916,0,0,1,0,364.1833989024487,362.07467390719916,0,0,0,0,0
1697823000,357.41,357.89,354.38,354.62,57.98966236009,46.39172988807201,86.984493540135,,354.62,-15,-15,-15,-40,359.62615742398015,364.41642352941193,364.41642352941193,358.70834571845126,362.53831612258966,0,0,0,0,359.19737922781763,367.71941176470585,367.71941176470585,362.54690269571853,353.8008878183907,0,0,0,0,358.6484122818013,364.18765882352955,364.18765882352955,358.70834571845126,362.53831612258966,0,0,0,0,356.00758482634785,362.97461176470625,362.97461176470625,361.9881561237023,362.07467390719916,0,0,0,0,-6.2684722690296715,,,,,,,361.9881561237023,362.07467390719916,0,0,0,0,361.9881561237023,362.07467390719916,0,0,0,0,0
1698067800,353.26,359.26,351.11,357.79,60.56304712907398,48.45043770325918,90.84457069361096,,357.79,0,-15,0,-10,357.8903889667541,362.81623529411763,362.81623529411763,358.70834571845126,362.53831612258966,0,0,0,0,359.19737922781763,367.71941176470585,367.71941176470585,362.54690269571853,353.8008878183907,0,0,0,0,358.7280756119385,364.16352941176467,364.16352941176467,358.70834571845126,362.53831612258966,0,0,0,0,356.00758482634785,362.97461176470625,362.97461176470625,361.9881561237023,362.07467390719916,0,0,0,0,-6.2684722690296715,,,,,,,361.9881561237023,362.07467390719916,0,0,0,0,361.9881561237023,362.07467390719916,0,0,0,0,0
1698082200,357.8,358.8,355.51,355.68,60.56304712907398,48.45043770325918,90.84457069361096,,355.68,-15,-15,-15,-25,355.84992753376207,360.82352941176487,360.82352941176487,358.70834571845126,362.53831612258966,0,0,0,0,359.19737922781763,367.71941176470585,367.71941176470585,362.54690269571853,353.8008878183907,0,0,0,0,358.5990113250652,363.9798705882348,363.9798705882348,358.70834571845126,362.53831612258966,0,0,0,0,355.037945881851,362.15908235294125,362.15908235294125,361.9881561237023,362.07467390719916,0,0,0,0,-6.2684722690296715,,,,,,,361.9881561237023,362.07467390719916,0,0,0,0,361.9881561237023,362.07467390719916,0,0,0,0,0
1698154200,357.51,359.91,355.79,357.4,66.82101009938923,53.45680807951138,100.23151514908383,,357.4,-10,-15,-10,-20,354.235403395126,359.2676470588236,359.2676470588236,358.70834571845126,362.53831612258966,0,0,0,0,359.19737922781763,367.71941176470585,367.71941176470585,362.54690269571853,353.8008878183907,0,0,0,0,358.54482626365024,363.8814117647055,363.8814117647055,358.70834571845126,362.53831612258966,0,0,0,0,355.037945881851,362.15908235294125,362.15908235294125,361.9881561237023,362.07467390719916,0,0,0,0,-6.2684722690296715,,,,,,,361.9881561237023,362.07467390719916,0,0,0,0,361.9881561237023,362.07467390719916,0,0,0,0,0
1698168600,357.41,359.51,357.05,359.19,66.82101009938923,53.45680807951138,100.23151514908383,,359.19,-15,-20,-15,-15,353.10812683622567,358.21571764705885,358.21571764705885,358.70834571845126,362.53831612258966,0,0,0,0,358.13396214300394,366.45357647058836,366.45357647058836,362.54690269571853,353.8008878183907,0,0,0,0,358.77795474945634,364.0002235294113,364.0002235294113,358.70834571845126,362.53831612258966,0,0,0,0,354.64475712418914,361.80148235294126,361.80148235294126,361.9881561237023,362.07467390719916,0,0,0,0,-6.2684722690296715,,,,,,,361.9881561237023,362.07467390719916,0,0,0,0,361.9881561237023,362.07467390719916,0,0,0,0,0
1698240600,356.7,356.88,350.81,351.06,68.56953917059323,54.85563133647459,102.85430875588985,,351.06,-10,-15,-10,-25,350.81130584674776,356.4344470588234,356.4344470588234,357.53448862440877,362.53831612258966,0,0,0,0,358.13396214300394,366.45357647058836,366.45357647058836,362.54690269571853,353.8008878183907,0,0,0,0,358.2135997012156,363.5076941176472,363.5076941176472,357.53448862440877,362.53831612258966,0,0,0,0,354.64475712418914,361.80148235294126,361.80148235294126,361.3524228960363,362.07467390719916,0,0,0,0,-6.3013936492800715,,,,,,,361.3524228960363,362.07467390719916,0,0,0,0,361.3524228960363,362.07467390719916,0,1,0,0,0
1698255000,351.05,351.09,349.76,350.31,68.56953917059323,54.85563133647459,102.85430875588985,,350.31,-15,-15,-15,-40,348.0839556618414,354.30835294117605,354.30835294117605,353.7959111098218,362.53831612258966,0,0,0,0,358.13396214300394,366.45357647058836,366.45357647058836,362.54690269571853,353.8008878183907,0,0,0,0,357.30572587165875,362.79288235294086,362.79288235294086,353.7959111098218,362.53831612258966,0,0,0,0,353.15646907899685,360.6305647058821,360.6305647058821,355.3379641177479,362.07467390719916,0,0,0,0,-6.6128517826976285,,,,,,,355.3379641177479,362.07467390719916,0,0,0,0,355.3379641177479,362.07467390719916,0,0,0,0,0
1698327000,349.12,350.07,342.43,342.84,69.75078945344804,55.80063156275843,104.62618418017206,,342.84,-15,-15,-15,-40,344.2941901933771,351.5666823529408,351.5666823529408,348.83851519163204,362.53831612258966,0,0,0,0,358.13396214300394,366.45357647058836,366.45357647058836,362.54690269571853,353.8008878183907,0,0,0,0,355.33537816861144,361.37952941176405,361.37952941176405,348.83851519163204,362.53831612258966,0,0,0,0,353.15646907899685,360.6305647058821,360.6305647058821,354.5773952521945,362.07467390719916,0,0,0,0,-6.652237763703252,,,,,,,354.5773952521945,362.07467390719916,0,0,0,0,354.5773952521945,362.07467390719916,0,0,0,0,0
1698341400,342.86,347,342.35,343.6,69.75078945344804,55.80063156275843,104.62618418017206,,343.6,-35,-60,-45,-85,341.4293582547162,349.3712941176469,349.3712941176469,348.4285411601318,356.3645974398542,0,0,0,0,355.2872546241416,364.0853882352941,364.0853882352941,356.3635765125537,353.8008878183907,0,0,0,0,353.4630772234229,359.9485058823528,359.9485058823528,348.4285411601318,356.3645974398542,0,0,0,0,350.75901796744324,358.8235999999997,358.8235999999997,351.5175813056092,362.07467390719916,0,0,0,0,-8.995296568019505,,,,,,,351.5175813056092,362.07467390719916,0,0,0,0,351.5175813056092,362.07467390719916,0,0,0,0,0
1698413400,346.43,348.84,344.79,345.23,69.05732275075142,55.24585820060114,103.58598412612713,,345.23,-15,-25,-25,-50,339.36872800996537,347.6859058823531,347.6859058823531,348.4285411601318,356.3645974398542,0,0,0,0,355.2872546241416,364.0853882352941,364.0853882352941,356.3635765125537,353.8008878183907,0,0,0,0,351.93941618182794,358.7593882352938,358.7593882352938,348.4285411601318,356.3645974398542,0,0,0,0,350.75901796744324,358.8235999999997,358.8235999999997,351.5175813056092,362.07467390719916,0,0,0,0,-8.995296568019505,,,,,,,351.5175813056092,362.07467390719916,0,0,0,0,351.5175813056092,362.07467390719916,0,0,0,0,0
1698427800,345.18,345.86,344.08,345.41,69.05732275075142,55.24585820060114,103.58598412612713,,345.41,-20,-45,-60,-70,337.3680979454781,346.023388235294,346.023388235294,348.4285411601318,355.05498333700746,0,0,0,0,355.2872546241416,364.0853882352941,364.0853882352941,355.0583210473713,353.8008878183907,0,0,0,0,350.42895964956807,357.5441764705879,357.5441764705879,348.4285411601318,355.05498333700746,0,0,0,0,348.54968498187924,357.03077647058825,357.03077647058825,350.22995530942836,362.07467390719916,0,0,0,0,-9.523130822876082,,,,,,,350.22995530942836,362.07467390719916,0,0,0,0,350.22995530942836,362.07467390719916,0,0,0,0,0
1698672600,347.83,350.54,346.45,348.63,69.82647952820423,55.86118362256339,104.73971929230635,,348.63,0,-25,-10,-25,336.4563910978103,345.1120705882352,345.1120705882352,348.4285411601318,355.05498333700746,0,0,0,0,355.2872546241416,364.0853882352941,364.0853882352941,355.0583210473713,353.8008878183907,0,0,0,0,349.3460089352822,356.6281176470587,356.6281176470587,348.4285411601318,355.05498333700746,0,0,0,0,348.54968498187924,357.03077647058825,357.03077647058825,350.22995530942836,362.07467390719916,0,0,0,0,-9.523130822876082,,,,,,,350.22995530942836,362.07467390719916,0,0,0,0,350.22995530942836,362.07467390719916,0,0,0,0,0
1698687000,348.68,350.44,348.21,349.17,69.82647952820423,55.86118362256339,104.73971929230635,,349.17,-40,-25,-25,-40,336.2112669888277,344.6803999999997,344.6803999999997,348.4285411601318,355.05498333700746,0,0,0,0,353.1483696819738,361.93061176470627,361.93061176470627,355.0583210473713,353.8008878183907,0,0,0,0,348.4004463673821,355.8262941176471,355.8262941176471,348.4285411601318,355.05498333700746,0,0,0,0,346.8427244759798,355.5532235294113,355.5532235294113,350.22995530942836,362.07467390719916,0,0,0,0,-9.523130822876082,,,,,,,350.22995530942836,362.07467390719916,0,0,0,0,350.22995530942836,362.07467390719916,0,0,0,0,0
1698759000,349.23,349.855,346.63,349.55,69.74659475769596,55.79727580615677,104.61989213654394,,349.55,-20,-15,-10,-10,335.9471117090534,344.2484705882351,344.2484705882351,348.4285411601318,355.05498333700746,0,0,0,0,353.1483696819738,361.93061176470627,361.93061176470627,355.0583210473713,353.8008878183907,0,0,0,0,347.3624712395002,354.89030588235295,354.89030588235295,348.4285411601318,355.05498333700746,0,0,0,0,346.8427244759798,355.5532235294113,355.5532235294113,350.22995530942836,362.07467390719916,0,0,0,0,-9.523130822876082,,,,,,,350.22995530942836,362.07467390719916,0,0,0,0,350.22995530942836,362.07467390719916,0,0,0,0,0
1698773400,349.58,351.25,349.54,350.9,69.74659475769596,55.79727580615677,104.61989213654394,,350.9,-25,-15,-15,-15,335.723100182296,343.9435529411767,343.9435529411767,348.4285411601318,355.05498333700746,0,0,0,0,353.1483696819738,361.93061176470627,361.93061176470627,355.0583210473713,353.8008878183907,0,0,0,0,346.45592418136323,354.0422941176471,354.0422941176471,348.4285411601318,355.05498333700746,0,0,0,0,345.53672158614285,354.45715294117605,354.45715294117605,350.22995530942836,362.07467390719916,0,0,0,0,-9.523130822876082,,,,,,,350.22995530942836,362.07467390719916,0,0,0,0,350.22995530942836,362.07467390719916,0,0,0,0,0
1698845400,351.71,354.82,351.62,353.57,70.08033368215246,56.06426694572197,105.12050052322869,,353.57,-20,-15,-10,5,336.1078821505681,344.1622352941178,352.2165884376675,350.12643799566655,355.05498333700746,0,0,0,0,353.1483696819738,361.93061176470627,361.93061176470627,355.0583210473713,353.8008878183907,0,0,0,0,345.76273949411245,353.3246352941178,353.3246352941178,350.12643799566655,355.05498333700746,0,0,0,0,345.53672158614285,354.45715294117605,354.45715294117605,350.22995530942836,362.07467390719916,0,0,0,0,-9.523130822876082,,,,,,,350.22995530942836,362.07467390719916,0,0,0,0,350.22995530942836,362.07467390719916,0,0,0,0,0
1698859800,353.58,357.525,352.62,357.09,70.08033368215246,56.06426694572197,105.12050052322869,,357.09,-5,-20,5,30,337.75292738133555,345.35790588235324,352.9628843833709,354.0371582717737,355.05498333700746,0,0,0,0,351.8881682699074,360.604682352941,360.604682352941,355.0583210473713,353.8008878183907,0,0,0,0,345.4519151166375,352.99765882352926,360.543402530421,354.0371582717737,355.05498333700746,0,0,0,0,344.8642446726996,353.8438117647056,353.8438117647056,350.22995530942836,362.07467390719916,0,0,0,0,-9.523130822876082,,,,,,,350.22995530942836,362.07467390719916,0,0,0,0,350.22995530942836,362.07467390719916,0,0,0,0,0
1698931800,361.54,363.02,360.3,362.79,71.67974333830857,57.34379467064686,107.51961500746285,,362.79,10,0,10,55,340.392486209173,347.5635999999998,354.73471379082656,358.86959055066205,355.05498333700746,0,0,0,0,351.8881682699074,360.604682352941,360.604682352941,355.0583210473713,353.8008878183907,0,0,0,0,345.67849932819234,353.239458823529,360.80041831886564,358.86959055066205,355.05498333700746,0,0,0,0,344.8642446726996,353.8438117647056,353.8438117647056,356.09448474122536,362.07467390719916,0,0,0,0,5.780563234649678,,,,,,,356.09448474122536,362.07467390719916,0,0,0,0,356.09448474122536,362.07467390719916,0,0,0,0,0
1698946200,362.8,363.68,362.8,363.47,71.67974333830857,57.34379467064686,107.51961500746285,,363.47,15,-10,15,40,342.99043711100876,349.85903529411763,356.7276334772265,360.7972489952137,355.05498333700746,0,0,0,0,351.8881682699074,360.604682352941,360.604682352941,355.0583210473713,353.8008878183907,0,0,0,0,345.9296149335608,353.5103294117649,361.09104388996906,360.7972489952137,355.05498333700746,0,0,0,0,345.0249712056791,353.97792941176465,362.9308876178502,358.83130725970926,362.07467390719916,0,0,0,0,7.23305330018848,,,,,,,358.83130725970926,362.07467390719916,0,0,0,0,358.83130725970926,362.07467390719916,0,0,0,0,0
1699018200,364.75,368.19,364.51,367.57,70.6562752306757,56.525020184540566,105.98441284601356,,367.57,15,-10,15,40,345.9050102767929,352.69025882352975,359.4755073702666,363.488648368322,355.05498333700746,0,0,0,0,351.8881682699074,360.604682352941,360.604682352941,355.0583210473713,353.8008878183907,0,0,0,0,346.433446252418,354.0970352941177,361.7606243358174,363.488648368322,355.05498333700746,0,0,0,0,345.0249712056791,353.97792941176465,362.9308876178502,360.4876424554443,362.07467390719916,0,0,0,0,7.3188264490942005,,,,,,,360.4876424554443,362.07467390719916,0,0,1,0,360.4876424554443,362.07467390719916,0,0,0,0,0
1699032600,367.57,369.02,367.39,367.76,70.6562752306757,56.525020184540566,105.98441284601356,,367.76,20,15,45,85,348.6086172957493,355.5420235294116,362.4754297630739,365.38500803186946,358.43243285285234,0,0,0,0,351.76202912330973,360.4580705882351,369.1541120531605,358.43891959703984,353.8008878183907,0,0,0,0,346.93244090096573,354.67752941176485,362.422617922564,365.38500803186946,358.43243285285234,0,0,0,0,345.1842418491273,354.1413411764709,363.0984405038145,363.53852513719823,362.07467390719916,0,0,0,0,16.447894877617006,,,,,,,363.53852513719823,362.07467390719916,0,0,0,0,363.53852513719823,362.07467390719916,0,0,0,0,1
1699281000,368.49,369.78,366.9,367.3,70.863834380748,56.69106750459841,106.295751571122,,367.3,15,0,25,65,350.9405892753289,358.1641647058823,365.3877401364357,365.7167931724502,358.43243285285234,0,0,0,0,351.76202912330973,360.4580705882351,369.1541120531605,358.43891959703984,353.8008878183907,0,0,0,0,347.43106273685504,355.2465411764706,363.06201961608616,365.7167931724502,358.43243285285234,0,0,0,0,345.1842418491273,354.1413411764709,363.0984405038145,363.53852513719823,362.07467390719916,0,0,0,0,16.447894877617006,,,,,,,363.53852513719823,362.07467390719916,0,0,0,0,363.53852513719823,362.07467390719916,0,0,0,0,0
1699295400,367.27,369.29,367.02,369.22,70.863834380748,56.69106750459841,106.295751571122,,369.22,20,15,45,85,353.37465350686614,360.9024470588238,368.4302406107814,366.10405779878755,361.05225907764867,0,0,0,0,351.76202912330973,360.4580705882351,369.1541120531605,361.05685391153696,353.8008878183907,0,0,0,0,348.0982760098221,356.0186823529411,363.9390886960601,366.10405779878755,361.05225907764867,0,0,0,0,345.53402106254777,354.51795294117676,363.50188481980575,363.53852513719823,362.07467390719916,0,0,0,0,17.372826952632366,,,,,,,363.53852513719823,362.07467390719916,0,0,0,0,363.53852513719823,362.07467390719916,0,0,0,0,0
1699367400,370.27,373.35,369.05,373.08,70.86817451653505,56.694539613228045,106.30226177480257,,373.08,15,0,25,65,355.7012994523589,363.9291294117646,372.15695937117033,369.3331671836485,361.05225907764867,0,0,0,0,351.76202912330973,360.4580705882351,369.1541120531605,361.05685391153696,353.8008878183907,0,0,0,0,348.73205475265604,356.821929411765,364.9118040708739,369.3331671836485,361.05225907764867,0,0,0,0,345.53402106254777,354.51795294117676,363.50188481980575,365.3312134571518,362.07467390719916,0,0,0,0,17.465661134146384,,,,,,,365.3312134571518,362.07467390719916,0,0,0,0,365.3312134571518,362.07467390719916,0,0,0,0,0
1699381800,373.07,373.575,372.19,372.7,70.86817451653505,56.694539613228045,106.30226177480257,,372.7,20,35,45,75,357.63973457401033,366.5001411764709,375.36054777893145,370.36115524195935,363.2817405721023,0,0,0,0,352.2504162605454,360.9684470588234,369.6864778571014,363.30100720357007,353.8008878183907,0,0,0,0,349.3196410930006,357.54607058823524,365.7725000834699,370.36115524195935,363.2817405721023,0,0,0,0,346.20889888808466,355.2629411764707,364.3169834648567,368.6379124959267,362.07467390719916,0,0,0,0,18.429771178304044,,,,,,,368.6379124959267,362.07467390719916,0,0,0,0,368.6379124959267,362.07467390719916,0,0,0,0,0
1699453800,373.08,373.78,370.62,372.28,71.65606887343513,57.32485509874811,107.4841033101527,,372.28,15,0,25,50,359.3594659788713,368.7051294117648,378.0507928446583,370.36115524195935,363.2817405721023,0,0,0,0,352.2504162605454,360.9684470588234,369.6864778571014,363.30100720357007,353.8008878183907,0,0,0,0,349.94202904516436,358.30927058823534,366.6765121313063,370.36115524195935,363.2817405721023,0,0,0,0,346.20889888808466,355.2629411764707,364.3169834648567,368.6379124959267,362.07467390719916,0,0,0,0,18.429771178304044,,,,,,,368.6379124959267,362.07467390719916,0,0,0,0,368.6379124959267,362.07467390719916,0,0,0,0,0
1699468200,372.33,373.22,372.17,372.97,71.65606887343513,57.32485509874811,107.4841033101527,,372.97,20,15,45,75,361.2055623060675,371.0188705882357,380.8321788704039,370.4266582250937,365.0419733883807,0,0,0,0,352.2504162605454,360.9684470588234,369.6864778571014,365.05593526045794,353.8008878183907,0,0,0,0,350.64701544366164,359.17378823529396,367.70056102692627,370.4266582250937,365.0419733883807,0,0,0,0,347.3170509041097,356.33298823529424,365.3489255664788,368.82263883577355,362.07467390719916,0,0,0,0,19.05936394171492,,,,,,,368.82263883577355,362.07467390719916,0,0,0,0,368.82263883577355,362.07467390719916,0,0,0,0,0
1699540200,373.65,374.8,371.25,373.05,72.0868556552105,57.6694845241684,108.13028348281574,,373.05,15,0,25,50,362.93941029686215,373.1852000000003,383.43098970313844,370.4266582250937,365.0419733883807,0,0,0,0,352.2504162605454,360.9684470588234,369.6864778571014,365.05593526045794,353.8008878183907,0,0,0,0,351.261199590808,359.92265882352973,368.58411805625144,370.4266582250937,365.0419733883807,0,0,0,0,347.3170509041097,356.33298823529424,365.3489255664788,368.82263883577355,362.07467390719916,0,0,0,0,19.05936394171492,,,,,,,368.82263883577355,362.07467390719916,0,0,0,0,368.82263883577355,362.07467390719916,0,0,0,0,0
1699554600,373.04,373.43,369.57,370.07,72.0868556552105,57.6694845241684,108.13028348281574,,370.07,35,0,30,45,364.34211350283294,374.8178823529415,385.2936512030501,370.4266582250937,365.0419733883807,0,0,0,0,352.4100984824787,361.1344705882349,369.85884269399105,365.05593526045794,353.8008878183907,0,0,0,0,351.72176975336,360.4499529411765,369.178136128993,370.4266582250937,365.0419733883807,0,0,0,0,348.39032228909207,357.26809411764685,366.14586594620164,368.82263883577355,362.07467390719916,0,0,0,0,19.05936394171492,,,,,,,368.82263883577355,362.07467390719916,0,0,0,0,368.82263883577355,362.07467390719916,0,0,0,0,0
1699626600,371.81,377.07,371.29,376.86,74.27982314219562,59.4238585137565,111.41973471329344,,376.86,15,-10,15,30,366.3593469800133,377.316776470588,388.27420596116275,371.551379580469,365.0419733883807,0,0,0,0,352.4100984824787,361.1344705882349,369.85884269399105,365.05593526045794,353.8008878183907,0,0,0,0,352.72391135951017,361.6948235294121,370.665735699314,371.551379580469,365.0419733883807,0,0,0,0,348.39032228909207,357.26809411764685,366.14586594620164,368.82263883577355,362.07467390719916,0,0,0,0,19.05936394171492,,,,,,,368.82263883577355,362.07467390719916,0,0,0,0,368.82263883577355,362.07467390719916,0,0,0,0,0
1699641000,376.86,378.54,376.86,378.39,74.27982314219562,59.4238585137565,111.41973471329344,,378.39,20,5,35,60,368.1117958049383,379.52357647058835,390.9353571362384,375.79644463826156,365.51848725834867,0,0,0,0,352.4100984824787,361.1344705882349,369.85884269399105,365.5405258113132,353.8008878183907,0,0,0,0,353.8044860100246,363.05244705882365,372.3004081076227,375.79644463826156,365.51848725834867,0,0,0,0,350.0201188885927,358.91040000000004,367.80068111140736,373.34630747054683,362.07467390719916,0,0,0,0,18.748198855627855,,,,,,,373.34630747054683,362.07467390719916,0,0,0,0,373.34630747054683,362.07467390719916,0,0,0,0,0
1699885800,376.79,378.28,375.24,377.15,75.02193286276119,60.017546290208955,112.53289929414179,,377.15,15,-10,15,25,369.5346778520624,381.1738352941178,392.8129927361732,375.79644463826156,365.51848725834867,0,0,0,0,352.4100984824787,361.1344705882349,369.85884269399105,365.5405258113132,353.8008878183907,0,0,0,0,354.80301770603324,364.2735529411766,373.74408817631996,375.79644463826156,365.51848725834867,0,0,0,0,350.0201188885927,358.91040000000004,367.80068111140736,373.34630747054683,362.07467390719916,0,0,0,0,18.748198855627855,,,,,,,373.34630747054683,362.07467390719916,0,0,0,0,373.34630747054683,362.07467390719916,0,0,0,0,0
1699900200,377.17,378.245,377.01,377.25,75.02193286276119,60.017546290208955,112.53289929414179,,377.25,45,15,65,70,370.6487739313806,382.0589411764708,393.469108421561,375.79644463826156,369.66502388275234,0,0,0,0,352.99483158807794,361.8182352941173,370.64163900015666,369.67620253907654,353.8008878183907,0,0,0,0,355.88211684799694,365.5554352941176,375.2287537402383,375.79644463826156,369.66502388275234,0,0,0,0,351.56506707159485,360.4441411764707,369.3232152813465,373.6831936863388,362.07467390719916,0,0,0,0,19.67184490589787,,,,,,,373.6831936863388,362.07467390719916,0,0,0,0,373.6831936863388,362.07467390719916,0,0,0,0,0
1699972200,383.7,385.86,383.18,385.31,73.81781493023627,59.05425194418902,110.7267223953544,,385.31,15,20,25,65,372.33881005042036,383.83538823529426,395.33196642016816,381.8072387857582,369.66502388275234,0,0,0,0,352.99483158807794,361.8182352941173,370.64163900015666,369.67620253907654,353.8008878183907,0,0,0,0,357.4008205919673,367.5368000000003,377.6727794080333,381.8072387857582,369.66502388275234,0,0,0,0,351.56506707159485,360.4441411764707,369.3232152813465,379.47582270874324,362.07467390719916,0,0,0,0,19.97181560806833,,,,,,,379.47582270874324,362.07467390719916,0,0,0,0,379.47582270874324,362.07467390719916,0,0,0,0,0
1699986600,385.31,386.26,383.91,385.31,73.81781493023627,59.05425194418902,110.7267223953544,,385.31,20,35,45,75,373.9437541642294,385.49487058823513,397.04598701224086,382.61751711629154,377.3568078911272,0,0,0,0,352.99483158807794,361.8182352941173,370.64163900015666,377.3700452148568,353.8008878183907,0,0,0,0,358.88704396900187,369.46025882352956,380.03347367805725,382.61751711629154,377.3568078911272,0,0,0,0,353.4703406481274,362.6284705882351,371.7866005283428,380.3025496581187,362.07467390719916,0,0,0,0,22.257185087409358,,,,,,,380.3025496581187,362.07467390719916,0,0,0,0,380.3025496581187,362.07467390719916,0,0,0,0,0
1700058600,387.24,387.74,384.23,385.48,71.9238340633616,57.53906725068928,107.8857510950424,,385.48,15,20,25,55,375.4383916583552,386.7649647058822,398.0915377534092,383.6976944651278,377.3568078911272,0,0,0,0,352.99483158807794,361.8182352941173,370.64163900015666,377.3700452148568,353.8008878183907,0,0,0,0,360.3874833547764,371.3734588235296,382.35943429228274,383.6976944651278,377.3568078911272,0,0,0,0,353.4703406481274,362.6284705882351,371.7866005283428,380.6295103968245,362.07467390719916,0,0,0,0,22.274116715862068,,,,,,,380.6295103968245,362.07467390719916,0,0,0,0,380.6295103968245,362.07467390719916,0,0,0,0,0
1700073000,385.48,386.57,385.22,385.64,71.9238340633616,57.53906725068928,107.8857510950424,,385.64,45,35,45,60,376.7312289823224,387.7652705882351,398.79931219414783,383.6976944651278,378.5766787560467,0,0,0,0,353.74675383341526,362.78943529411754,371.8321167548198,378.5843276995099,353.8008878183907,0,0,0,0,361.9936036880718,373.35056470588216,384.7075257236925,383.6976944651278,378.5766787560467,0,0,0,0,355.16274343554323,364.68503529411765,374.2073271526921,381.78025965419425,362.07467390719916,0,0,0,0,22.39070547960965,,,,,,,381.78025965419425,362.07467390719916,0,0,0,0,381.78025965419425,362.07467390719916,0,0,0,0,0
1700145000,384.84,386.17,383.56,385.25,76.693262557237,61.354610045789606,115.03989383585551,,385.25,25,20,25,40,377.77701244450395,388.3712000000002,398.9653875554965,383.6976944651278,378.5766787560467,0,0,0,0,353.74675383341526,362.78943529411754,371.8321167548198,378.5843276995099,353.8008878183907,0,0,0,0,363.49452720651186,375.20461176470616,386.91469632290045,383.6976944651278,378.5766787560467,0,0,0,0,355.16274343554323,364.68503529411765,374.2073271526921,381.78025965419425,362.07467390719916,0,0,0,0,22.39070547960965,,,,,,,381.78025965419425,362.07467390719916,0,0,0,0,381.78025965419425,362.07467390719916,0,0,0,0,0
1700159400,385.26,386.19,384.39,385.96,76.693262557237,61.354610045789606,115.03989383585551,,385.96,30,20,30,45,378.8277107562337,388.76508235294165,398.70245394964957,383.6976944651278,378.5766787560467,0,0,0,0,353.74675383341526,362.78943529411754,371.8321167548198,378.5843276995099,353.8008878183907,0,0,0,0,365.0146957469393,377.08287058823555,389.1510454295318,383.6976944651278,378.5766787560467,0,0,0,0,356.70626736424913,366.6344235294118,376.5625796945744,381.78025965419425,362.07467390719916,0,0,0,0,22.39070547960965,,,,,,,381.78025965419425,362.07467390719916,0,0,0,0,381.78025965419425,362.07467390719916,0,0,0,0,0
1700231400,385.18,386.48,384.29,386.26,73.20092935309867,58.56074348247894,109.80139402964801,,386.26,25,10,15,15,379.765548946885,388.97030588235316,398.1750628178213,383.6976944651278,378.5766787560467,0,0,0,0,353.74675383341526,362.78943529411754,371.8321167548198,378.5843276995099,353.8008878183907,0,0,0,0,366.2871081925238,378.7213647058829,391.15562121924194,383.6976944651278,378.5766787560467,0,0,0,0,356.70626736424913,366.6344235294118,376.5625796945744,381.78025965419425,362.07467390719916,0,0,0,0,22.39070547960965,,,,,,,381.78025965419425,362.07467390719916,0,0,0,0,381.78025965419425,362.07467390719916,0,0,0,0,0
1700245800,386.26,387.07,385.41,386.07,73.20092935309867,58.56074348247894,109.80139402964801,,386.07,45,30,75,50,380.6518055944616,389.14409411764706,397.6363826408325,384.00559714500804,379.03813117230555,0,0,0,0,354.6482997328664,364.0019058823529,373.3555120318394,379.04903765927133,353.8008878183907,0,0,0,0,367.5635539398682,380.3336941176469,393.10383429542566,384.00559714500804,379.03813117230555,0,0,0,0,358.27187632377667,368.5789176470585,378.88595897034037,382.3287173569201,362.07467390719916,0,0,0,0,22.480566884832353,,,,,,,382.3287173569201,362.07467390719916,0,0,0,0,382.3287173569201,362.07467390719916,0,0,0,0,0
1700490600,386.05,390.42,386.05,390.32,75.64911055079132,60.51928844063306,113.47366582618699,,390.32,15,10,40,40,381.7477178597986,389.81494117647054,397.88216449314245,386.6785156441628,379.03813117230555,0,0,0,0,354.6482997328664,364.0019058823529,373.3555120318394,379.04903765927133,353.8008878183907,0,0,0,0,369.14578191500635,382.3678352941182,395.58988867323006,386.6785156441628,379.03813117230555,0,0,0,0,358.27187632377667,368.5789176470585,378.88595897034037,382.8766661171401,362.07467390719916,0,0,0,0,22.50894235540381,,,,,,,382.8766661171401,362.07467390719916,0,0,0,0,382.8766661171401,362.07467390719916,0,0,0,0,0
1700505000,390.32,391.41,390.02,390.75,75.64911055079132,60.51928844063306,113.47366582618699,,390.75,20,25,60,60,382.8413129266757,390.8357411764712,398.83016942626665,388.60341399930365,380.7896932314266,0,0,0,0,354.6482997328664,364.0019058823529,373.3555120318394,380.80053496932334,353.8008878183907,0,0,0,0,370.75476361086714,384.41265882352945,398.07055403619177,388.60341399930365,380.7896932314266,0,0,0,0,360.2419210985706,371.0322823529411,381.8226436073116,386.9740471087729,362.07467390719916,0,0,0,0,22.463243630378802,,,,,,,386.9740471087729,362.07467390719916,0,0,0,0,386.9740471087729,362.07467390719916,0,0,0,0,0
1700577000,389.01,389.23,386.7,387.6,75.8369639475134,60.66957115801072,113.7554459212701,,387.6,15,10,40,25,383.4951814556049,391.14484705882376,398.7945126620426,388.60341399930365,380.7896932314266,0,0,0,0,354.6482997328664,364.0019058823529,373.3555120318394,380.80053496932334,353.8008878183907,0,0,0,0,372.1625629660381,386.13242352941194,400.1022840927858,388.60341399930365,380.7896932314266,0,0,0,0,360.2419210985706,371.0322823529411,381.8226436073116,386.9740471087729,362.07467390719916,0,0,0,0,22.463243630378802,,,,,,,386.9740471087729,362.07467390719916,0,0,0,0,386.9740471087729,362.07467390719916,0,0,0,0,0
1700591400,387.61,388.73,387.47,388.43,75.8369639475134,60.66957115801072,113.7554459212701,,388.43,45,35,60,70,384.1765799906773,391.6481882352944,399.11979647991154,388.60341399930365,381.5268580006104,0,0,0,0,355.799125619897,365.5476705882354,375.2962155565738,381.5362110429431,353.8008878183907,0,0,0,0,373.5643986763081,387.8541882352946,402.1439777942811,388.60341399930365,381.5268580006104,0,0,0,0,361.8921400397123,373.109788235294,384.3274364308757,386.9740471087729,362.07467390719916,0,0,0,0,21.092193674930275,,,,,,,386.9740471087729,362.07467390719916,0,0,0,0,386.9740471087729,362.07467390719916,0,0,0,0,0
1700663400,390.57,393.07,389.04,391.31,72.35858404498285,57.88686723598628,108.53787606747427,,391.31,25,10,15,25,385.02418032042385,392.42082352941173,399.8174667383996,388.60341399930365,381.5268580006104,0,0,0,0,355.799125619897,365.5476705882354,375.2962155565738,381.5362110429431,353.8008878183907,0,0,0,0,374.98682392409916,389.6633176470589,404.3398113700186,388.60341399930365,381.5268580006104,0,0,0,0,361.8921400397123,373.109788235294,384.3274364308757,386.9740471087729,362.07467390719916,0,0,0,0,21.092193674930275,,,,,,,386.9740471087729,362.07467390719916,0,0,0,0,386.9740471087729,362.07467390719916,0,0,0,0,0
1700677800,391.33,391.41,389.2,390.04,72.35858404498285,57.88686723598628,108.53787606747427,,390.04,30,40,85,60,385.70117646085924,392.8747058823531,400.048235303847,388.60341399930365,383.9077967148525,0,0,0,0,355.799125619897,365.5476705882354,375.2962155565738,383.91362453987574,353.8008878183907,0,0,0,0,376.2127844780094,391.19637647058835,406.1799684631673,388.60341399930365,383.9077967148525,0,0,0,0,363.6646573817379,375.3306588235294,386.9966602653209,386.9740471087729,362.07467390719916,0,0,0,0,21.674740265015135,,,,,,,386.9740471087729,362.07467390719916,0,0,0,0,386.9740471087729,362.07467390719916,0,0,0,0,0
1700836200,389.65,390.25,388.5,389.5,75.49960931071827,60.39968744857462,113.24941396607741,,389.5,30,50,40,30,386.19983283492303,393.0589411764706,399.9180495180182,388.60341399930365,383.9077967148525,0,0,0,0,357.0106428293512,367.1637647058824,377.3168865824136,383.91362453987574,353.8008878183907,0,0,0,0,377.41247346072504,392.6712941176471,407.9301147745692,388.60341399930365,383.9077967148525,0,0,0,0,365.573294784598,377.59392941176446,389.61456403893095,386.9740471087729,372.7062109330933,0,0,0,0,21.103111086149045,,,,,,,386.9740471087729,372.7062109330933,0,0,0,0,386.9740471087729,372.7062109330933,0,0,0,0,0
1701095400,389,391.14,388.29,390.61,75.83015280975938,60.66412224780751,113.74522921463907,,390.61,20,35,45,35,386.75264567917316,393.51327058823534,400.27389549729753,388.60341399930365,383.9077967148525,0,0,0,0,357.0106428293512,367.1637647058824,377.3168865824136,383.91362453987574,353.8008878183907,0,0,0,0,378.49857866763347,393.99983529411793,409.5010919206024,388.60341399930365,383.9077967148525,0,0,0,0,365.573294784598,377.59392941176446,389.61456403893095,386.9740471087729,372.7062109330933,0,0,0,0,21.103111086149045,,,,,,,386.9740471087729,372.7062109330933,0,0,0,0,386.9740471087729,372.7062109330933,0,0,0,0,0
1701109800,390.6,390.71,388.95,389.13,75.83015280975938,60.66412224780751,113.74522921463907,,389.13,25,35,40,15,387.14526556194204,393.70844705882377,400.2716285557055,388.60341399930365,383.9077967148525,0,0,0,0,357.0106428293512,367.1637647058824,377.3168865824136,383.91362453987574,353.8008878183907,0,0,0,0,379.3971044609751,395.0380941176469,410.6790837743187,388.60341399930365,383.9077967148525,0,0,0,0,367.11886373560066,379.5435999999997,391.9683362643987,386.9740471087729,372.7062109330933,0,0,0,0,21.103111086149045,,,,,,,386.9740471087729,372.7062109330933,0,0,0,0,386.9740471087729,372.7062109330933,0,0,0,0,0
1701181800,388.41,390.78,388.05,389.11,75.39918104067102,60.31934483253682,113.09877156100654,,389.11,20,35,35,10,387.4548188331396,393.6876705882352,399.92052234333084,388.60341399930365,383.9077967148525,0,0,0,0,357.0106428293512,367.1637647058824,377.3168865824136,383.91362453987574,353.8008878183907,0,0,0,0,380.18863981379235,395.8904470588235,411.59225430385465,388.60341399930365,383.9077967148525,0,0,0,0,367.11886373560066,379.5435999999997,391.9683362643987,386.9740471087729,372.7062109330933,0,0,0,0,21.004600177380507,,,,,,,386.9740471087729,372.7062109330933,0,0,0,0,386.9740471087729,372.7062109330933,0,0,0,0,0
1701196200,389.09,390.31,388.69,390.21,75.39918104067102,60.31934483253682,113.09877156100654,,390.21,25,35,30,15,387.7171718023118,393.57623529411774,399.4352987859237,388.60341399930365,383.9077967148525,0,0,0,0,358.08584800576983,368.62581176470593,379.165775523642,383.91362453987574,353.8008878183907,0,0,0,0,381.0548980978655,396.87385882352936,412.69281954919325,388.60341399930365,383.9077967148525,0,0,0,0,368.6809258739787,381.52327058823533,394.36561530249196,386.9740471087729,372.7062109330933,0,0,0,0,21.004600177380507,,,,,,,386.9740471087729,372.7062109330933,0,0,0,0,386.9740471087729,372.7062109330933,0,0,0,0,0
1701268200,392.69,394.14,389.91,391.25,76.55320061182219,61.24256048945776,114.82980091773328,,391.25,10,10,10,10,388.0496650884446,393.5145882352942,398.97951138214376,388.60341399930365,383.9077967148525,0,0,0,0,358.08584800576983,368.62581176470593,379.165775523642,383.91362453987574,353.8008878183907,0,0,0,0,381.88512534606906,397.77734117647066,413.66955700687225,388.60341399930365,383.9077967148525,0,0,0,0,368.6809258739787,381.52327058823533,394.36561530249196,387.0455681522546,372.7062109330933,0,0,0,0,20.63690946300541,,,,,,,387.0455681522546,372.7062109330933,0,0,0,0,387.0455681522546,372.7062109330933,0,0,0,0,0
1701282600,391.25,391.25,389.46,389.76,76.55320061182219,61.24256048945776,114.82980091773328,,389.76,15,25,30,30,388.3606518144551,392.8567294117648,397.35280700907447,388.60341399930365,384.85218681208096,0,0,0,0,358.08584800576983,368.62581176470593,379.165775523642,384.85774522291206,353.8008878183907,0,0,0,0,382.6145689773289,398.55023529411767,414.48590161090647,388.60341399930365,384.85218681208096,0,0,0,0,370.1702378695974,383.3958823529413,396.6215268362853,387.0455681522546,372.7062109330933,0,0,0,0,20.970473027832067,,,,,,,387.0455681522546,372.7062109330933,0,0,0,0,387.0455681522546,372.7062109330933,0,0,0,0,0
1701354600,390.08,390.55,385.93,386.14,76.66122719687483,61.32898175749987,114.99184079531224,,386.14,10,10,10,10,388.0548571703712,391.97207058823517,391.97207058823517,388.60341399930365,384.85218681208096,0,0,0,0,358.08584800576983,368.62581176470593,379.165775523642,384.85774522291206,353.8008878183907,0,0,0,0,383.1167187045771,399.0375058823534,414.9582930601297,388.60341399930365,384.85218681208096,0,0,0,0,370.1702378695974,383.3958823529413,396.6215268362853,387.0455681522546,372.7062109330933,0,0,0,0,20.814521735957975,,,,,,,387.0455681522546,372.7062109330933,0,0,0,0,387.0455681522546,372.7062109330933,0,0,0,0,0
1701369000,386.14,389.1,385.82,388.82,76.66122719687483,61.32898175749987,114.99184079531224,,388.82,15,10,15,15,387.87775055713274,391.3940705882355,394.9103906193382,388.60341399930365,384.85218681208096,0,0,0,0,359.1466322946894,370.0031058823533,380.85957947001714,384.85774522291206,353.8008878183907,0,0,0,0,383.60532233976346,399.34425882352946,415.08319530729545,388.60341399930365,384.85218681208096,0,0,0,0,371.38259021031735,384.9322823529412,398.481974495565,387.0455681522546,372.7062109330933,0,0,0,0,20.814521735957975,,,,,,,387.0455681522546,372.7062109330933,0,0,0,0,387.0455681522546,372.7062109330933,0,0,0,0,0
1701441000,387.75,390.54,386.08,389.57,76.37005433200346,61.096043465602776,114.5550814980052,,389.57,10,10,10,10,387.9522841704481,390.8625411764706,393.7727981824931,388.60341399930365,384.85218681208096,0,0,0,0,359.1466322946894,370.0031058823533,380.85957947001714,384.85774522291206,353.8008878183907,0,0,0,0,384.0817395536556,399.59040000000033,415.09906044634505,388.60341399930365,384.85218681208096,0,0,0,0,371.38259021031735,384.9322823529412,398.481974495565,387.0455681522546,372.7062109330933,0,0,0,0,20.310548969328075,,,,,,,387.0455681522546,372.7062109330933,0,0,0,0,387.0455681522546,372.7062109330933,0,0,0,0,0
1701455400,389.58,390.25,389.01,389.97,76.37005433200346,61.096043465602776,114.5550814980052,,389.97,55,30,15,15,388.3066597721212,390.38936470588214,392.4720696396431,388.60341399930365,384.85218681208096,0,0,0,0,359.1466322946894,370.0031058823533,380.85957947001714,384.85774522291206,366.42531480550457,0,0,0,0,384.5235724246891,399.4764235294118,414.4292746341345,388.60341399930365,384.85218681208096,0,0,0,0,372.4190655278997,386.2305176470591,400.04196976621853,387.0455681522546,372.8350530093009,0,0,0,0,15.61916605081336,,,,,,,387.0455681522546,372.8350530093009,0,0,0,0,387.0455681522546,372.8350530093009,0,0,0,0,0
1701700200,386.1,386.42,382.66,385.05,81.01021239030723,64.80816991224579,121.51531858546085,,385.05,15,10,-10,-25,387.44119904143236,389.57472941176485,389.57472941176485,388.479540150803,384.85218681208096,0,0,0,0,359.1466322946894,370.0031058823533,380.85957947001714,384.85774522291206,366.42531480550457,0,0,0,0,384.6247717047555,398.899929411765,398.899929411765,388.479540150803,384.85218681208096,0,0,0,0,372.4190655278997,386.2305176470591,400.04196976621853,387.0455681522546,372.8350530093009,0,0,0,0,15.61916605081336,,,,,,,387.0455681522546,372.8350530093009,0,0,0,0,387.0455681522546,372.8350530093009,0,0,0,0,0
1701714600,385.04,386.59,384.45,386.27,81.01021239030723,64.80816991224579,121.51531858546085,,386.27,20,10,-5,-20,386.89298305361126,389.0195764705884,389.0195764705884,387.75457299717425,384.85218681208096,0,0,0,0,360.5602841628761,371.57609411764713,382.5919040724182,384.85774522291206,366.42531480550457,0,0,0,0,384.7787213826383,398.3858352941179,411.9929492055975,387.75457299717425,384.85218681208096,0,0,0,0,373.23205675406666,387.1741882352944,401.1163197165222,387.0455681522546,372.8350530093009,0,0,0,0,15.61916605081336,,,,,,,387.0455681522546,372.8350530093009,0,0,0,0,387.0455681522546,372.8350530093009,0,0,0,0,0
1701786600,384.38,388.5,384.21,386.44,85.15961619776753,68.12769295821403,127.7394242966513,,386.44,15,10,-10,-10,386.49893434840806,388.61510588235325,388.61510588235325,387.75457299717425,384.85218681208096,0,0,0,0,360.5602841628761,371.57609411764713,382.5919040724182,384.85774522291206,366.42531480550457,0,0,0,0,384.93199274597924,397.79557647058834,410.65916019519744,387.75457299717425,384.85218681208096,0,0,0,0,373.23205675406666,387.1741882352944,401.1163197165222,387.0455681522546,372.8350530093009,0,0,0,0,15.61916605081336,,,,,,,387.0455681522546,372.8350530093009,0,0,0,0,387.0455681522546,372.8350530093009,0,0,0,0,0
1701801000,386.45,387.31,386.02,387.3,85.15961619776753,68.12769295821403,127.7394242966513,,387.3,20,10,-5,-5,386.1843316661236,388.25298823529414,388.25298823529414,387.75457299717425,384.85218681208096,0,0,0,0,360.5602841628761,371.57609411764713,382.5919040724182,384.85774522291206,366.42531480550457,0,0,0,0,385.1041574919231,397.3043529411767,409.50454839043033,387.75457299717425,384.85218681208096,0,0,0,0,374.0956151952178,388.19432941176467,402.2930436283115,387.0455681522546,372.8350530093009,0,0,0,0,15.61916605081336,,,,,,,387.0455681522546,372.8350530093009,0,0,0,0,387.0455681522546,372.8350530093009,0,0,0,0,0
1701873000,390.27,390.37,385.76,386.56,89.41861428847832,71.53489143078266,134.12792143271747,,386.56,-10,10,-10,-10,385.80711231323636,387.755176470588,387.755176470588,387.75457299717425,384.85218681208096,0,0,0,0,360.5602841628761,371.57609411764713,382.5919040724182,384.85774522291206,366.42531480550457,0,0,0,0,385.2197657694286,396.6862823529413,408.152798936454,387.75457299717425,384.85218681208096,0,0,0,0,374.0956151952178,388.19432941176467,402.2930436283115,387.0455681522546,372.8350530093009,0,0,0,0,15.61916605081336,,,,,,,387.0455681522546,372.8350530093009,0,0,0,0,387.0455681522546,372.8350530093009,0,0,0,0,0
1701887400,386.57,386.81,384.7,385.015,89.41861428847832,71.53489143078266,134.12792143271747,,385.015,-5,10,-5,-5,385.0788440747107,387.0578470588238,387.0578470588238,387.75457299717425,384.85218681208096,0,0,0,0,362.09808705110584,373.17199999999997,384.2459129488941,384.85774522291206,366.42531480550457,0,0,0,0,385.23820858667074,395.87547058823554,395.87547058823554,387.75457299717425,384.85218681208096,0,0,0,0,374.67994259858085,388.75941176470576,402.83888093083067,387.0455681522546,372.8350530093009,0,0,0,0,15.419027911917365,,,,,,,387.0455681522546,372.8350530093009,0,0,0,0,387.0455681522546,372.8350530093009,0,0,0,0,0
1701959400,388.07,391.06,386.96,390.29,88.79708736440135,71.03766989152108,133.19563104660202,,390.29,10,10,10,10,385.1221808199236,387.04245882352956,388.96273682713553,387.75457299717425,384.85218681208096,0,0,0,0,362.09808705110584,373.17199999999997,384.2459129488941,384.85774522291206,366.42531480550457,0,0,0,0,385.60443142509564,395.44479999999993,405.2851685749042,387.75457299717425,384.85218681208096,0,0,0,0,374.67994259858085,388.75941176470576,402.83888093083067,387.0455681522546,372.8350530093009,0,0,0,0,15.419027911917365,,,,,,,387.0455681522546,372.8350530093009,0,0,0,0,387.0455681522546,372.8350530093009,0,0,0,0,0
1701973800,390.3,391.27,390.06,390.58,88.79708736440135,71.03766989152108,133.19563104660202,,390.58,15,10,15,30,385.2807476498391,387.1888588235291,389.09696999721905,388.2630935248808,384.85218681208096,0,0,0,0,362.09808705110584,373.17199999999997,384.2459129488941,384.85774522291206,366.42531480550457,0,0,0,0,385.9644938927279,395.05076470588256,404.1370355190372,388.2630935248808,384.85218681208096,0,0,0,0,375.52305957539426,389.70287058823544,403.8826816010766,387.0455681522546,372.8350530093009,0,0,0,0,15.419027911917365,,,,,,,387.0455681522546,372.8350530093009,0,0,0,0,387.0455681522546,372.8350530093009,0,0,0,0,0
1702045800,388.69,392.5,388.49,391.65,87.77677828664942,70.22142262931953,131.66516742997413,,391.65,10,10,10,10,385.71365067914473,387.68250588235327,389.6513610855618,388.2630935248808,384.85218681208096,0,0,0,0,362.09808705110584,373.17199999999997,384.2459129488941,384.85774522291206,366.42531480550457,0,0,0,0,386.3427410929167,394.7935294117644,403.24431773061207,388.2630935248808,384.85218681208096,0,0,0,0,375.52305957539426,389.70287058823544,403.8826816010766,387.0455681522546,372.8350530093009,0,0,0,0,15.419027911917365,,,,,,,387.0455681522546,372.8350530093009,0,0,0,0,387.0455681522546,372.8350530093009,0,0,0,0,0
1702060200,391.66,392.63,391.23,392.15,87.77677828664942,70.22142262931953,131.66516742997413,,392.15,15,10,15,30,386.3721529543005,388.41631764705903,390.4604823398176,390.0209109268045,384.85218681208096,0,0,0,0,364.15110474731125,375.43661176470573,386.7221187821002,384.85774522291206,366.42531480550457,0,0,0,0,386.66958749349374,394.72179999999975,402.77401250650576,390.0209109268045,384.85218681208096,0,0,0,0,376.4617699318682,390.8169647058827,405.1721594798972,388.1172815212191,372.8350530093009,0,0,0,0,18.28371720727562,,,,,,,388.1172815212191,372.8350530093009,0,0,0,0,388.1172815212191,372.8350530093009,0,0,0,0,0
1702305000,391.74,395.32,391.53,395.24,88.85833624523775,71.0866689961902,133.28750436785663,,395.24,10,10,10,35,386.86700879365776,389.1774235294118,391.4878382651658,390.65420380933654,384.85218681208096,0,0,0,0,364.15110474731125,375.43661176470573,386.7221187821002,384.85774522291206,366.42531480550457,0,0,0,0,387.14492866521965,394.84811764705853,402.5513066288974,390.65420380933654,384.85218681208096,0,0,0,0,376.4617699318682,390.8169647058827,405.1721594798972,388.3689042697034,372.8350530093009,0,0,0,0,18.296371399782473,,,,,,,388.3689042697034,372.8350530093009,0,0,0,0,388.3689042697034,372.8350530093009,0,0,0,0,0
1702319400,395.24,395.79,394.95,395.54,88.85833624523775,71.0866689961902,133.28750436785663,,395.54,15,30,30,55,387.4808821608097,390.0967176470588,392.71255313330795,393.10979818254015,386.7043686122577,0,0,0,0,364.15110474731125,375.43661176470573,386.7221187821002,386.7041382295292,366.42531480550457,0,0,0,0,387.58425443055444,395.0869764705875,402.58969851062056,393.10979818254015,386.7043686122577,0,0,0,0,377.5213941108834,392.1212000000002,406.721005889117,391.95469682186746,372.8350530093009,0,0,0,0,19.106568871230266,,,,,,,391.95469682186746,372.8350530093009,0,0,0,0,391.95469682186746,372.8350530093009,0,0,0,0,0
1702391400,395.56,397.32,394.42,397.02,83.61145902932319,66.88916722345856,125.41718854398478,,397.02,10,10,10,35,388.39269031133756,391.393658823529,394.39462733572043,394.14181577984334,386.7043686122577,0,0,0,0,364.15110474731125,375.43661176470573,386.7221187821002,386.7041382295292,366.42531480550457,0,0,0,0,388.07436560044584,395.3825411764704,402.69071675249495,394.14181577984334,386.7043686122577,0,0,0,0,377.5213941108834,392.1212000000002,406.721005889117,391.95469682186746,372.8350530093009,0,0,0,0,19.106568871230266,,,,,,,391.95469682186746,372.8350530093009,0,0,0,0,391.95469682186746,372.8350530093009,0,0,0,0,0
1702405800,397.02,398.79,396.88,398.77,83.61145902932319,66.88916722345856,125.41718854398478,,398.77,40,35,40,80,389.3440214606881,392.83163529411775,396.3192491275474,396.3398819734363,389.61619942566796,0,0,0,0,365.8655780325331,377.7897882352942,389.71399843805534,389.62669978456285,366.42531480550457,0,0,0,0,388.63041485294247,395.7267411764705,402.82306749999856,396.3398819734363,389.61619942566796,0,0,0,0,378.743894870335,393.7019764705882,408.6600580708414,393.9685396066102,372.8350530093009,0,0,0,0,20.204829751053744,,,,,,,393.9685396066102,372.8350530093009,0,0,0,0,393.9685396066102,372.8350530093009,0,0,0,0,0
1702477800,399.62,400.79,398.84,398.95,84.06437306364556,67.25149845091646,126.09655959546834,,398.95,20,20,20,60,390.283259366669,394.2244352941177,398.16561122156645,397.517033261048,389.61619942566796,0,0,0,0,365.8655780325331,377.7897882352942,389.71399843805534,389.62669978456285,366.42531480550457,0,0,0,0,389.1597662694645,396.0876705882351,403.01557490700566,397.517033261048,389.61619942566796,0,0,0,0,378.743894870335,393.7019764705882,408.6600580708414,395.99221534899516,372.8350530093009,0,0,0,0,20.306601083613433,,,,,,,395.99221534899516,372.8350530093009,0,0,0,0,395.99221534899516,372.8350530093009,0,0,0,0,0
1702492200,398.96,404.36,398.93,403.76,84.06437306364556,67.25149845091646,126.09655959546834,,403.76,25,35,40,80,391.4977611924538,396.16674117647045,400.8357211604871,399.95149128080266,393.9820851809773,0,0,0,0,365.8655780325331,377.7897882352942,389.71399843805534,393.98979265709403,366.42531480550457,0,0,0,0,389.8257841056521,396.90652941176455,403.987274717877,399.95149128080266,393.9820851809773,0,0,0,0,380.01683512081945,395.3348000000002,410.65276487918095,395.99221534899516,372.8350530093009,0,0,0,0,21.794998819877602,,,,,,,395.99221534899516,372.8350530093009,0,0,0,0,395.99221534899516,372.8350530093009,0,0,0,0,0
1702564200,404.97,406.3,401.66,401.69,86.89669999906164,69.51735999924931,130.34504999859246,,401.69,20,25,20,60,392.66990262264454,397.8799882352943,403.0900738479441,401.05352761788816,393.9820851809773,0,0,0,0,365.8655780325331,377.7897882352942,389.71399843805534,393.98979265709403,366.42531480550457,0,0,0,0,390.4028331625452,397.4772705882355,404.5517080139258,401.05352761788816,393.9820851809773,0,0,0,0,380.01683512081945,395.3348000000002,410.65276487918095,398.5129305815316,372.8350530093009,0,0,0,0,21.921766435284404,,,,,,,398.5129305815316,372.8350530093009,0,0,0,0,398.5129305815316,372.8350530093009,0,0,0,0,0
1702578600,401.7,403.42,400.34,403.37,86.89669999906164,69.51735999924931,130.34504999859246,,403.37,40,45,80,55,393.85877288954254,399.54015294117676,405.221532992811,401.05352761788816,395.40345766805035,0,0,0,0,367.8759093128355,380.58124705882335,393.2865848048112,395.41052175301587,366.42531480550457,0,0,0,0,391.0232122105349,398.0934470588238,405.16368190711273,401.05352761788816,395.40345766805035,0,0,0,0,381.3128552928986,397.0187764705884,412.72469764827827,398.5129305815316,372.8350530093009,0,0,0,0,22.406424917694366,,,,,,,398.5129305815316,372.8350530093009,0,0,0,0,398.5129305815316,372.8350530093009,0,0,0,0,0
1702650600,404.18,406.535,404.05,405.345,87.27044200928887,69.8163536074311,130.9056630139333,,405.345,20,25,35,60,395.2128645891526,401.4956470588235,407.7784295284944,402.2477330498984,395.40345766805035,0,0,0,0,367.8759093128355,380.58124705882335,393.2865848048112,395.41052175301587,366.42531480550457,0,0,0,0,391.68790492294187,398.8174235294123,405.9469421358827,402.2477330498984,395.40345766805035,0,0,0,0,381.3128552928986,397.0187764705884,412.72469764827827,400.9060983075451,372.8350530093009,0,0,0,0,22.52677812617242,,,,,,,400.9060983075451,372.8350530093009,0,0,0,0,400.9060983075451,372.8350530093009,0,0,0,0,0
1702665000,405.34,406.1,403.58,404.98,87.27044200928887,69.8163536074311,130.9056630139333,,404.98,25,80,65,70,396.54270036128105,403.2791529411764,410.01560552107173,402.7607749256777,398.76107497747535,0,0,0,0,367.8759093128355,380.58124705882335,393.2865848048112,398.77655591351476,366.42531480550457,0,0,0,0,392.3227110010967,399.44008235294143,406.55745370478616,402.7607749256777,398.76107497747535,0,0,0,0,382.6253144909075,398.70908235294127,414.79285021497503,400.9060983075451,378.6010477478156,0,0,0,0,23.367988156374377,,,,,,,400.9060983075451,378.6010477478156,0,0,0,0,400.9060983075451,378.6010477478156,0,0,0,0,0
1702909800,404.94,407.47,404.61,407.38,83.79735283815195,67.03788227052156,125.69602925722793,,407.38,20,40,35,50,397.890044408154,405.10108235294103,412.3121202977281,404.1630661348956,398.76107497747535,0,0,0,0,367.8759093128355,380.58124705882335,393.2865848048112,398.77655591351476,366.42531480550457,0,0,0,0,393.05557753878963,400.05476470588246,407.0539518729753,404.1630661348956,398.76107497747535,0,0,0,0,382.6253144909075,398.70908235294127,414.79285021497503,401.52775823456693,378.6010477478156,0,0,0,0,23.398775508128946,,,,,,,401.52775823456693,378.6010477478156,0,0,0,0,401.52775823456693,378.6010477478156,0,0,0,0,0
1702924200,407.4,407.99,407.1,407.1,83.79735283815195,67.03788227052156,125.69602925722793,,407.1,40,65,55,70,399.0696019347223,406.5997176470587,414.1298333593951,405.2921328395459,399.8924267647986,0,0,0,0,369.8951249012186,383.51491764705884,397.1347103928991,399.90823049112083,366.42531480550457,0,0,0,0,393.70715294836305,400.8315176470592,407.9558823457553,405.2921328395459,399.8924267647986,0,0,0,0,384.09227739408686,400.6651294117644,417.2379814294419,404.1743469320979,378.6010477478156,0,0,0,0,23.537978504749834,,,,,,,404.1743469320979,378.6010477478156,0,0,0,0,404.1743469320979,378.6010477478156,0,0,0,0,0
1702996200,407.54,408.93,407.345,408.43,86.41995211172487,69.1359616893799,129.6299281675873,,408.43,20,40,20,60,400.29320146673444,408.1519764705877,416.010751474441,406.04543580484045,399.8924267647986,0,0,0,0,369.8951249012186,383.51491764705884,397.1347103928991,399.90823049112083,366.42531480550457,0,0,0,0,394.38675437251675,401.70158823529425,409.01642209807176,406.04543580484045,399.8924267647986,0,0,0,0,384.09227739408686,400.6651294117644,417.2379814294419,404.49760786551946,378.6010477478156,0,0,0,0,23.5539878172906,,,,,,,404.49760786551946,378.6010477478156,0,0,0,0,404.49760786551946,378.6010477478156,0,0,0,0,0
1703010600,408.45,409.28,408.19,409.16,86.41995211172487,69.1359616893799,129.6299281675873,,409.16,25,70,70,70,401.51080078534903,409.67708235294083,417.8433639205326,406.7382839337655,402.8165391387415,0,0,0,0,369.8951249012186,383.51491764705884,397.1347103928991,402.8233568846122,366.42531480550457,0,0,0,0,395.0705603354594,402.50805882352944,409.9455573115995,406.7382839337655,402.8165391387415,0,0,0,0,385.65113800331045,402.7573647058824,419.8635914084544,405.4681358751252,378.6010477478156,0,0,0,0,23.998309897288717,,,,,,,405.4681358751252,378.6010477478156,0,0,0,0,405.4681358751252,378.6010477478156,0,0,0,0,0
1703082600,408.35,410.46,407.97,410.09,85.69859432036549,68.5588754562924,128.54789148054823,,410.09,20,25,35,60,402.7726983175286,411.25760000000025,419.7425016824719,407.5678060449305,402.8165391387415,0,0,0,0,369.8951249012186,383.51491764705884,397.1347103928991,402.8233568846122,366.42531480550457,0,0,0,0,395.7657527392339,403.31542352941153,410.86509431958916,407.5678060449305,402.8165391387415,0,0,0,0,385.65113800331045,402.7573647058824,419.8635914084544,405.4681358751252,378.6010477478156,0,0,0,0,23.998309897288717,,,,,,,405.4681358751252,378.6010477478156,0,0,0,0,405.4681358751252,378.6010477478156,0,0,0,0,0
1703097000,410.1,410.22,402.9,403.02,85.69859432036549,68.5588754562924,128.54789148054823,,403.02,5,25,20,5,403.0247846642677,411.1919764705879,411.1919764705879,406.7343407061569,402.8165391387415,0,0,0,0,372.14903473759307,386.3487294117645,400.54842408593595,402.8233568846122,366.42531480550457,0,0,0,0,396.20996475877337,403.8189529411762,411.427941123579,406.7343407061569,402.8165391387415,0,0,0,0,386.9426871846731,404.35847058823504,421.77425399179697,405.4681358751252,378.6010477478156,0,0,0,0,23.105271255530216,,,,,,,405.4681358751252,378.6010477478156,0,0,0,0,405.4681358751252,378.6010477478156,0,0,0,0,0
1703169000,407.06,407.92,404.47,405.71,88.55851202560794,70.84680962048635,132.83776803841192,,405.71,10,25,35,35,403.5326090082848,411.47597647058825,419.4193439328917,406.7343407061569,402.8165391387415,0,0,0,0,372.14903473759307,386.3487294117645,400.54842408593595,402.8233568846122,366.42531480550457,0,0,0,0,396.7618759138543,404.48968235294126,412.21748879202823,406.7343407061569,402.8165391387415,0,0,0,0,386.9426871846731,404.35847058823504,421.77425399179697,405.4681358751252,378.6010477478156,0,0,0,0,23.105271255530216,,,,,,,405.4681358751252,378.6010477478156,0,0,0,0,405.4681358751252,378.6010477478156,0,0,0,0,0
1703183400,405.73,408.14,405.3,407.79,88.55851202560794,70.84680962048635,132.83776803841192,,407.79,15,25,40,40,404.1297719894563,411.86065882352915,419.591545657602,406.7343407061569,402.8165391387415,0,0,0,0,372.14903473759307,386.3487294117645,400.54842408593595,402.8233568846122,366.42531480550457,0,0,0,0,397.3854845282676,405.2807176470585,413.1759507658494,406.7343407061569,402.8165391387415,0,0,0,0,388.48871141257456,406.3477882352939,424.2068650580132,405.4681358751252,378.6010477478156,0,0,0,0,22.814476166084237,,,,,,,405.4681358751252,378.6010477478156,0,0,0,0,405.4681358751252,378.6010477478156,0,0,0,0,0
1703255400,409,409.96,408.2,409.31,88.982857167835,71.186285734268,133.4742857517525,,409.31,10,15,10,10,404.7998688387228,412.32778823529384,419.8557076318649,406.7343407061569,402.8165391387415,0,0,0,0,372.14903473759307,386.3487294117645,400.54842408593595,402.8233568846122,366.42531480550457,0,0,0,0,398.0523385313024,406.1436823529412,414.23502617458,406.7343407061569,402.8165391387415,0,0,0,0,388.48871141257456,406.3477882352939,424.2068650580132,405.4681358751252,378.6010477478156,0,0,0,0,22.814476166084237,,,,,,,405.4681358751252,378.6010477478156,0,0,0,0,405.4681358751252,378.6010477478156,0,0,0,0,0
1703269800,409.31,409.46,406.48,408.44,88.982857167835,71.186285734268,133.4742857517525,,408.44,30,60,15,15,405.31417181679757,412.48896470588227,419.66375759496697,406.7343407061569,402.8165391387415,0,0,0,0,374.1282918854374,389.17682352941193,404.22535517338645,402.8233568846122,366.42531480550457,0,0,0,0,398.65060185464523,406.8677999999998,415.0849981453544,406.7343407061569,402.8165391387415,0,0,0,0,389.9788605280292,408.2468705882351,426.51488064844096,405.4681358751252,390.35383719440017,0,0,0,0,21.52092883680044,,,,,,,405.4681358751252,390.35383719440017,0,0,0,0,405.4681358751252,390.35383719440017,0,0,0,0,0
1703601000,409.25,410.45,409.16,410.33,88.44585577593563,70.7566846207485,132.66878366390344,,410.33,10,40,10,25,405.94596326099116,412.5333058823527,419.1206485037142,407.8950800479368,402.8165391387415,0,0,0,0,374.1282918854374,389.17682352941193,404.22535517338645,402.8233568846122,366.42531480550457,0,0,0,0,399.31709580064495,407.7125058823528,416.1079159640606,407.8950800479368,402.8165391387415,0,0,0,0,389.9788605280292,408.2468705882351,426.51488064844096,406.167301031551,390.35383719440017,0,0,0,0,21.554512077014515,,,,,,,406.167301031551,390.35383719440017,0,0,0,0,406.167301031551,390.35383719440017,0,0,0,0,0
1703615400,410.35,411.56,410.015,410.89,88.44585577593563,70.7566846207485,132.66878366390344,,410.89,15,55,30,45,406.5747838041076,412.858788235294,419.14279266648043,408.7297628984761,404.5799731008329,0,0,0,0,374.1282918854374,389.17682352941193,404.22535517338645,404.59694791184427,366.42531480550457,0,0,0,0,399.98704217650385,408.5553529411763,417.12366370584874,408.7297628984761,404.5799731008329,0,0,0,0,391.4156211186374,410.0635999999997,428.7115788813621,407.1257081007259,390.35383719440017,0,0,0,0,21.973947771060963,,,,,,,407.1257081007259,390.35383719440017,0,0,0,0,407.1257081007259,390.35383719440017,0,0,0,0,0
1703687400,410.95,411.79,410.08,411.36,86.21948383051243,68.97558706440995,129.32922574576864,,411.36,10,40,10,10,407.12052953228397,413.05179999999973,418.9830704677155,408.7297628984761,404.5799731008329,0,0,0,0,374.1282918854374,389.17682352941193,404.22535517338645,404.59694791184427,366.42531480550457,0,0,0,0,400.6476609695312,409.36914117647063,418.09062138341005,408.7297628984761,404.5799731008329,0,0,0,0,391.4156211186374,410.0635999999997,428.7115788813621,407.2749432363883,390.35383719440017,0,0,0,0,21.981116033614192,,,,,,,407.2749432363883,390.35383719440017,0,0,0,0,407.2749432363883,390.35383719440017,0,0,0,0,0
1703701800,411.37,411.69,410.23,411.49,86.21948383051243,68.97558706440995,129.32922574576864,,411.49,20,55,20,50,407.62173838761146,413.13674117647054,418.6517439653296,408.8671907055231,405.7144393079162,0,0,0,0,376.11296732501495,392.07320000000004,408.03343267498514,405.7207373467125,366.42531480550457,0,0,0,0,401.3736731108968,410.3035176470589,419.23336218322106,408.8671907055231,405.7144393079162,0,0,0,0,392.92813577949073,411.98637647058797,431.0446171616852,407.5210187195035,390.35383719440017,0,0,0,0,21.779629638197502,,,,,,,407.5210187195035,390.35383719440017,0,0,0,0,407.5210187195035,390.35383719440017,0,0,0,0,0
1703773800,412.67,412.92,411.29,411.89,88.09851493931652,70.47881195145321,132.1477724089748,,411.89,0,25,0,40,408.1445181129655,413.21843529411757,418.29235247526964,409.85739136941436,405.7144393079162,0,0,0,0,376.11296732501495,392.07320000000004,408.03343267498514,405.7207373467125,366.42531480550457,0,0,0,0,402.1035448598961,411.2363411764702,420.3691374930443,409.85739136941436,405.7144393079162,0,0,0,0,392.92813577949073,411.98637647058797,431.0446171616852,408.6580888109675,390.35383719440017,0,0,0,0,21.834246916634385,,,,,,,408.6580888109675,390.35383719440017,0,0,0,0,408.6580888109675,390.35383719440017,0,0,0,0,0
1703788200,411.89,412.34,410.94,411.21,88.09851493931652,70.47881195145321,132.1477724089748,,411.21,5,45,50,35,408.54455590447236,413.20843529411746,417.87231468376257,409.85739136941436,406.74483650020795,0,0,0,0,376.11296732501495,392.07320000000004,408.03343267498514,406.7506846790902,366.42531480550457,0,0,0,0,402.70639446359274,411.94062352941137,421.17485259523,409.85739136941436,406.74483650020795,0,0,0,0,394.34585133513133,413.7461882352937,433.14652513545605,408.6580888109675,390.35383719440017,0,0,0,0,22.18559659512358,,,,,,,408.6580888109675,390.35383719440017,0,0,0,0,408.6580888109675,390.35383719440017,0,0,0,0,0
1703860200,411.28,411.65,407.58,408.99,86.37297939830573,69.09838351864458,129.5594690974586,,408.99,0,15,15,-10,408.534115783182,412.6622941176469,416.7904724521118,409.85739136941436,406.74483650020795,0,0,0,0,376.11296732501495,392.07320000000004,408.03343267498514,406.7506846790902,366.42531480550457,0,0,0,0,403.1787950826789,412.45017647058785,421.7215578584968,409.85739136941436,406.74483650020795,0,0,0,0,394.34585133513133,413.7461882352937,433.14652513545605,408.6580888109675,390.35383719440017,0,0,0,0,22.18559659512358,,,,,,,408.6580888109675,390.35383719440017,0,0,0,0,408.6580888109675,390.35383719440017,0,0,0,0,0
1703874600,409,410.23,408.72,409.45,86.37297939830573,69.09838351864458,129.5594690974586,,409.45,35,60,20,-5,408.6673259273031,412.3255647058824,415.9838034844617,409.85739136941436,406.74483650020795,0,0,0,0,378.01992925711886,394.7213882352938,411.4228472134687,406.7506846790902,383.8774464394402,0,0,0,0,403.7083377661568,413.0622705882353,422.41620341031387,409.85739136941436,406.74483650020795,0,0,0,0,395.5101488102343,415.07317647058807,434.63620413094185,408.6580888109675,395.5485631090859,0,0,0,0,15.619559364132071,,,,,,,408.6580888109675,395.5485631090859,0,0,0,0,408.6580888109675,395.5485631090859,0,0,0,0,0
1704205800,405.84,406.08,401.745,402.86,89.60998459959173,71.68798767967338,134.4149768993876,,402.86,15,25,15,-55,407.6943697979795,411.01918823529394,411.01918823529394,406.27915001793116,406.74483650020795,0,0,0,0,378.01992925711886,394.7213882352938,411.4228472134687,406.7506846790902,383.8774464394402,0,0,0,0,403.77356477260633,413.0691882352939,413.0691882352939,406.27915001793116,406.74483650020795,0,0,0,0,395.5101488102343,415.07317647058807,434.63620413094185,408.6580888109675,395.5485631090859,0,0,0,0,0.6195593641320717,,,,,,,408.6580888109675,395.5485631090859,0,0,1,0,408.6580888109675,395.5485631090859,0,0,0,0,0
1704220200,402.86,403.08,400.24,402.56,89.60998459959173,71.68798767967338,134.4149768993876,,402.56,20,35,20,-30,406.36910652368994,409.49361176470586,409.49361176470586,404.8304915970937,406.74483650020795,0,0,0,0,378.01992925711886,394.7213882352938,411.4228472134687,406.7506846790902,383.8774464394402,0,0,0,0,403.784420289769,413.00104705882313,413.00104705882313,404.8304915970937,406.74483650020795,0,0,0,0,396.16889574620416,415.6174823529412,435.0660689596782,406.01098132680846,395.5485631090859,0,0,0,0,0.4940797897964822,,,,,,,406.01098132680846,395.5485631090859,0,0,0,0,406.01098132680846,395.5485631090859,0,0,0,0,0
1704292200,399.93,401,398.4,399.51,91.25699346439347,73.00559477151478,136.8854901965902,,399.51,15,35,-10,-35,404.5378090649686,407.92220000000015,407.92220000000015,402.4601687750451,406.74483650020795,0,0,0,0,378.01992925711886,394.7213882352938,411.4228472134687,406.7506846790902,383.8774464394402,0,0,0,0,403.57049011532405,412.70975294117625,412.70975294117625,402.4601687750451,406.74483650020795,0,0,0,0,396.16889574620416,415.6174823529412,435.0660689596782,404.01876837489357,395.5485631090859,0,0,0,0,0.3996438688193084,,,,,,,404.01876837489357,395.5485631090859,0,0,0,0,404.01876837489357,395.5485631090859,0,0,0,0,0
1704306600,399.48,400.43,397.9,398.34,91.25699346439347,73.00559477151478,136.8854901965902,,398.34,15,20,-25,-50,402.5258269758501,406.2113529411766,406.2113529411766,401.47463532133986,405.5601582394472,0,0,0,0,379.28649138283066,396.27602352941113,413.2655556759916,405.54859174928526,383.8774464394402,0,0,0,0,403.2196397214082,412.24747058823505,412.24747058823505,401.47463532133986,405.5601582394472,0,0,0,0,396.44412079695894,415.51592941176443,415.51592941176443,403.4138563481155,395.5485631090859,0,0,0,0,-0.38348063879180055,,,,,,,403.4138563481155,395.5485631090859,1,0,0,0,403.4138563481155,395.5485631090859,0,0,0,0,0
1704378600,396.42,399.579,396.2,398,86.90914019309778,69.52731215447822,130.3637102896467,,398,-10,10,-10,-20,400.5934680594222,404.572317647059,404.572317647059,401.47463532133986,405.5601582394472,0,0,0,0,379.28649138283066,396.27602352941113,413.2655556759916,405.54859174928526,383.8774464394402,0,0,0,0,402.82456692118853,411.73631764705857,411.73631764705857,401.47463532133986,405.5601582394472,0,0,0,0,396.44412079695894,415.51592941176443,415.51592941176443,402.59108089467867,395.5485631090859,0,0,0,0,-0.4224822714375638,,,,,,,402.59108089467867,395.5485631090859,0,0,0,0,402.59108089467867,395.5485631090859,0,0,0,0,0
1704393000,398.05,398.3,396.065,396.25,86.90914019309778,69.52731215447822,130.3637102896467,,396.25,-10,-10,-35,-75,398.47087735220816,402.9213411764707,402.9213411764707,399.768893752936,404.0765755080581,0,0,0,0,379.28649138283066,396.27602352941113,413.2655556759916,404.05369233862206,383.8774464394402,0,0,0,0,402.28684056507234,411.1123647058821,411.1123647058821,399.768893752936,404.0765755080581,0,0,0,0,396.53794171520946,415.19510588235306,415.19510588235306,401.25657511648734,395.5485631090859,0,0,0,0,-1.2025348949326047,,,,,,,401.25657511648734,395.5485631090859,0,0,0,0,401.25657511648734,395.5485631090859,0,0,0,0,0
1704465000,396.45,399.5,396.02,396.99,89.62173431948511,71.6973874555881,134.43260147922769,,396.99,0,0,-10,-35,396.6372734914405,401.42204705882375,401.42204705882375,399.768893752936,404.0765755080581,0,0,0,0,379.28649138283066,396.27602352941113,413.2655556759916,404.05369233862206,383.8774464394402,0,0,0,0,401.8203328190423,410.5732588235291,410.5732588235291,399.768893752936,404.0765755080581,0,0,0,0,396.53794171520946,415.19510588235306,415.19510588235306,401.25657511648734,395.5485631090859,0,0,0,0,-1.2025348949326047,,,,,,,401.25657511648734,395.5485631090859,0,0,0,0,401.25657511648734,395.5485631090859,0,0,0,0,0
1704479400,396.99,397.88,395.35,396.75,89.62173431948511,71.6973874555881,134.43260147922769,,396.75,-10,-15,-35,-75,394.7616598886325,399.9311764705886,399.9311764705886,399.22446127857154,404.0275344003397,0,0,0,0,380.48162184041286,397.70839999999987,414.9351781595869,403.9515000287205,383.8774464394402,0,0,0,0,401.2947419143929,409.9424117647061,409.9424117647061,399.22446127857154,404.0275344003397,0,0,0,0,396.6403162268039,414.95362352941174,414.95362352941174,400.8408224218692,395.5485631090859,0,0,0,0,-1.4663287748636398,,,,,,,400.8408224218692,395.5485631090859,0,0,0,0,400.8408224218692,395.5485631090859,0,0,0,0,0
1704724200,397.99,403.03,397.85,402.84,89.15895038791714,71.32716031033372,133.73842558187573,,402.84,-10,10,-10,-10,394.27927335313524,399.4907294117647,404.7021854703941,399.22446127857154,404.0275344003397,0,0,0,0,380.48162184041286,397.70839999999987,414.9351781595869,403.9515000287205,383.8774464394402,0,0,0,0,401.1926965153553,409.62318823529426,418.05367995523324,399.22446127857154,404.0275344003397,0,0,0,0,396.6403162268039,414.95362352941174,414.95362352941174,400.8408224218692,395.5485631090859,0,0,0,0,-1.4663287748636398,,,,,,,400.8408224218692,395.5485631090859,0,0,0,0,400.8408224218692,395.5485631090859,0,0,0,0,0
1704738600,402.85,405.24,402.79,405.01,89.15895038791714,71.32716031033372,133.73842558187573,,405.01,-10,10,-10,5,394.4091911351267,399.58995294117625,404.7707147472258,402.08369302953764,404.0275344003397,0,0,0,0,380.48162184041286,397.70839999999987,414.9351781595869,403.9515000287205,383.8774464394402,0,0,0,0,401.243685203819,409.54036470588227,417.83704420794555,402.08369302953764,404.0275344003397,0,0,0,0,397.1812269638789,414.90872941176485,432.6362318596508,400.8408224218692,395.5485631090859,0,0,0,0,2.3186196779746027,,,,,,,400.8408224218692,395.5485631090859,0,0,0,0,400.8408224218692,395.5485631090859,0,0,0,0,0
1704810600,401.91,406.67,401.71,405.77,95.41451756258658,76.33161405006926,143.12177634387987,,405.77,-10,10,-10,5,394.68884502705646,399.8240235294116,404.9592020317667,402.1056332754687,404.0275344003397,0,0,0,0,380.48162184041286,397.70839999999987,414.9351781595869,403.9515000287205,383.8774464394402,0,0,0,0,401.3307720381385,409.5084588235295,417.6861456089205,402.1056332754687,404.0275344003397,0,0,0,0,397.1812269638789,414.90872941176485,432.6362318596508,400.8408224218692,395.5485631090859,0,0,0,0,2.3186196779746027,,,,,,,400.8408224218692,395.5485631090859,0,0,0,0,400.8408224218692,395.5485631090859,0,0,0,0,0
1704825000,405.78,406.39,404.53,405.78,95.41451756258658,76.33161405006926,143.12177634387987,,405.78,-10,15,-10,15,395.20789334442804,400.2588941176467,405.3098948908654,402.7638023272209,404.0275344003397,0,0,0,0,381.8618525072673,399.46508235294124,417.06831219861516,403.9515000287205,383.8774464394402,0,0,0,0,401.3998635140128,409.45521176470584,417.5105600153989,402.7638023272209,404.0275344003397,0,0,0,0,397.79528171688855,414.53025882352927,431.26523593017,401.3568474283891,395.5485631090859,0,0,0,0,2.3430805653968627,,,,,,,401.3568474283891,395.5485631090859,0,0,0,0,401.3568474283891,395.5485631090859,0,0,0,0,0
1704897000,406.07,408.29,405.16,407.62,93.69733809833927,74.95787047867142,140.5460071475089,,407.62,-10,10,-10,35,395.36749563732013,400.4198117647059,405.4721278920917,404.3232812364812,404.0275344003397,0,0,0,0,381.8618525072673,399.46508235294124,417.06831219861516,403.9515000287205,383.8774464394402,0,0,0,0,401.544448363252,409.3108352941181,417.07722222498415,404.3232812364812,404.0275344003397,0,0,0,0,397.79528171688855,414.53025882352927,431.26523593017,401.98992975493275,395.5485631090859,0,0,0,0,17.37309026516518,,,,,,,401.98992975493275,395.5485631090859,0,0,0,0,401.98992975493275,395.5485631090859,0,0,0,0,0
1704911400,407.65,409.52,407.35,408.54,93.69733809833927,74.95787047867142,140.5460071475089,,408.54,-10,10,-10,15,395.8816046984947,400.9699764705882,406.05834824268175,405.43090400530394,404.0275344003397,0,0,0,0,381.8618525072673,399.46508235294124,417.06831219861516,403.9515000287205,383.8774464394402,0,0,0,0,401.72629931318943,409.23358823529423,416.74087715739904,405.43090400530394,404.0275344003397,0,0,0,0,398.5485550128625,414.28522352941155,430.0218920459606,404.2513633438661,395.5485631090859,0,0,0,0,17.715146654167963,,,,,,,404.2513633438661,395.5485631090859,0,0,0,0,404.2513633438661,395.5485631090859,0,0,0,0,0
1704983400,409.78,411.2,404.25,407.44,94.75235073607718,75.80188058886175,142.12852610411576,,407.44,-10,10,-10,0,396.22427060501764,401.30094117647064,406.37761174792365,405.43090400530394,404.0275344003397,0,0,0,0,381.8618525072673,399.46508235294124,417.06831219861516,403.9515000287205,383.8774464394402,0,0,0,0,401.82299514015926,409.0253294117648,416.22766368337034,405.43090400530394,404.0275344003397,0,0,0,0,398.5485550128625,414.28522352941155,430.0218920459606,404.2513633438661,395.5485631090859,0,0,0,0,17.715146654167963,,,,,,,404.2513633438661,395.5485631090859,0,0,0,0,404.2513633438661,395.5485631090859,0,0,0,0,0
1704997800,407.45,409.77,407.35,409.33,94.75235073607718,75.80188058886175,142.12852610411576,,409.33,-10,10,-10,15,397.1075457876678,402.183270588235,407.25899538880225,406.0845548187536,404.0275344003397,0,0,0,0,383.26071655405764,401.2232235294118,419.185730504766,403.9515000287205,383.8774464394402,0,0,0,0,402.02058656917654,408.9488117647062,415.87703696023584,406.0845548187536,404.0275344003397,0,0,0,0,399.29689162229977,414.113105882353,428.92932014240625,404.2513633438661,395.5485631090859,0,0,0,0,18.00721240806848,,,,,,,404.2513633438661,395.5485631090859,0,0,0,0,404.2513633438661,395.5485631090859,0,0,0,0,0
1705069800,410.4,411.25,408.15,409.51,94.12390512709482,75.29912410167586,141.18585769064222,,409.51,-10,10,-10,0,397.9982757813982,403.1057176470589,408.2131595127196,406.0845548187536,404.0275344003397,0,0,0,0,383.26071655405764,401.2232235294118,419.185730504766,403.9515000287205,383.8774464394402,0,0,0,0,402.22492048008195,408.8048352941176,415.38475010815324,406.0845548187536,404.0275344003397,0,0,0,0,399.29689162229977,414.113105882353,428.92932014240625,404.8590762632922,395.5485631090859,0,0,0,0,18.036019533923458,,,,,,,404.8590762632922,395.5485631090859,0,0,0,0,404.8590762632922,395.5485631090859,0,0,0,0,0
1705084200,409.52,410.08,408.61,409.55,94.12390512709482,75.29912410167586,141.18585769064222,,409.55,-10,15,-10,15,399.0126462568074,404.09421176470573,409.1757772726041,406.85967305753906,404.0275344003397,0,0,0,0,383.26071655405764,401.2232235294118,419.185730504766,403.9515000287205,383.8774464394402,0,0,0,0,402.4604074628599,408.5481647058826,414.63592194890526,406.85967305753906,404.0275344003397,0,0,0,0,400.0443155912099,413.8825647058823,427.7208138205547,405.44914224448564,395.5485631090859,0,0,0,0,18.083955957989858,,,,,,,405.44914224448564,395.5485631090859,0,0,0,0,405.44914224448564,395.5485631090859,0,0,0,0,0
1705415400,408.31,411.12,406.83,408.85,86.15987093668255,68.92789674934605,129.23980640502384,,408.85,-10,10,-10,-10,400.17770505671615,405.1987058823528,410.2197067079894,406.85967305753906,404.0275344003397,0,0,0,0,383.26071655405764,401.2232235294118,419.185730504766,403.9515000287205,383.8774464394402,0,0,0,0,402.5832710216259,408.3904117647058,414.1975525077857,406.85967305753906,404.0275344003397,0,0,0,0,400.0443155912099,413.8825647058823,427.7208138205547,405.44914224448564,395.5485631090859,0,0,0,0,18.083955957989858,,,,,,,405.44914224448564,395.5485631090859,0,0,0,0,405.44914224448564,395.5485631090859,0,0,0,0,0
1705429800,408.87,409.59,407.02,409.52,86.15987093668255,68.92789674934605,129.23980640502384,,409.52,-10,10,-10,-10,401.2919611039084,406.2394117647058,411.18686242550314,406.85967305753906,404.0275344003397,0,0,0,0,384.71649428879925,403.0840470588234,421.4515998288475,403.9515000287205,383.8774464394402,0,0,0,0,402.73933812285657,408.2526117647061,413.76588540655564,406.85967305753906,404.0275344003397,0,0,0,0,400.6998519163816,413.7544235294118,426.808995142442,405.44914224448564,395.5485631090859,0,0,0,0,18.083955957989858,,,,,,,405.44914224448564,395.5485631090859,0,0,0,0,405.44914224448564,395.5485631090859,0,0,0,0,0
1705501800,406.17,406.61,402.92,404.82,87.43463871683757,69.94771097347005,131.15195807525635,,404.82,-10,10,-10,-10,401.95550939730794,406.75487058823484,406.75487058823484,406.85967305753906,404.0275344003397,0,0,0,0,384.71649428879925,403.0840470588234,421.4515998288475,403.9515000287205,383.8774464394402,0,0,0,0,402.5560294875062,407.74810588235283,407.74810588235283,406.85967305753906,404.0275344003397,0,0,0,0,400.6998519163816,413.7544235294118,426.808995142442,405.44914224448564,395.5485631090859,0,0,0,0,18.083955957989858,,,,,,,405.44914224448564,395.5485631090859,0,0,0,0,405.44914224448564,395.5485631090859,0,0,0,0,0
1705516200,404.79,407.585,403.99,407.2,87.43463871683757,69.94771097347005,131.15195807525635,,407.2,-10,10,-10,-10,402.9327770003825,407.53908235294074,412.145387705499,406.85967305753906,404.0275344003397,0,0,0,0,384.71649428879925,403.0840470588234,421.4515998288475,403.9515000287205,383.8774464394402,0,0,0,0,402.5465516260925,407.4174117647058,412.28827190331907,406.85967305753906,404.0275344003397,0,0,0,0,401.13917607247436,413.5824470588236,426.0257180451729,405.44914224448564,395.5485631090859,0,0,0,0,18.083955957989858,,,,,,,405.44914224448564,395.5485631090859,0,0,0,0,405.44914224448564,395.5485631090859,0,0,0,0,0
1705588200,410.52,412.98,409.17,409.48,86.7166933996261,69.37335471970088,130.07504009943915,,409.48,-10,10,-10,5,404.43215856744496,409.0319058823525,413.63165319726,407.50469295616443,404.0275344003397,0,0,0,0,384.71649428879925,403.0840470588234,421.4515998288475,403.9515000287205,383.8774464394402,0,0,0,0,402.6583915165756,407.3519411764706,412.04549083636556,407.50469295616443,404.0275344003397,0,0,0,0,401.13917607247436,413.5824470588236,426.0257180451729,405.5552806334076,395.5485631090859,0,0,0,0,18.088987185449373,,,,,,,405.5552806334076,395.5485631090859,0,0,0,0,405.5552806334076,395.5485631090859,0,0,0,0,0
1705602600,409.47,413.57,409.46,413.17,86.7166933996261,69.37335471970088,130.07504009943915,,413.17,-10,30,5,35,405.76866935365564,410.6066352941177,415.4446012345798,409.8820883471914,404.1840068282012,0,0,0,0,386.2255456300766,405.0193411764706,423.8131367228646,404.2030347497511,383.8774464394402,0,0,0,0,402.9567088862875,407.5514823529411,412.14625581959467,409.8820883471914,404.1840068282012,0,0,0,0,401.8358115760662,413.9270823529411,426.01835312981603,405.80990344530704,395.5485631090859,0,0,0,0,18.182962881508658,,,,,,,405.80990344530704,395.5485631090859,0,0,0,0,405.80990344530704,395.5485631090859,0,0,0,0,0
1705674600,415.22,419.15,414.63,419.03,83.6708779411471,66.93670235291768,125.50631691172065,,419.03,10,10,10,35,407.57590047441266,412.9766117647055,418.3773230549984,413.206494544262,404.1840068282012,0,0,0,0,386.2255456300766,405.0193411764706,423.8131367228646,404.2030347497511,383.8774464394402,0,0,0,0,403.44372990254067,408.22375294117654,413.0037759798124,413.206494544262,404.1840068282012,0,0,0,0,401.8358115760662,413.9270823529411,426.01835312981603,410.8134817706422,395.5485631090859,0,0,0,0,18.420145119923617,,,,,,,410.8134817706422,395.5485631090859,0,0,0,0,410.8134817706422,395.5485631090859,0,0,0,0,0
1705689000,419.03,421.34,419.02,421.23,83.6708779411471,66.93670235291768,125.50631691172065,,421.23,15,35,40,80,409.0188464603181,415.2179529411761,421.41705942203413,418.13503866316466,409.4079134833297,0,0,0,0,386.2255456300766,405.0193411764706,423.8131367228646,409.4342465533403,383.8774464394402,0,0,0,0,403.98646827222495,409.0850588235295,414.18364937483403,418.13503866316466,409.4079134833297,0,0,0,0,402.8470787540447,414.8611058823531,426.87513301066156,415.31037592988207,395.5485631090859,0,0,0,0,20.336721319757206,,,,,,,415.31037592988207,395.5485631090859,0,0,0,0,415.31037592988207,395.5485631090859,0,0,0,0,0
1705933800,423.41,424.72,421.12,421.26,84.2254774217239,67.38038193737911,126.33821613258584,,421.26,10,20,20,60,410.4238734584569,417.2872705882351,424.1506677180133,418.48182161579575,409.4079134833297,0,0,0,0,386.2255456300766,405.0193411764706,423.8131367228646,409.4342465533403,383.8774464394402,0,0,0,0,404.5350131459388,409.90304705882346,415.2710809717081,418.48182161579575,409.4079134833297,0,0,0,0,402.8470787540447,414.8611058823531,426.87513301066156,417.4182062206048,395.5485631090859,0,0,0,0,20.436637794337223,,,,,,,417.4182062206048,395.5485631090859,0,0,0,0,417.4182062206048,395.5485631090859,0,0,0,0,0
1705948200,421.22,422.44,421.19,421.72,84.2254774217239,67.38038193737911,126.33821613258584,,421.72,40,40,40,70,411.7030892084016,419.01261176470587,426.32213432101014,419.169155280577,416.0178839488061,0,0,0,0,388.15301732715795,407.7330588235296,427.3131003199012,416.03822894238743,383.8774464394402,0,0,0,0,405.1791628602704,410.89665882352926,416.6141547867881,419.169155280577,416.0178839488061,0,0,0,0,403.8318001226084,415.85515294117636,427.8785057597443,417.66333434770445,395.5485631090859,0,0,0,0,22.598677643080038,,,,,,,417.66333434770445,395.5485631090859,0,0,0,0,417.66333434770445,395.5485631090859,0,0,0,0,0
1706020200,422.43,422.61,420.57,422.17,80.09220532347535,64.07376425878029,120.13830798521303,,422.17,20,25,20,35,412.85196486458386,420.40976470588254,427.9675645471812,419.169155280577,416.0178839488061,0,0,0,0,388.15301732715795,407.7330588235296,427.3131003199012,416.03822894238743,383.8774464394402,0,0,0,0,405.7894255634058,411.80015294117663,417.81088031894745,419.169155280577,416.0178839488061,0,0,0,0,403.8318001226084,415.85515294117636,427.8785057597443,417.66333434770445,395.5485631090859,0,0,0,0,22.598677643080038,,,,,,,417.66333434770445,395.5485631090859,0,0,0,0,417.66333434770445,395.5485631090859,0,0,0,0,0
1706034600,422.2,423.65,421.795,423.43,80.09220532347535,64.07376425878029,120.13830798521303,,423.43,25,30,65,55,414.02765844326655,421.81030588235274,429.5929533214389,420.5037671534923,416.0178839488061,0,0,0,0,388.15301732715795,407.7330588235296,427.3131003199012,416.03822894238743,383.8774464394402,0,0,0,0,406.46820050904694,412.82049411764723,419.1727877262475,420.5037671534923,416.0178839488061,0,0,0,0,404.8464182973678,416.87931764705905,428.9122169967503,418.4863444120513,395.5485631090859,0,0,0,0,22.63769039687494,,,,,,,418.4863444120513,395.5485631090859,0,0,0,0,418.4863444120513,395.5485631090859,0,0,0,0,0
1706106600,427.44,429.85,426.12,429.04,80.7326840072726,64.58614720581808,121.09902601090889,,429.04,20,25,45,60,415.4745459895876,423.6268941176468,431.77924224570603,425.2752380047969,416.0178839488061,0,0,0,0,388.15301732715795,407.7330588235296,427.3131003199012,416.03822894238743,383.8774464394402,0,0,0,0,407.342645386589,414.3082352941174,421.2738252016458,425.2752380047969,416.0178839488061,0,0,0,0,404.8464182973678,416.87931764705905,428.9122169967503,422.5891055254762,395.5485631090859,0,0,0,0,22.832171626365596,,,,,,,422.5891055254762,395.5485631090859,0,0,0,0,422.5891055254762,395.5485631090859,0,0,0,0,0
1706121000,429.06,429.09,425.34,425.82,80.7326840072726,64.58614720581808,121.09902601090889,,425.82,40,40,65,55,416.62083780824275,424.7967999999997,432.9727621917566,425.2752380047969,420.26812442524607,0,0,0,0,390.4940442906318,411.03978823529417,431.58553217995654,420.29541169011975,383.8774464394402,0,0,0,0,408.1381860114126,415.4755999999998,422.81301398858704,425.2752380047969,420.26812442524607,0,0,0,0,405.93194918178847,417.8522352941175,429.7725214064466,422.5891055254762,395.5485631090859,0,0,0,0,24.218415721720365,,,,,,,422.5891055254762,395.5485631090859,0,0,0,0,422.5891055254762,395.5485631090859,0,0,0,0,0
1706193000,428.36,429.04,425.65,426.06,81.14203876177622,64.91363100942098,121.71305814266432,,426.06,20,25,35,45,417.7778792758732,425.8164470588233,433.8550148417734,425.2752380047969,420.26812442524607,0,0,0,0,390.4940442906318,411.03978823529417,431.58553217995654,420.29541169011975,383.8774464394402,0,0,0,0,409.0081984055088,416.7085647058824,424.408931006256,425.2752380047969,420.26812442524607,0,0,0,0,405.93194918178847,417.8522352941175,429.7725214064466,422.5891055254762,395.5485631090859,0,0,0,0,24.218415721720365,,,,,,,422.5891055254762,395.5485631090859,0,0,0,0,422.5891055254762,395.5485631090859,0,0,0,0,0
1706207400,426.07,426.48,423.981,426.31,81.14203876177622,64.91363100942098,121.71305814266432,,426.31,25,25,40,50,418.7527711932846,426.81444705882336,434.8761229243621,425.2752380047969,420.26812442524607,0,0,0,0,390.4940442906318,411.03978823529417,431.58553217995654,420.29541169011975,383.8774464394402,0,0,0,0,409.8680134785624,417.90578823529387,425.94356299202536,425.2752380047969,420.26812442524607,0,0,0,0,406.9732188961459,419.06712941176437,431.16103992738283,422.5891055254762,395.5485631090859,0,0,0,0,24.169272162357146,,,,,,,422.5891055254762,395.5485631090859,0,0,0,0,422.5891055254762,395.5485631090859,0,0,0,0,0
1706279400,424.44,426.21,423.18,424.1,80.92254398856456,64.73803519085165,121.38381598284684,,424.1,20,25,20,45,419.58216913975787,427.66444705882395,435.74672497789004,425.2752380047969,420.26812442524607,0,0,0,0,390.4940442906318,411.03978823529417,431.58553217995654,420.29541169011975,383.8774464394402,0,0,0,0,410.66638148796204,418.9394117647058,427.2124420414496,425.2752380047969,420.26812442524607,0,0,0,0,406.9732188961459,419.06712941176437,431.16103992738283,422.5891055254762,395.5485631090859,0,0,0,0,24.169272162357146,,,,,,,422.5891055254762,395.5485631090859,0,0,0,0,422.5891055254762,395.5485631090859,0,0,0,0,0
1706293800,424.09,424.84,423.15,423.77,80.92254398856456,64.73803519085165,121.38381598284684,,423.77,40,60,55,40,420.2063668810344,428.2067999999999,436.20723311896535,425.2752380047969,420.26812442524607,0,0,0,0,392.75537401954426,414.10364705882324,435.4519200981022,420.29541169011975,383.8774464394402,0,0,0,0,411.45678225873667,419.9397411764705,428.4227000942043,425.2752380047969,420.26812442524607,0,0,0,0,407.8796605480138,419.9247529411766,431.9698453343394,422.5891055254762,408.0364512431956,0,0,0,0,22.534155301115607,,,,,,,422.5891055254762,408.0364512431956,0,0,0,0,422.5891055254762,408.0364512431956,0,0,0,0,0
1706538600,424.27,425.74,423.61,425.45,85.21418700086294,68.17134960069035,127.82128050129441,,425.45,20,40,35,10,420.86564287384346,428.7883529411764,436.71106300850937,425.2752380047969,420.26812442524607,0,0,0,0,392.75537401954426,414.10364705882324,435.4519200981022,420.29541169011975,383.8774464394402,0,0,0,0,412.33970600204265,421.07334117647054,429.8069763508984,425.2752380047969,420.26812442524607,0,0,0,0,407.8796605480138,419.9247529411766,431.9698453343394,422.5891055254762,408.0364512431956,0,0,0,0,22.534155301115607,,,,,,,422.5891055254762,408.0364512431956,0,0,0,0,422.5891055254762,408.0364512431956,0,0,0,0,0
1706553000,425.45,428.35,425.13,428.15,85.21418700086294,68.17134960069035,127.82128050129441,,428.15,25,40,40,30,421.78960270111526,429.78204705882365,437.77449141653204,425.32741861182086,420.26812442524607,0,0,0,0,392.75537401954426,414.10364705882324,435.4519200981022,420.29541169011975,383.8774464394402,0,0,0,0,413.11244017417374,422.09764705882316,431.08285394347257,425.32741861182086,420.26812442524607,0,0,0,0,408.9595195929269,421.33451764705876,433.70951570119064,422.5891055254762,408.0364512431956,0,0,0,0,21.2439032069315,,,,,,,422.5891055254762,408.0364512431956,0,0,0,0,422.5891055254762,408.0364512431956,0,0,0,0,0
1706625000,427.1,427.68,424.55,425.545,87.81773529550375,70.25418823640301,131.7266029432556,,425.545,20,40,35,10,422.42656829964085,430.3807176470593,438.3348669944778,425.32741861182086,420.26812442524607,0,0,0,0,392.75537401954426,414.10364705882324,435.4519200981022,420.29541169011975,383.8774464394402,0,0,0,0,413.8068625162405,422.968152941176,432.1294433661115,425.32741861182086,420.26812442524607,0,0,0,0,408.9595195929269,421.33451764705876,433.70951570119064,422.5891055254762,408.0364512431956,0,0,0,0,21.2439032069315,,,,,,,422.5891055254762,408.0364512431956,0,0,0,0,422.5891055254762,408.0364512431956,0,0,0,0,0
1706639400,425.6,425.83,424.38,425.21,87.81773529550375,70.25418823640301,131.7266029432556,,425.21,40,40,40,15,422.83235776137894,430.53231764705913,438.2322775327393,425.32741861182086,420.26812442524607,0,0,0,0,394.9427074817422,417.0604470588238,439.1781866359054,420.29541169011975,383.8774464394402,0,0,0,0,414.5173028703937,423.8491764705883,433.18105007078293,425.32741861182086,420.26812442524607,0,0,0,0,409.89329803450545,422.43383529411767,434.9743725537299,422.5891055254762,408.0364512431956,0,0,0,0,21.2439032069315,,,,,,,422.5891055254762,408.0364512431956,0,0,0,0,422.5891055254762,408.0364512431956,0,0,0,0,0
1706711400,420.85,421.53,418.06,420.29,87.08841622703015,69.67073298162413,130.63262434054522,,420.29,-10,0,-10,-25,422.43978199154634,429.8792352941182,429.8792352941182,423.2929636537624,420.26812442524607,0,0,0,0,394.9427074817422,417.0604470588238,439.1781866359054,420.29541169011975,383.8774464394402,0,0,0,0,414.9764557591745,424.3679882352939,433.75952071141336,423.2929636537624,420.26812442524607,0,0,0,0,409.89329803450545,422.43383529411767,434.9743725537299,422.5891055254762,408.0364512431956,0,0,0,0,21.2439032069315,,,,,,,422.5891055254762,408.0364512431956,0,0,0,0,422.5891055254762,408.0364512431956,0,0,0,0,0
1706725800,420.29,422.87,416.79,416.86,87.08841622703015,69.67073298162413,130.63262434054522,,416.86,-5,15,-5,-30,421.6460252656188,428.83431764705875,428.83431764705875,421.03201968105026,420.26812442524607,0,0,0,0,394.9427074817422,417.0604470588238,439.1781866359054,420.29541169011975,383.8774464394402,0,0,0,0,415.16472984021283,424.5598352941176,424.5598352941176,421.03201968105026,420.26812442524607,0,0,0,0,410.3703942501956,422.806188235294,435.24198222039234,422.5891055254762,408.0364512431956,0,0,0,0,20.412156749718637,,,,,,,422.5891055254762,408.0364512431956,0,0,0,0,422.5891055254762,408.0364512431956,0,0,0,0,0
1706797800,418.78,421.38,417.82,420.44,86.3434493464378,69.07475947715024,129.51517401965668,,420.44,-10,10,-10,-20,421.06878223495556,427.950011764706,427.950011764706,421.03201968105026,420.26812442524607,0,0,0,0,394.9427074817422,417.0604470588238,439.1781866359054,420.29541169011975,383.8774464394402,0,0,0,0,415.6313631745982,425.0854470588234,434.53953094304853,421.03201968105026,420.26812442524607,0,0,0,0,410.3703942501956,422.806188235294,435.24198222039234,422.5891055254762,408.0364512431956,0,0,0,0,20.412156749718637,,,,,,,422.5891055254762,408.0364512431956,0,0,0,0,422.5891055254762,408.0364512431956,0,0,0,0,0
1706812200,420.45,422.37,419.65,422.07,86.3434493464378,69.07475947715024,129.51517401965668,,422.07,-5,10,-5,-15,420.8554907465546,427.4020117647063,433.94853278285797,421.03201968105026,420.26812442524607,0,0,0,0,396.8673648851463,419.54632941176465,442.225293938383,420.29541169011975,383.8774464394402,0,0,0,0,416.19665825894583,425.73623529411725,435.27581232928867,421.03201968105026,420.26812442524607,0,0,0,0,411.0705825762287,423.4903999999999,435.91021742377114,422.5891055254762,408.0364512431956,0,0,0,0,20.412156749718637,,,,,,,422.5891055254762,408.0364512431956,0,0,0,0,422.5891055254762,408.0364512431956,0,0,0,0,0
1706884200,423.8,429.79,422.78,428.63,87.3155535490204,69.85244283921632,130.9733303235306,,428.63,10,10,10,25,421.3581812271132,427.634411764706,433.91064230229875,424.8199408562931,420.26812442524607,0,0,0,0,396.8673648851463,419.54632941176465,442.225293938383,420.29541169011975,383.8774464394402,0,0,0,0,417.1040204075702,426.8888823529414,436.67374429831256,424.8199408562931,420.26812442524607,0,0,0,0,411.0705825762287,423.4903999999999,435.91021742377114,422.5891055254762,408.0364512431956,0,0,0,0,20.412156749718637,,,,,,,422.5891055254762,408.0364512431956,0,0,0,0,422.5891055254762,408.0364512431956,0,0,0,0,0
1706898600,428.665,430.24,427.98,429.15,87.3155535490204,69.85244283921632,130.9733303235306,,429.15,15,10,15,40,422.0188600797598,427.60356470588204,433.18826933200427,426.54826533017103,420.26812442524607,0,0,0,0,396.8673648851463,419.54632941176465,442.225293938383,420.29541169011975,383.8774464394402,0,0,0,0,418.017841967634,428.04647058823537,438.0750992088367,426.54826533017103,420.26812442524607,0,0,0,0,412.113885621329,424.8319058823527,437.5499261433764,424.201481099971,408.0364512431956,0,0,0,0,20.486248272497217,,,,,,,424.201481099971,408.0364512431956,0,0,0,0,424.201481099971,408.0364512431956,0,0,0,0,0
1707143400,429.07,429.41,425.01,428.02,86.32265080210426,69.05812064168342,129.4839762031564,,428.02,10,10,10,20,422.42605977861695,427.0637999999997,431.7015402213824,426.54826533017103,420.26812442524607,0,0,0,0,396.8673648851463,419.54632941176465,442.225293938383,420.29541169011975,383.8774464394402,0,0,0,0,418.86670940038056,429.0907647058822,439.3148200113838,426.54826533017103,420.26812442524607,0,0,0,0,412.113885621329,424.8319058823527,437.5499261433764,424.201481099971,408.0364512431956,0,0,0,0,20.486248272497217,,,,,,,424.201481099971,408.0364512431956,0,0,0,0,424.201481099971,408.0364512431956,0,0,0,0,0
1707157800,428.06,429.6,427.88,428.43,86.32265080210426,69.05812064168342,129.4839762031564,,428.43,15,15,15,25,422.8865072224274,426.9355411764709,430.98457513051443,426.54826533017103,420.26812442524607,0,0,0,0,399.026838207916,422.43475294117627,445.84266767443654,420.29541169011975,383.8774464394402,0,0,0,0,419.6885774492478,430.1017411764705,440.5149049036932,426.54826533017103,420.26812442524607,0,0,0,0,413.0624644941005,425.949082352941,438.8357002117815,424.2072974790566,408.0364512431956,0,0,0,0,20.486515545451688,,,,,,,424.2072974790566,408.0364512431956,0,0,0,0,424.2072974790566,408.0364512431956,0,0,0,0,0
1707229800,429.61,430.21,425.21,426.37,86.5668261779046,69.25346094232368,129.8502392668569,,426.37,10,10,10,20,423.0801917606405,426.54452941176476,430.008867062889,426.54826533017103,420.26812442524607,0,0,0,0,399.026838207916,422.43475294117627,445.84266767443654,420.29541169011975,383.8774464394402,0,0,0,0,420.30467121322584,430.8234470588233,441.3422229044208,426.54826533017103,420.26812442524607,0,0,0,0,413.0624644941005,425.949082352941,438.8357002117815,424.2072974790566,408.0364512431956,0,0,0,0,20.486515545451688,,,,,,,424.2072974790566,408.0364512431956,0,0,0,0,424.2072974790566,408.0364512431956,0,0,0,0,0
1707244200,426.39,427.69,425.27,427.66,86.5668261779046,69.25346094232368,129.8502392668569,,427.66,15,10,15,15,423.23083750405215,426.4768823529412,429.7229272018302,426.54826533017103,420.26812442524607,0,0,0,0,399.026838207916,422.43475294117627,445.84266767443654,420.29541169011975,383.8774464394402,0,0,0,0,420.9767445850329,431.62282352941156,442.2689024737902,426.54826533017103,420.26812442524607,0,0,0,0,413.94973309805914,426.96901176470567,439.9882904313522,424.2072974790566,408.0364512431956,0,0,0,0,20.486515545451688,,,,,,,424.2072974790566,408.0364512431956,0,0,0,0,424.2072974790566,408.0364512431956,0,0,0,0,0
1707316200,430.41,432.83,429.09,432.18,87.29732346642054,69.83785877313643,130.9459851996308,,432.18,10,10,10,25,423.8329445821035,427.2851882352941,430.73743188848465,427.9343034440337,420.26812442524607,0,0,0,0,399.026838207916,422.43475294117627,445.84266767443654,420.29541169011975,383.8774464394402,0,0,0,0,421.700757204538,432.46671764705906,443.23267808958013,427.9343034440337,420.26812442524607,0,0,0,0,413.94973309805914,426.96901176470567,439.9882904313522,425.3116882512709,408.0364512431956,0,0,0,0,20.537264263895658,,,,,,,425.3116882512709,408.0364512431956,0,0,0,0,425.3116882512709,408.0364512431956,0,0,0,0,0
1707330600,432.19,432.62,431.75,432.02,87.29732346642054,69.83785877313643,130.9459851996308,,432.02,30,35,40,70,424.45250007705886,428.10142352941193,431.750346981765,429.4018738879678,423.81688144722636,0,0,0,0,401.41161211710767,425.6462823529408,449.8809525887739,423.84269633095056,383.8774464394402,0,0,0,0,422.3764724962758,433.2172000000002,444.0579275037246,429.4018738879678,423.81688144722636,0,0,0,0,414.9800774587646,428.22028235294056,441.46048724711653,428.17942480475153,408.0364512431956,0,0,0,0,21.824125551584828,,,,,,,428.17942480475153,408.0364512431956,0,0,0,0,428.17942480475153,408.0364512431956,0,0,0,0,0
1707402600,432.1,433.56,431.42,433.22,89.96410216609766,71.97128173287813,134.9461532491465,,433.22,10,20,20,60,425.10046764976374,428.9544117647058,432.8083558796479,430.1694218727886,423.81688144722636,0,0,0,0,401.41161211710767,425.6462823529408,449.8809525887739,423.84269633095056,383.8774464394402,0,0,0,0,423.04037499942797,433.8695411764705,444.698707353513,430.1694218727886,423.81688144722636,0,0,0,0,414.9800774587646,428.22028235294056,441.46048724711653,428.17942480475153,408.0364512431956,0,0,0,0,21.824125551584828,,,,,,,428.17942480475153,408.0364512431956,0,0,0,0,428.17942480475153,408.0364512431956,0,0,0,0,0
1707417000,433.22,433.47,431.91,432.81,89.96410216609766,71.97128173287813,134.9461532491465,,432.81,15,30,55,70,425.681830009518,429.66288235294076,433.6439346963635,430.29950151276154,426.37067562956736,0,0,0,0,401.41161211710767,425.6462823529408,449.8809525887739,426.3946465930255,383.8774464394402,0,0,0,0,423.6408076083912,434.36392941176433,445.0870512151375,430.29950151276154,426.37067562956736,0,0,0,0,415.9977798104592,429.4201176470587,442.8424554836582,428.57792240817867,408.0364512431956,0,0,0,0,22.673415407114977,,,,,,,428.57792240817867,408.0364512431956,0,0,0,0,428.57792240817867,408.0364512431956,0,0,0,0,0
1707489000,433.94,437.12,433.16,437,91.90595268729108,73.52476214983287,137.85892903093662,,437,10,20,20,60,426.54710256190305,430.92125882352934,435.29541508515564,433.17962120233017,426.37067562956736,0,0,0,0,401.41161211710767,425.6462823529408,449.8809525887739,426.3946465930255,383.8774464394402,0,0,0,0,424.3998765914649,435.0889529411763,445.7780292908877,433.17962120233017,426.37067562956736,0,0,0,0,415.9977798104592,429.4201176470587,442.8424554836582,429.7580708075945,408.0364512431956,0,0,0,0,22.727645323147303,,,,,,,429.7580708075945,408.0364512431956,0,0,0,0,429.7580708075945,408.0364512431956,0,0,0,0,0
1707503400,437,437.84,436.78,437.09,91.90595268729108,73.52476214983287,137.85892903093662,,437.09,70,75,40,70,427.7974201574305,432.5986941176467,437.39996807786287,434.9161529754785,428.0903702274554,0,0,0,0,403.76105777472753,428.8575529411764,453.9540481076252,428.1343146935237,397.2894970216655,0,0,0,0,425.13148335820495,435.65919999999977,446.1869166417946,434.9161529754785,428.0903702274554,0,0,0,0,417.15468711615665,430.8888941176473,444.6231011191379,433.5453514641948,412.38341969438807,0,0,0,0,18.55179080598964,,,,,,,433.5453514641948,412.38341969438807,0,0,0,0,433.5453514641948,412.38341969438807,0,0,0,0,0
1707748200,436.94,439.14,436.39,437.55,98.16834024623185,78.53467219698548,147.25251036934776,,437.55,35,35,20,60,428.8795835100821,434.10445882352946,439.3293341369768,435.5590808819177,428.0903702274554,0,0,0,0,403.76105777472753,428.8575529411764,453.9540481076252,428.1343146935237,397.2894970216655,0,0,0,0,425.85045526335784,436.19867058823496,446.5468859131121,435.5590808819177,428.0903702274554,0,0,0,0,417.15468711615665,430.8888941176473,444.6231011191379,433.5453514641948,412.38341969438807,0,0,0,0,18.55179080598964,,,,,,,433.5453514641948,412.38341969438807,0,0,0,0,433.5453514641948,412.38341969438807,0,0,0,0,0
1707762600,437.56,437.56,434.65,435.32,98.16834024623185,78.53467219698548,147.25251036934776,,435.32,40,65,40,55,429.8033030365525,435.2323176470586,440.6613322575647,435.5590808819177,429.6402509254943,0,0,0,0,403.76105777472753,428.8575529411764,453.9540481076252,429.66257792970055,397.2894970216655,0,0,0,0,426.4401735219487,436.4599529411765,446.4797323604043,435.5590808819177,429.6402509254943,0,0,0,0,418.19721995411487,432.0994352941176,446.0016506341203,433.5453514641948,412.38341969438807,0,0,0,0,19.03263136672484,,,,,,,433.5453514641948,412.38341969438807,0,0,0,0,433.5453514641948,412.38341969438807,0,0,0,0,0
1707834600,427.28,431.26,426.28,428.64,101.52051691936998,81.21641353549599,152.28077537905497,,428.64,15,25,0,0,429.8346112813157,435.25116470588205,435.25116470588205,433.1365970150861,429.6402509254943,0,0,0,0,403.76105777472753,428.8575529411764,453.9540481076252,429.66257792970055,397.2894970216655,0,0,0,0,426.61104321209586,436.3554,446.0997567879041,433.1365970150861,429.6402509254943,0,0,0,0,418.19721995411487,432.0994352941176,446.0016506341203,433.5453514641948,412.38341969438807,0,0,0,0,19.03263136672484,,,,,,,433.5453514641948,412.38341969438807,0,0,0,0,433.5453514641948,412.38341969438807,0,0,0,0,0
1707849000,428.65,428.8,425.34,428.51,101.52051691936998,81.21641353549599,152.28077537905497,,428.51,20,40,5,5,429.44099803480464,434.8225294117645,434.8225294117645,431.0961984466814,429.6402509254943,0,0,0,0,405.5368575650764,431.0078117647061,456.4787659643358,429.66257792970055,397.2894970216655,0,0,0,0,426.75424219948366,436.26684705882354,445.77945191816343,431.0961984466814,429.6402509254943,0,0,0,0,418.85980213809046,432.6364235294118,446.4130449207331,433.5453514641948,412.38341969438807,0,0,0,0,19.03263136672484,,,,,,,433.5453514641948,412.38341969438807,0,0,0,0,433.5453514641948,412.38341969438807,0,0,0,0,0
1707921000,431.26,432.65,428.88,430.55,101.06840465397299,80.8547237231784,151.60260698095948,,430.55,-10,10,-10,-20,429.4607019153576,434.7777529411766,434.7777529411766,431.0961984466814,429.6402509254943,0,0,0,0,405.5368575650764,431.0078117647061,456.4787659643358,429.66257792970055,397.2894970216655,0,0,0,0,427.00089995704155,436.31179999999983,445.6227000429581,431.0961984466814,429.6402509254943,0,0,0,0,418.85980213809046,432.6364235294118,446.4130449207331,433.5453514641948,412.38341969438807,0,0,0,0,19.03263136672484,,,,,,,433.5453514641948,412.38341969438807,0,0,0,0,433.5453514641948,412.38341969438807,0,0,0,0,0
1707935400,430.56,433.65,429.85,433.24,101.06840465397299,80.8547237231784,151.60260698095948,,433.24,-5,10,-5,-15,429.7978803605305,435.1225529411764,440.44722552182236,431.0961984466814,429.6402509254943,0,0,0,0,405.5368575650764,431.0078117647061,456.4787659643358,429.66257792970055,397.2894970216655,0,0,0,0,427.37566014340854,436.5077176470587,445.6397751507089,431.0961984466814,429.6402509254943,0,0,0,0,419.7183880416136,433.4869647058822,447.2555413701508,433.5453514641948,412.38341969438807,0,0,0,0,18.339581148406577,,,,,,,433.5453514641948,412.38341969438807,0,0,0,0,433.5453514641948,412.38341969438807,0,0,0,0,0
1708007400,433.92,434.74,431.33,434.72,105.41072795396423,84.32858236317139,158.11609193094634,,434.72,10,10,10,0,430.37136966697165,435.77572941176453,441.1800891565574,431.0961984466814,429.6402509254943,0,0,0,0,405.5368575650764,431.0078117647061,456.4787659643358,429.66257792970055,397.2894970216655,0,0,0,0,427.80826513845204,436.82754117647085,445.84681721448965,431.0961984466814,429.6402509254943,0,0,0,0,419.7183880416136,433.4869647058822,447.2555413701508,433.5453514641948,412.38341969438807,0,0,0,0,18.339581148406577,,,,,,,433.5453514641948,412.38341969438807,0,0,0,0,433.5453514641948,412.38341969438807,0,0,0,0,0
1708021800,434.72,434.98,433.54,434.53,105.41072795396423,84.32858236317139,158.11609193094634,,434.53,15,10,15,30,430.8560216626973,436.31258823529424,441.7691548078912,431.3801345510245,429.6402509254943,0,0,0,0,407.39622692488894,433.20503529411764,459.01384366334634,429.66257792970055,397.2894970216655,0,0,0,0,428.2055579575841,437.1056470588236,446.00573616006307,431.3801345510245,429.6402509254943,0,0,0,0,420.57787471915293,434.19103529411785,447.8041958690828,433.5453514641948,412.38341969438807,0,0,0,0,17.840994238884097,,,,,,,433.5453514641948,412.38341969438807,0,0,0,0,433.5453514641948,412.38341969438807,0,0,0,0,0
1708093800,434.88,434.99,429.86,432.65,105.64516243511356,84.51612994809085,158.46774365267035,,432.65,-10,10,-10,-10,431.08263887289013,436.51574117647027,441.9488434800504,431.3801345510245,429.6402509254943,0,0,0,0,407.39622692488894,433.20503529411764,459.01384366334634,429.66257792970055,397.2894970216655,0,0,0,0,428.46537989316687,437.1326235294116,445.79986716565634,431.3801345510245,429.6402509254943,0,0,0,0,420.57787471915293,434.19103529411785,447.8041958690828,433.5453514641948,412.38341969438807,0,0,0,0,17.840994238884097,,,,,,,433.5453514641948,412.38341969438807,0,0,0,0,433.5453514641948,412.38341969438807,0,0,0,0,0
1708108200,432.62,434.35,429.995,430.57,105.64516243511356,84.51612994809085,158.46774365267035,,430.57,-5,30,35,-5,430.8482867184924,435.8896235294121,435.8896235294121,431.3801345510245,429.6402509254943,0,0,0,0,407.39622692488894,433.20503529411764,459.01384366334634,429.66257792970055,397.2894970216655,0,0,0,0,428.5764001960331,437.0143764705878,445.45235274514255,431.3801345510245,429.6402509254943,0,0,0,0,421.19761373055707,434.51458823529424,447.8315627400314,433.5453514641948,412.6287111447889,0,0,0,0,20.31320738001502,,,,,,,433.5453514641948,412.6287111447889,0,0,0,0,433.5453514641948,412.6287111447889,0,0,0,0,0
1708439400,428.54,430.07,423.5,424.47,105.35573306182519,84.28458644946016,158.0335995927378,,424.47,-10,10,15,-45,429.65616227640766,434.11731764705866,434.11731764705866,429.25017582861733,429.6402509254943,0,0,0,0,407.39622692488894,433.20503529411764,459.01384366334634,429.66257792970055,397.2894970216655,0,0,0,0,428.2280554819783,436.37970588235294,436.37970588235294,429.25017582861733,429.6402509254943,0,0,0,0,421.19761373055707,434.51458823529424,447.8315627400314,433.5453514641948,412.6287111447889,0,0,0,0,5.313207380015019,,,,,,,433.5453514641948,412.6287111447889,0,0,1,0,433.5453514641948,412.6287111447889,0,0,0,0,0
1708453800,424.46,427.35,424.06,427.32,105.35573306182519,84.28458644946016,158.0335995927378,,427.32,-10,10,15,-10,428.74933619958796,432.6509647058822,432.6509647058822,429.25017582861733,429.6402509254943,0,0,0,0,408.7799909531028,434.51574117647056,460.2514913998383,429.66257792970055,397.2894970216655,0,0,0,0,428.0840603468885,435.93272941176457,435.93272941176457,429.25017582861733,429.6402509254943,0,0,0,0,421.60905307610227,434.39435294117686,447.17965280625145,431.19346514234513,412.6287111447889,0,0,0,0,4.917832466360943,,,,,,,431.19346514234513,412.6287111447889,0,0,0,0,431.19346514234513,412.6287111447889,0,0,0,0,0
1708525800,424.55,425.29,422.95,423.61,106.35468829341104,85.08375063472884,159.53203244011655,,423.61,-10,10,15,-35,427.1402117378118,430.8798117647062,430.8798117647062,427.7785714764978,429.6402509254943,0,0,0,0,408.7799909531028,434.51574117647056,460.2514913998383,429.66257792970055,397.2894970216655,0,0,0,0,427.6391409970441,435.12787058823517,435.12787058823517,427.7785714764978,429.6402509254943,0,0,0,0,421.60905307610227,434.39435294117686,447.17965280625145,429.17107477503475,412.6287111447889,0,0,0,0,4.825934306192045,,,,,,,429.17107477503475,412.6287111447889,0,0,0,0,429.17107477503475,412.6287111447889,0,0,0,0,0
1708540200,423.62,425.69,421.64,425.61,106.35468829341104,85.08375063472884,159.53203244011655,,425.61,-10,10,15,-35,425.67960340460417,429.6230588235295,429.6230588235295,427.1436735138908,429.6402509254943,0,0,0,0,408.7799909531028,434.51574117647056,460.2514913998383,429.66257792970055,397.2894970216655,0,0,0,0,427.34831606015445,434.4703764705879,434.4703764705879,427.1436735138908,429.6402509254943,0,0,0,0,421.8713618910623,434.2570823529416,446.6428028148209,429.17107477503475,412.6287111447889,0,0,0,0,4.825934306192045,,,,,,,429.17107477503475,412.6287111447889,0,0,0,0,429.17107477503475,412.6287111447889,0,0,0,0,0
1708612200,434.49,437.7,433.7,437.56,105.50194604837736,84.4015568387019,158.25291907256604,,437.56,10,10,10,45,426.3349378771147,430.44044705882396,434.5459562405332,432.1637388083024,429.6402509254943,0,0,0,0,408.7799909531028,434.51574117647056,460.2514913998383,429.66257792970055,397.2894970216655,0,0,0,0,427.88690041992845,434.514905882353,441.14291134477753,432.1637388083024,429.6402509254943,0,0,0,0,421.8713618910623,434.2570823529416,446.6428028148209,429.2213691990772,412.6287111447889,0,0,0,0,19.828219703270157,,,,,,,429.2213691990772,412.6287111447889,0,0,0,0,429.2213691990772,412.6287111447889,0,0,0,0,0
1708626600,437.59,439.12,437.45,438.15,105.50194604837736,84.4015568387019,158.25291907256604,,438.15,15,15,15,40,426.9694191279172,431.22785882352935,435.4862985191415,435.0542441765465,429.6402509254943,0,0,0,0,410.6296424685002,436.64112941176467,462.6526163550291,429.66257792970055,397.2894970216655,0,0,0,0,428.41386050797934,434.6234117647055,440.8329630214317,435.0542441765465,429.6402509254943,0,0,0,0,422.7521690933662,435.0741176470589,447.39606620075165,433.17198568485736,412.6287111447889,0,0,0,0,20.00773716559814,,,,,,,433.17198568485736,412.6287111447889,0,0,0,0,433.17198568485736,412.6287111447889,0,0,0,0,0
1708698600,439.65,440.58,435.8,438.37,104.33275013282181,83.46620010625746,156.4991251992327,,438.37,10,10,10,20,427.570607822564,431.96188235294153,436.35315688331906,435.0542441765465,429.6402509254943,0,0,0,0,410.6296424685002,436.64112941176467,462.6526163550291,429.66257792970055,397.2894970216655,0,0,0,0,428.9110007782426,434.767376470588,440.62375216293333,435.0542441765465,429.6402509254943,0,0,0,0,422.7521690933662,435.0741176470589,447.39606620075165,433.17198568485736,412.6287111447889,0,0,0,0,20.00773716559814,,,,,,,433.17198568485736,412.6287111447889,0,0,0,0,433.17198568485736,412.6287111447889,0,0,0,0,0
1708713000,438.38,438.51,436.23,436.74,104.33275013282181,83.46620010625746,156.4991251992327,,436.74,55,25,30,40,427.91430907283774,432.2771058823533,436.6399026918688,435.0542441765465,429.9151391023955,0,0,0,0,410.6296424685002,436.64112941176467,462.6526163550291,429.93947841318277,402.1681043772608,0,0,0,0,429.2700315736313,434.86440000000005,440.4587684263688,435.0542441765465,429.9151391023955,0,0,0,0,423.54199470210733,435.81698823529393,448.09198176848054,433.17198568485736,412.6287111447889,0,0,0,0,18.453897030728967,,,,,,,433.17198568485736,412.6287111447889,0,0,0,0,433.17198568485736,412.6287111447889,0,0,0,0,0
1708957800,437.58,438.6,436.36,437.14,105.22900109764134,84.18320087811308,157.84350164646202,,437.14,35,10,10,20,428.29819847673616,432.65049882352986,437.00279917032356,435.0542441765465,429.9151391023955,0,0,0,0,410.6296424685002,436.64112941176467,462.6526163550291,429.93947841318277,402.1681043772608,0,0,0,0,429.60750274547445,435.17142352941164,440.73534431334883,435.0542441765465,429.9151391023955,0,0,0,0,423.54199470210733,435.81698823529393,448.09198176848054,433.17198568485736,412.6287111447889,0,0,0,0,18.453897030728967,,,,,,,433.17198568485736,412.6287111447889,0,0,0,0,433.17198568485736,412.6287111447889,0,0,0,0,0
1708972200,437.15,438.16,436.53,436.64,105.22900109764134,84.18320087811308,157.84350164646202,,436.64,55,25,30,40,428.8307819373092,433.26550588235295,437.7002298273967,435.0542441765465,430.7394148807958,0,0,0,0,412.3614605834655,438.5901176470589,464.8187747106523,430.7580870979554,402.1681043772608,0,0,0,0,429.9185545781352,435.48501176470614,441.0514689512771,435.0542441765465,430.7394148807958,0,0,0,0,424.29784989690535,436.5709176470589,448.8439853972124,433.17198568485736,412.6287111447889,0,0,0,0,18.70833313464384,,,,,,,433.17198568485736,412.6287111447889,0,0,0,0,433.17198568485736,412.6287111447889,0,0,0,0,0
1709044200,437.67,438,435.03,435.79,110.92174154120156,88.73739323296125,166.38261231180235,,435.79,15,10,-10,-10,429.241104144181,433.7218541176467,438.20260409111245,435.0542441765465,430.7394148807958,0,0,0,0,412.3614605834655,438.5901176470589,464.8187747106523,430.7580870979554,402.1681043772608,0,0,0,0,430.16583607858666,435.6975411764703,441.2292462743539,435.0542441765465,430.7394148807958,0,0,0,0,424.29784989690535,436.5709176470589,448.8439853972124,433.17198568485736,412.6287111447889,0,0,0,0,18.70833313464384,,,,,,,433.17198568485736,412.6287111447889,0,0,0,0,433.17198568485736,412.6287111447889,0,0,0,0,0
1709058600,435.81,437.96,435.69,437.62,110.92174154120156,88.73739323296125,166.38261231180235,,437.62,40,15,55,15,429.86353721449666,434.437802352941,439.0120674913853,435.0542441765465,430.7394148807958,0,0,0,0,412.3614605834655,438.5901176470589,464.8187747106523,430.7580870979554,402.1681043772608,0,0,0,0,430.4944998128113,436.03637647058815,441.578253128365,435.0542441765465,430.7394148807958,0,0,0,0,425.1200973750607,437.520047058824,449.9199967425873,433.17198568485736,412.6287111447889,0,0,0,0,18.70833313464384,,,,,,,433.17198568485736,412.6287111447889,0,0,0,0,433.17198568485736,412.6287111447889,0,0,0,0,0
1709130600,435.44,436.66,434.3,435.79,116.3182547468801,93.05460379750409,174.47738212032016,,435.79,0,10,15,-10,430.2377841260148,434.8454211764706,439.45305822692643,435.0542441765465,430.7394148807958,0,0,0,0,412.3614605834655,438.5901176470589,464.8187747106523,430.7580870979554,402.1681043772608,0,0,0,0,430.7116931588181,436.2137058823531,441.7157186058881,435.0542441765465,430.7394148807958,0,0,0,0,425.1200973750607,437.520047058824,449.9199967425873,433.17198568485736,412.6287111447889,0,0,0,0,18.70833313464384,,,,,,,433.17198568485736,412.6287111447889,0,0,0,0,433.17198568485736,412.6287111447889,0,0,0,0,0
1709145000,435.8,436.2,434.48,435.28,116.3182547468801,93.05460379750409,174.47738212032016,,435.28,5,10,20,-5,430.821337164879,435.40527529411736,439.9892134233557,435.0542441765465,430.7394148807958,0,0,0,0,413.92380055284656,440.2021647058829,466.4805288589193,430.7580870979554,402.1681043772608,0,0,0,0,430.8974827969997,436.3697882352939,441.8420936735881,435.0542441765465,430.7394148807958,0,0,0,0,425.77850330646805,438.1945882352943,450.61067316412056,433.17198568485736,412.6287111447889,0,0,0,0,18.70833313464384,,,,,,,433.17198568485736,412.6287111447889,0,0,0,0,433.17198568485736,412.6287111447889,0,0,0,0,0
1709217000,438.23,439.27,435.02,438.54,127.49729239205578,101.99783391364463,191.24593858808367,,438.54,10,10,35,10,431.7936703022237,436.4027529411762,441.01183558012866,435.0542441765465,430.7394148807958,0,0,0,0,413.92380055284656,440.2021647058829,466.4805288589193,430.7580870979554,402.1681043772608,0,0,0,0,431.38186653085006,436.97551764705923,442.5691687632684,435.0542441765465,430.7394148807958,0,0,0,0,425.77850330646805,438.1945882352943,450.61067316412056,433.17198568485736,412.6287111447889,0,0,0,0,18.70833313464384,,,,,,,433.17198568485736,412.6287111447889,0,0,0,0,433.17198568485736,412.6287111447889,0,0,0,0,0
1709231400,438.57,440.09,437.64,439.09,127.49729239205578,101.99783391364463,191.24593858808367,,439.09,-5,10,20,10,432.9910343939108,437.63841882352904,442.28580325314726,436.2344152727486,430.7394148807958,0,0,0,0,413.92380055284656,440.2021647058829,466.4805288589193,430.7580870979554,402.1681043772608,0,0,0,0,431.78640047042734,437.47280000000063,443.1591995295739,436.2344152727486,430.7394148807958,0,0,0,0,426.6109133153379,439.1617411764708,451.7125690376037,434.14627086537683,412.6287111447889,0,0,0,0,18.75260501064602,,,,,,,434.14627086537683,412.6287111447889,0,0,0,0,434.14627086537683,412.6287111447889,0,0,0,0,0
1709303400,439.9,445.3,439.84,445.26,124.88851122024792,99.91080897619834,187.3327668303719,,445.26,10,10,10,35,434.36571963204943,439.4673082352943,444.56889683853916,440.10049071987,430.7394148807958,0,0,0,0,413.92380055284656,440.2021647058829,466.4805288589193,430.7580870979554,402.1681043772608,0,0,0,0,432.4224651561414,438.4275411764707,444.4326171968,440.10049071987,430.7394148807958,0,0,0,0,426.6109133153379,439.1617411764708,451.7125690376037,436.15225151784995,412.6287111447889,0,0,0,0,18.843757507353097,,,,,,,436.15225151784995,412.6287111447889,0,0,0,0,436.15225151784995,412.6287111447889,0,0,0,0,0
1709317800,445.28,446.58,445.14,445.68,124.88851122024792,99.91080897619834,187.3327668303719,,445.68,15,70,40,80,435.4282335013505,440.968385882353,446.5085382633555,443.2637394472348,434.4144868911497,0,0,0,0,415.9347994162381,442.63738823529474,469.3399770543514,434.4295625678026,402.1681043772608,0,0,0,0,433.07254372445675,439.37971764705907,445.6868915696614,443.2637394472348,434.4144868911497,0,0,0,0,427.7214591133827,440.6325411764708,453.5436232395589,441.61280498086063,421.2132534870884,0,0,0,0,20.756365153197248,,,,,,,441.61280498086063,421.2132534870884,0,0,0,0,441.61280498086063,421.2132534870884,0,0,0,0,0
1709562600,445.61,445.72,444.2,444.54,128.9352108578123,103.14816868624985,193.40281628671846,,444.54,10,35,20,45,436.27501250118763,441.97136941176524,447.66772632234284,443.2637394472348,434.4144868911497,0,0,0,0,415.9347994162381,442.63738823529474,469.3399770543514,434.4295625678026,402.1681043772608,0,0,0,0,433.6278533566486,440.10939999999977,446.59094664335095,443.2637394472348,434.4144868911497,0,0,0,0,427.7214591133827,440.6325411764708,453.5436232395589,441.61280498086063,421.2132534870884,0,0,0,0,20.756365153197248,,,,,,,441.61280498086063,421.2132534870884,0,0,0,0,441.61280498086063,421.2132534870884,0,0,0,0,0
1709577000,444.55,446.04,443.77,443.91,128.9352108578123,103.14816868624985,193.40281628671846,,443.91,15,50,40,65,437.14268848331943,443.0569647058826,448.97124092844575,443.2637394472348,438.56988068463903,0,0,0,0,415.9347994162381,442.63738823529474,469.3399770543514,438.58387952724524,402.1681043772608,0,0,0,0,434.1338633547354,440.7288705882353,447.32387782173515,443.2637394472348,438.56988068463903,0,0,0,0,428.76964471736795,441.97242352941186,455.17520234145576,441.61280498086063,421.2132534870884,0,0,0,0,21.89492876276398,,,,,,,441.61280498086063,421.2132534870884,0,0,0,0,441.61280498086063,421.2132534870884,0,0,0,0,0
1709649000,440.94,440.95,435.48,435.85,139.58680500127775,111.66944400102221,209.38020750191663,,435.85,-10,35,0,0,437.0303226622194,442.9176423529414,442.9176423529414,439.6523426851843,438.56988068463903,0,0,0,0,415.9347994162381,442.63738823529474,469.3399770543514,438.58387952724524,402.1681043772608,0,0,0,0,434.19967435784787,440.74231764705905,440.74231764705905,439.6523426851843,438.56988068463903,0,0,0,0,428.76964471736795,441.97242352941186,455.17520234145576,441.61280498086063,421.2132534870884,0,0,0,0,21.89492876276398,,,,,,,441.61280498086063,421.2132534870884,0,0,0,0,441.61280498086063,421.2132534870884,0,0,0,0,0
1709663400,435.84,436.19,433.65,436.04,139.58680500127775,111.66944400102221,209.38020750191663,,436.04,-5,35,5,5,436.74236776662013,442.61636705882347,442.61636705882347,438.620234254062,438.56988068463903,0,0,0,0,417.46058487968844,444.29552941176524,471.13047394384205,438.58387952724524,402.1681043772608,0,0,0,0,434.3208554766096,440.8540470588236,440.8540470588236,438.620234254062,438.56988068463903,0,0,0,0,429.2778343468692,442.36823529411805,455.4586362413669,439.7796469424625,421.2132534870884,0,0,0,0,21.81332707303695,,,,,,,439.7796469424625,421.2132534870884,0,0,0,0,439.7796469424625,421.2132534870884,0,0,0,0,0
1709735400,440.32,441.98,436.89,441.45,130.29098298492872,104.23278638794298,195.43647447739306,,441.45,-10,20,0,5,437.3071245692611,443.2525317647059,449.19793896015074,438.620234254062,438.56988068463903,0,0,0,0,417.46058487968844,444.29552941176524,471.13047394384205,438.58387952724524,402.1681043772608,0,0,0,0,434.69236374384917,441.26308235294084,447.8338009620325,438.620234254062,438.56988068463903,0,0,0,0,429.2778343468692,442.36823529411805,455.4586362413669,439.7796469424625,421.2132534870884,0,0,0,0,21.81332707303695,,,,,,,439.7796469424625,421.2132534870884,0,0,0,0,439.7796469424625,421.2132534870884,0,0,0,0,0
1709749800,441.48,441.56,437.42,438.85,130.29098298492872,104.23278638794298,195.43647447739306,,438.85,-5,25,5,10,437.44481989243064,443.3743105882355,443.3743105882355,438.620234254062,438.56988068463903,0,0,0,0,417.46058487968844,444.29552941176524,471.13047394384205,438.58387952724524,402.1681043772608,0,0,0,0,434.8899248752233,441.4194117647057,447.94889865418816,438.620234254062,438.56988068463903,0,0,0,0,429.9569275420201,443.086823529412,456.21671951680395,439.7796469424625,421.2132534870884,0,0,0,0,21.81332707303695,,,,,,,439.7796469424625,421.2132534870884,0,0,0,0,439.7796469424625,421.2132534870884,0,0,0,0,0
1709821800,442.43,445.94,440.87,445.92,135.1783854741083,108.14270837928665,202.76757821116246,,445.92,10,10,10,25,438.253931724795,444.3423717647064,450.4308118046178,441.4558107531972,438.56988068463903,0,0,0,0,417.46058487968844,444.29552941176524,471.13047394384205,438.58387952724524,402.1681043772608,0,0,0,0,435.39052583710435,441.89581176470597,448.4010976923076,441.4558107531972,438.56988068463903,0,0,0,0,429.9569275420201,443.086823529412,456.21671951680395,439.7796469424625,421.2132534870884,0,0,0,0,21.81332707303695,,,,,,,439.7796469424625,421.2132534870884,0,0,0,0,439.7796469424625,421.2132534870884,0,0,0,0,0
1709836200,445.94,446.71,444.98,445.52,135.1783854741083,108.14270837928665,202.76757821116246,,445.52,30,10,15,40,438.87349039264564,444.7121270588234,450.55076372500116,442.6743470269915,438.56988068463903,0,0,0,0,419.3764121148194,446.5784235294119,473.7804349440044,438.58387952724524,402.1681043772608,0,0,0,0,435.8867899276592,442.1436470588237,448.4005041899882,442.6743470269915,438.56988068463903,0,0,0,0,430.93183717943305,444.27395294117605,457.61606870291905,441.1227070407208,421.2132534870884,0,0,0,0,21.873112411304128,,,,,,,441.1227070407208,421.2132534870884,0,0,0,0,441.1227070407208,421.2132534870884,0,0,0,0,0
1709908200,445.81,448.63,439.1,439.47,136.63965344444117,109.31172275555294,204.95948016666176,,439.47,-10,10,-10,0,438.9030335228881,444.36428235294125,444.36428235294125,442.6743470269915,438.56988068463903,0,0,0,0,419.3764121148194,446.5784235294119,473.7804349440044,438.58387952724524,402.1681043772608,0,0,0,0,436.01918927214865,441.99748235294135,447.97577543373404,442.6743470269915,438.56988068463903,0,0,0,0,430.93183717943305,444.27395294117605,457.61606870291905,441.1227070407208,421.2132534870884,0,0,0,0,21.873112411304128,,,,,,,441.1227070407208,421.2132534870884,0,0,0,0,441.1227070407208,421.2132534870884,0,0,0,0,0
1709922600,439.4,442.3,438.34,438.99,136.63965344444117,109.31172275555294,204.95948016666176,,438.99,35,10,-5,5,438.70402521699936,443.3303435294117,443.3303435294117,442.6743470269915,438.56988068463903,0,0,0,0,419.3764121148194,446.5784235294119,473.7804349440044,438.58387952724524,414.5075254931707,0,0,0,0,436.10250176768255,441.8344705882355,447.5664394087884,442.6743470269915,438.56988068463903,0,0,0,0,431.58314298245494,444.9745882352942,458.3660334881335,441.1227070407208,421.2132534870884,0,0,0,0,17.13037171634696,,,,,,,441.1227070407208,421.2132534870884,0,0,0,0,441.1227070407208,421.2132534870884,0,0,0,0,0
1710163800,437.51,438.62,435.44,437.9,141.28997233456235,113.03197786764989,211.93495850184354,,437.9,15,10,-10,-25,438.31355108713075,441.86235764705884,441.86235764705884,441.0831662789041,438.56988068463903,0,0,0,0,419.3764121148194,446.5784235294119,473.7804349440044,438.58387952724524,414.5075254931707,0,0,0,0,436.1355997798174,441.8094117647056,441.8094117647056,441.0831662789041,438.56988068463903,0,0,0,0,431.58314298245494,444.9745882352942,458.3660334881335,441.1227070407208,421.2132534870884,0,0,0,0,17.13037171634696,,,,,,,441.1227070407208,421.2132534870884,0,0,0,0,441.1227070407208,421.2132534870884,0,0,0,0,0
1710178200,437.88,438.66,436.65,437.35,141.28997233456235,113.03197786764989,211.93495850184354,,437.35,20,15,-5,-20,437.78306508814876,441.31545411764694,441.31545411764694,440.5715566384428,438.56988068463903,0,0,0,0,420.7929647431654,448.036988235294,475.28101172742265,438.58387952724524,414.5075254931707,0,0,0,0,436.12430538572664,441.7406352941175,441.7406352941175,440.5715566384428,438.56988068463903,0,0,0,0,432.11091912017537,445.50724705882374,458.9035749974721,441.1227070407208,421.2132534870884,0,0,0,0,16.355636553197563,,,,,,,441.1227070407208,421.2132534870884,0,0,0,0,441.1227070407208,421.2132534870884,0,0,0,0,0
1710250200,439.73,443.19,436.46,441.46,147.66042546596185,118.12834037276949,221.49063819894278,,441.46,15,10,-10,-10,438.097068285168,441.6710447058821,445.24502112659616,440.5715566384428,438.56988068463903,0,0,0,0,420.7929647431654,448.036988235294,475.28101172742265,438.58387952724524,414.5075254931707,0,0,0,0,436.344007786283,441.9264941176471,447.50898044901123,440.5715566384428,438.56988068463903,0,0,0,0,432.11091912017537,445.50724705882374,458.9035749974721,441.1227070407208,421.2132534870884,0,0,0,0,16.355636553197563,,,,,,,441.1227070407208,421.2132534870884,0,0,0,0,441.1227070407208,421.2132534870884,0,0,0,0,0
1710264600,441.43,444.02,441.39,443.68,147.66042546596185,118.12834037276949,221.49063819894278,,443.68,20,10,-5,-5,438.50816378931603,442.14762352941193,445.78708326950783,440.5715566384428,438.56988068463903,0,0,0,0,420.7929647431654,448.036988235294,475.28101172742265,438.58387952724524,414.5075254931707,0,0,0,0,436.6693947549028,442.26950588235275,447.8696170098027,440.5715566384428,438.56988068463903,0,0,0,0,432.93749502621756,446.4578352941181,459.9781755620187,441.1227070407208,421.2132534870884,0,0,0,0,16.355636553197563,,,,,,,441.1227070407208,421.2132534870884,0,0,0,0,441.1227070407208,421.2132534870884,0,0,0,0,0
1710336600,442.65,442.67,439.13,441.54,146.24584643446104,116.99667714756885,219.36876965169157,,441.54,-10,10,-10,-10,438.45602713637754,442.0438494117648,445.6316716871521,440.5715566384428,438.56988068463903,0,0,0,0,420.7929647431654,448.036988235294,475.28101172742265,438.58387952724524,414.5075254931707,0,0,0,0,436.8418666948429,442.3280705882353,447.81427448162765,440.5715566384428,438.56988068463903,0,0,0,0,432.93749502621756,446.4578352941181,459.9781755620187,441.1227070407208,421.2132534870884,0,0,0,0,16.355636553197563,,,,,,,441.1227070407208,421.2132534870884,0,0,0,0,441.1227070407208,421.2132534870884,0,0,0,0,0
1710351000,441.55,441.97,439.25,440.23,146.24584643446104,116.99667714756885,219.36876965169157,,440.23,-5,10,-5,-5,438.2965428921598,441.8452705882352,441.8452705882352,440.5715566384428,438.56988068463903,0,0,0,0,422.1963476626655,449.31607058823556,476.4357935138056,438.58387952724524,414.5075254931707,0,0,0,0,436.9242492148616,442.30082352941173,447.67739784396184,440.5715566384428,438.56988068463903,0,0,0,0,433.5054131898833,446.9963058823529,460.48719857482246,441.1227070407208,421.2132534870884,0,0,0,0,16.355636553197563,,,,,,,441.1227070407208,421.2132534870884,0,0,0,0,441.1227070407208,421.2132534870884,0,0,0,0,0
1710423000,441.5,442.03,437.4,438.14,149.61521936772334,119.69217549417868,224.422829051585,,438.14,-10,10,-10,-10,437.8801723136148,441.3896423529413,441.3896423529413,440.5715566384428,438.56988068463903,0,0,0,0,422.1963476626655,449.31607058823556,476.4357935138056,438.58387952724524,414.5075254931707,0,0,0,0,436.91570724833616,442.26251764705836,442.26251764705836,440.5715566384428,438.56988068463903,0,0,0,0,433.5054131898833,446.9963058823529,460.48719857482246,441.1227070407208,421.2132534870884,0,0,0,0,16.355636553197563,,,,,,,441.1227070407208,421.2132534870884,0,0,0,0,441.1227070407208,421.2132534870884,0,0,0,0,0
1710437400,438.12,440.44,436.4,439.18,149.61521936772334,119.69217549417868,224.422829051585,,439.18,-10,15,5,-10,437.32415291587745,440.7722494117648,440.7722494117648,440.5715566384428,438.56988068463903,0,0,0,0,422.1963476626655,449.31607058823556,476.4357935138056,438.58387952724524,414.5075254931707,0,0,0,0,436.96538810103635,442.2845411764707,447.6036942519051,440.5715566384428,438.56988068463903,0,0,0,0,433.90070170076524,447.09908235294137,460.2974630051175,441.1227070407208,421.2132534870884,0,0,0,0,16.355636553197563,,,,,,,441.1227070407208,421.2132534870884,0,0,0,0,441.1227070407208,421.2132534870884,0,0,0,0,0
1710509400,436.07,436.78,432.74,433.79,146.15319080073272,116.92255264058618,219.22978620109907,,433.79,-10,-10,-10,-45,436.084239245733,439.6861976470585,439.6861976470585,438.28157193643216,438.56988068463903,0,0,0,0,422.1963476626655,449.31607058823556,476.4357935138056,438.58387952724524,414.5075254931707,0,0,0,0,436.6069145219981,441.9191999999997,441.9191999999997,438.28157193643216,438.56988068463903,0,0,0,0,433.90070170076524,447.09908235294137,460.2974630051175,441.03044801112,421.2132534870884,0,0,0,0,1.3515297099520256,,,,,,,441.03044801112,421.2132534870884,0,0,1,0,441.03044801112,421.2132534870884,0,0,0,0,0
1710523800,433.8,435.09,433.48,433.89,146.15319080073272,116.92255264058618,219.22978620109907,,433.89,-10,-10,-10,-35,434.77788716769516,438.4743811764702,438.4743811764702,437.6344676390665,438.56988068463903,0,0,0,0,423.1220586646459,449.57195294117696,476.021847217708,438.58387952724524,414.5075254931707,0,0,0,0,436.24533266083023,441.5438823529407,441.5438823529407,437.6344676390665,438.56988068463903,0,0,0,0,433.9377397719865,446.5401411764704,446.5401411764704,439.1518445817543,421.2132534870884,0,0,0,0,3.7027351990325057,,,,,,,439.1518445817543,421.2132534870884,0,0,0,0,439.1518445817543,421.2132534870884,0,0,0,0,0
1710768600,438.73,441.04,437.61,438.83,139.7333537362149,111.78668298897192,209.60003060432234,,438.83,0,10,0,-10,434.39705372813063,437.97760000000017,441.5581462718697,437.6344676390665,438.56988068463903,0,0,0,0,423.1220586646459,449.57195294117696,476.021847217708,438.58387952724524,414.5075254931707,0,0,0,0,436.410629114787,441.7171999999995,447.02377088521195,437.6344676390665,438.56988068463903,0,0,0,0,433.9377397719865,446.5401411764704,446.5401411764704,439.1518445817543,421.2132534870884,0,0,0,0,3.7027351990325057,,,,,,,439.1518445817543,421.2132534870884,0,0,0,0,439.1518445817543,421.2132534870884,0,0,0,0,0
1710783000,438.89,439.42,437.241,437.47,139.7333537362149,111.78668298897192,209.60003060432234,,437.47,-10,-10,-10,-20,433.89036073767846,437.4613364705882,437.4613364705882,437.6344676390665,438.56988068463903,0,0,0,0,423.1220586646459,449.57195294117696,476.021847217708,438.58387952724524,414.5075254931707,0,0,0,0,436.4769176745073,441.7842117647054,441.7842117647054,437.6344676390665,438.56988068463903,0,0,0,0,434.21759418228754,446.091882352941,457.9661705235945,439.1518445817543,421.2132534870884,0,0,0,0,3.7027351990325057,,,,,,,439.1518445817543,421.2132534870884,0,0,0,0,439.1518445817543,421.2132534870884,0,0,0,0,0
1710855000,435.44,438.89,433.33,438.08,138.09810028578553,110.47848022862843,207.1471504286783,,438.08,-10,-10,-10,-20,433.18014034762166,436.8210258823528,436.8210258823528,437.6344676390665,438.56988068463903,0,0,0,0,423.1220586646459,449.57195294117696,476.021847217708,438.58387952724524,414.5075254931707,0,0,0,0,436.60674146032056,441.91609411764676,441.91609411764676,437.6344676390665,438.56988068463903,0,0,0,0,434.21759418228754,446.091882352941,457.9661705235945,439.1518445817543,421.2132534870884,0,0,0,0,3.7027351990325057,,,,,,,439.1518445817543,421.2132534870884,0,0,0,0,439.1518445817543,421.2132534870884,0,0,0,0,0
1710869400,438.08,438.97,437.24,438.58,138.09810028578553,110.47848022862843,207.1471504286783,,438.58,-10,-5,-10,-10,433.3044303487168,436.8591388235294,440.41384729834203,437.6344676390665,438.56988068463903,0,0,0,0,424.23734959613887,450.18345882352986,476.12956805092085,438.58387952724524,414.5075254931707,0,0,0,0,436.68542864875513,441.99635294117604,447.30727723359695,437.6344676390665,438.56988068463903,0,0,0,0,434.5674847811856,445.65011764705895,456.7327505129323,439.1518445817543,421.2132534870884,0,0,0,0,3.7027351990325057,,,,,,,439.1518445817543,421.2132534870884,0,0,0,0,439.1518445817543,421.2132534870884,0,0,0,0,0
1710941400,439.78,440.16,438.06,438.45,126.39392470324577,101.11513976259663,189.59088705486866,,438.45,-10,-10,-10,-10,433.84003683300335,437.18428705882354,440.52853728464373,437.6344676390665,438.56988068463903,0,0,0,0,424.23734959613887,450.18345882352986,476.12956805092085,438.58387952724524,414.5075254931707,0,0,0,0,436.60814097125706,441.7916470588233,446.9751531463895,437.6344676390665,438.56988068463903,0,0,0,0,434.5674847811856,445.65011764705895,456.7327505129323,439.1518445817543,421.2132534870884,0,0,0,0,3.7027351990325057,,,,,,,439.1518445817543,421.2132534870884,0,0,0,0,439.1518445817543,421.2132534870884,0,0,0,0,0
1710955800,438.46,444.11,438.08,443.83,126.39392470324577,101.11513976259663,189.59088705486866,,443.83,-10,10,-10,25,434.9808971207585,438.26868235294097,441.5564675851234,439.93868177051894,438.56988068463903,0,0,0,0,424.23734959613887,450.18345882352986,476.12956805092085,438.58387952724524,414.5075254931707,0,0,0,0,436.85437889893007,441.97639999999944,447.0984211010688,439.93868177051894,438.56988068463903,0,0,0,0,435.1129668810228,445.84171764705883,456.57046841309483,439.1518445817543,421.2132534870884,0,0,0,0,18.702735199032507,,,,,,,439.1518445817543,421.2132534870884,0,0,0,0,439.1518445817543,421.2132534870884,0,0,0,0,0
1711027800,448.88,449.34,447.25,448.32,138.60222666371283,110.88178133097027,207.90333999556924,,448.32,10,10,10,35,436.45854531449436,440.03039529411745,443.60224527374055,445.18064907764136,438.56988068463903,0,0,0,0,424.23734959613887,450.18345882352986,476.12956805092085,438.58387952724524,414.5075254931707,0,0,0,0,437.3031329513737,442.5553411764703,447.80754940156686,445.18064907764136,438.56988068463903,0,0,0,0,435.1129668810228,445.84171764705883,456.57046841309483,443.08024262700184,421.2132534870884,0,0,0,0,18.877604965685396,,,,,,,443.08024262700184,421.2132534870884,0,0,0,0,443.08024262700184,421.2132534870884,0,0,0,0,0
1711042200,448.26,448.31,445.66,445.79,138.60222666371283,110.88178133097027,207.90333999556924,,445.79,5,25,5,15,437.0246357977952,440.7420141176465,444.45939243749774,445.18064907764136,439.7030750466869,0,0,0,0,425.75464819677205,450.55607058823557,475.3574929796991,439.70658647002364,414.5075254931707,0,0,0,0,437.6718794395476,443.0036235294112,448.3353676192748,445.18064907764136,439.7030750466869,0,0,0,0,435.7356371169607,446.1370352941178,456.53843347127497,443.08024262700184,421.2132534870884,0,0,0,0,19.216171479478668,,,,,,,443.08024262700184,421.2132534870884,0,0,0,0,443.08024262700184,421.2132534870884,0,0,0,0,0
1711114200,445.35,447.09,444.5,446.83,133.83613948654732,107.06891158923787,200.754209229821,,446.83,10,10,10,20,437.5223455154667,441.2777035294115,445.03306154335627,445.18064907764136,439.7030750466869,0,0,0,0,425.75464819677205,450.55607058823557,475.3574929796991,439.70658647002364,414.5075254931707,0,0,0,0,438.1097450373793,443.5623294117643,449.01491378614935,445.18064907764136,439.7030750466869,0,0,0,0,435.7356371169607,446.1370352941178,456.53843347127497,443.08024262700184,421.2132534870884,0,0,0,0,19.216171479478668,,,,,,,443.08024262700184,421.2132534870884,0,0,0,0,443.08024262700184,421.2132534870884,0,0,0,0,0
1711128600,446.83,447.49,445.61,446.21,133.83613948654732,107.06891158923787,200.754209229821,,446.21,-5,15,10,5,438.2569465165646,442.173223529412,446.0895005422594,445.18064907764136,439.7030750466869,0,0,0,0,425.75464819677205,450.55607058823557,475.3574929796991,439.70658647002364,414.5075254931707,0,0,0,0,438.49719517295733,444.0367999999996,449.5764048270418,445.18064907764136,439.7030750466869,0,0,0,0,436.34131280012866,446.48755294117626,456.63379308222386,443.08024262700184,421.2132534870884,0,0,0,0,19.216171479478668,,,,,,,443.08024262700184,421.2132534870884,0,0,0,0,443.08024262700184,421.2132534870884,0,0,0,0,0
1711373400,443.55,445.81,442.54,445.6,137.37046332689275,109.8963706615142,206.05569499033913,,445.6,-10,10,-10,0,438.71858639462613,442.71272941176454,446.70687242890295,445.18064907764136,439.7030750466869,0,0,0,0,425.75464819677205,450.55607058823557,475.3574929796991,439.70658647002364,414.5075254931707,0,0,0,0,438.79567940150065,444.3612235294114,449.92676765732216,445.18064907764136,439.7030750466869,0,0,0,0,436.34131280012866,446.48755294117626,456.63379308222386,443.08024262700184,421.2132534870884,0,0,0,0,19.216171479478668,,,,,,,443.08024262700184,421.2132534870884,0,0,0,0,443.08024262700184,421.2132534870884,0,0,0,0,0
1711387800,445.62,446.26,444.71,444.76,137.37046332689275,109.8963706615142,206.05569499033913,,444.76,15,10,-10,-10,439.7195704162271,443.6960235294115,447.6724766425959,445.18064907764136,439.7030750466869,0,0,0,0,427.1232405563177,450.8236,474.5239594436823,439.70658647002364,414.5075254931707,0,0,0,0,439.0014662856233,444.5067529411762,450.01203959672915,445.18064907764136,439.7030750466869,0,0,0,0,436.83565773119005,446.6571529411766,456.47864815116316,443.08024262700184,421.2132534870884,0,0,0,0,19.216171479478668,,,,,,,443.08024262700184,421.2132534870884,0,0,0,0,443.08024262700184,421.2132534870884,0,0,0,0,0
1711459800,446.3,447.21,445.34,445.8,142.9384254251825,114.35074034014599,214.40763813777374,,445.8,0,10,-10,-10,440.8316733840012,444.83668235294084,448.8416913218805,445.18064907764136,439.7030750466869,0,0,0,0,427.1232405563177,450.8236,474.5239594436823,439.70658647002364,414.5075254931707,0,0,0,0,439.2745504027322,444.4556470588233,449.63674371491436,445.18064907764136,439.7030750466869,0,0,0,0,436.83565773119005,446.6571529411766,456.47864815116316,443.08024262700184,421.2132534870884,0,0,0,0,19.216171479478668,,,,,,,443.08024262700184,421.2132534870884,0,0,0,0,443.08024262700184,421.2132534870884,0,0,0,0,0
1711474200,445.79,446.11,443.1,443.31,142.9384254251825,114.35074034014599,214.40763813777374,,443.31,0,-10,-10,-10,441.28440779895317,445.32294117647115,445.32294117647115,445.18064907764136,439.7030750466869,0,0,0,0,427.1232405563177,450.8236,474.5239594436823,439.70658647002364,414.5075254931707,0,0,0,0,439.36348491047653,444.27501176470525,449.186538618934,445.18064907764136,439.7030750466869,0,0,0,0,437.2317859558905,446.64002352941196,456.04826110293345,443.08024262700184,421.2132534870884,0,0,0,0,19.216171479478668,,,,,,,443.08024262700184,421.2132534870884,0,0,0,0,443.08024262700184,421.2132534870884,0,0,0,0,0
1711546200,446.44,446.54,441.94,443.06,143.18251276819535,114.54601021455629,214.77376915229303,,443.06,0,-10,-10,-10,441.3814724589505,445.4116705882354,445.4116705882354,445.18064907764136,439.7030750466869,0,0,0,0,427.1232405563177,450.8236,474.5239594436823,439.70658647002364,414.5075254931707,0,0,0,0,439.5303227899059,443.88894117647067,448.24755956303545,445.18064907764136,439.7030750466869,0,0,0,0,437.2317859558905,446.64002352941196,456.04826110293345,443.08024262700184,421.2132534870884,0,0,0,0,19.216171479478668,,,,,,,443.08024262700184,421.2132534870884,0,0,0,0,443.08024262700184,421.2132534870884,0,0,0,0,0
1711560600,443.09,444.98,442.27,444.93,143.18251276819535,114.54601021455629,214.77376915229303,,444.93,0,-5,30,-10,441.52610901851466,445.50284705882353,449.4795850991324,445.18064907764136,439.7030750466869,0,0,0,0,428.38048813599596,451.18211764705916,473.98374715812236,439.70658647002364,414.5075254931707,0,0,0,0,439.7961736149524,443.6823058823528,447.5684381497532,445.18064907764136,439.7030750466869,0,0,0,0,437.69998695023634,446.65910588235306,455.6182248144698,443.08024262700184,421.2132534870884,0,0,0,0,19.216171479478668,,,,,,,443.08024262700184,421.2132534870884,0,0,0,0,443.08024262700184,421.2132534870884,0,0,0,0,0
1711632600,444.79,445.64,443.74,443.97,142.06838193558048,113.65470554846439,213.1025729033707,,443.97,-10,-10,15,-10,441.67435877022666,445.5895764705884,449.5047941709501,445.18064907764136,439.7030750466869,0,0,0,0,428.38048813599596,451.18211764705916,473.98374715812236,439.70658647002364,414.5075254931707,0,0,0,0,439.9410481868551,443.8336705882355,447.72629298961596,445.18064907764136,439.7030750466869,0,0,0,0,437.69998695023634,446.65910588235306,455.6182248144698,443.08024262700184,421.2132534870884,0,0,0,0,19.216171479478668,,,,,,,443.08024262700184,421.2132534870884,0,0,0,0,443.08024262700184,421.2132534870884,0,0,0,0,0
1711647000,443.95,445.15,443.65,443.98,142.06838193558048,113.65470554846439,213.1025729033707,,443.98,-10,30,15,-10,442.0844468891539,446.0298117647059,449.9751766402579,445.18064907764136,439.7030750466869,0,0,0,0,428.38048813599596,451.18211764705916,473.98374715812236,439.70658647002364,414.5075254931707,0,0,0,0,440.09050531740104,443.9943294117648,447.89815350612855,445.18064907764136,439.7030750466869,0,0,0,0,438.17444475133726,446.4390352941176,454.70362583689797,443.08024262700184,429.20845129749927,0,0,0,0,18.64562867334498,,,,,,,443.08024262700184,429.20845129749927,0,0,0,0,443.08024262700184,429.20845129749927,0,0,0,0,0
1711978200,444.97,447.52,443.02,443.89,145.92607858159388,116.74086286527512,218.88911787239084,,443.89,-10,15,15,-10,442.55086279594053,446.5067764705879,450.4626901452353,445.18064907764136,439.7030750466869,0,0,0,0,428.38048813599596,451.18211764705916,473.98374715812236,439.70658647002364,414.5075254931707,0,0,0,0,440.23004985119553,444.1430823529414,448.0561148546873,445.18064907764136,439.7030750466869,0,0,0,0,438.17444475133726,446.4390352941176,454.70362583689797,443.08024262700184,429.20845129749927,0,0,0,0,18.64562867334498,,,,,,,443.08024262700184,429.20845129749927,0,0,0,0,443.08024262700184,429.20845129749927,0,0,0,0,0
1711992600,443.89,445.39,443.72,444.99,145.92607858159388,116.74086286527512,218.88911787239084,,444.99,5,15,15,-10,442.84809130088155,446.8299058823528,450.8117204638241,445.18064907764136,439.7030750466869,0,0,0,0,429.52756768712146,451.77320000000066,474.01883231287985,439.70658647002364,414.5075254931707,0,0,0,0,440.38926185185875,444.2990588235295,448.20885579520024,445.18064907764136,439.7030750466869,0,0,0,0,438.60516588065667,446.4365647058823,454.2679635311079,443.08024262700184,429.20845129749927,0,0,0,0,18.64562867334498,,,,,,,443.08024262700184,429.20845129749927,0,0,0,0,443.08024262700184,429.20845129749927,0,0,0,0,0
1712064600,440.08,440.37,438.04,439.88,142.47243741565188,113.97794993252151,213.70865612347782,,439.88,-10,15,-10,-35,442.31741152289453,446.3051294117646,446.3051294117646,442.5494208245255,439.7030750466869,0,0,0,0,429.52756768712146,451.77320000000066,474.01883231287985,439.70658647002364,414.5075254931707,0,0,0,0,440.18083712082574,444.05484705882304,444.05484705882304,442.5494208245255,439.7030750466869,0,0,0,0,438.60516588065667,446.4365647058823,454.2679635311079,443.08024262700184,429.20845129749927,0,0,0,0,18.64562867334498,,,,,,,443.08024262700184,429.20845129749927,0,0,0,0,443.08024262700184,429.20845129749927,0,0,0,0,0
1712079000,439.9,441.43,439.6,441.08,142.47243741565188,113.97794993252151,213.70865612347782,,441.08,-10,20,-10,-20,441.8956073387637,445.83134117646995,445.83134117646995,442.5494208245255,439.7030750466869,0,0,0,0,429.52756768712146,451.77320000000066,474.01883231287985,439.70658647002364,414.5075254931707,0,0,0,0,440.05558852722584,443.87736470588266,443.87736470588266,442.5494208245255,439.7030750466869,0,0,0,0,438.7526917671575,446.3883294117648,454.0239670563721,443.08024262700184,429.20845129749927,0,0,0,0,18.64562867334498,,,,,,,443.08024262700184,429.20845129749927,0,0,0,0,443.08024262700184,429.20845129749927,0,0,0,0,0
1712151000,438.96,443.99,438.95,443.31,133.77622019916396,107.02097615933117,200.66433029874594,,443.31,-10,-10,-10,-20,441.8592247090133,445.7116470588234,449.56406940863354,442.5494208245255,439.7030750466869,0,0,0,0,429.52756768712146,451.77320000000066,474.01883231287985,439.70658647002364,414.5075254931707,0,0,0,0,440.07402850614227,443.8285882352944,447.5831479644465,442.5494208245255,439.7030750466869,0,0,0,0,438.7526917671575,446.3883294117648,454.0239670563721,443.08024262700184,429.20845129749927,0,0,0,0,18.64562867334498,,,,,,,443.08024262700184,429.20845129749927,0,0,0,0,443.08024262700184,429.20845129749927,0,0,0,0,0
1712165400,443.32,443.52,440.46,442.06,133.77622019916396,107.02097615933117,200.66433029874594,,442.06,-10,-10,-10,-20,441.4454997168861,444.9451294117647,444.9451294117647,442.5494208245255,439.7030750466869,0,0,0,0,430.4522351962527,452.16084705882395,473.8694589213952,439.70658647002364,414.5075254931707,0,0,0,0,440.01988485097195,443.73825882352924,443.73825882352924,442.5494208245255,439.7030750466869,0,0,0,0,438.9417483160289,446.3920705882352,453.84239286044146,443.08024262700184,429.20845129749927,0,0,0,0,18.64562867334498,,,,,,,443.08024262700184,429.20845129749927,0,0,0,0,443.08024262700184,429.20845129749927,0,0,0,0,0
1712237400,446.35,446.95,444.91,446.35,134.81187818513504,107.84950254810803,202.21781727770258,,446.35,-10,-10,-10,5,441.64571195843286,444.7523294117648,447.8589468650967,442.9247973494456,439.7030750466869,0,0,0,0,430.4522351962527,452.16084705882395,473.8694589213952,439.70658647002364,414.5075254931707,0,0,0,0,440.204239069644,443.89738823529365,447.5905374009433,442.9247973494456,439.7030750466869,0,0,0,0,438.9417483160289,446.3920705882352,453.84239286044146,443.08024262700184,429.20845129749927,0,0,0,0,18.64562867334498,,,,,,,443.08024262700184,429.20845129749927,0,0,0,0,443.08024262700184,429.20845129749927,0,0,0,0,0
1712251800,446.37,446.42,435.11,435.25,134.81187818513504,107.84950254810803,202.21781727770258,,435.25,-15,-10,-15,-40,439.93353367301376,443.2886117647057,443.2886117647057,439.7157614691004,439.7030750466869,0,0,0,0,430.4522351962527,452.16084705882395,473.8694589213952,439.70658647002364,414.5075254931707,0,0,0,0,439.4552071027922,443.1493882352939,443.1493882352939,439.7157614691004,439.7030750466869,0,0,0,0,438.6446562202857,445.892988235294,445.892988235294,443.08024262700184,429.20845129749927,0,0,0,0,18.64562867334498,,,,,,,443.08024262700184,429.20845129749927,0,0,0,0,443.08024262700184,429.20845129749927,0,0,0,0,0
1712323800,436.78,443.17,435.96,442.22,140.07951847860676,112.06361478288541,210.11927771791014,,442.22,0,-10,0,-10,439.39493411857023,442.62327058823513,445.8516070579,439.7157614691004,439.7030750466869,0,0,0,0,430.4522351962527,452.16084705882395,473.8694589213952,439.70658647002364,414.5075254931707,0,0,0,0,439.40435570665613,443.0730588235293,446.7417619404025,439.7157614691004,439.7030750466869,0,0,0,0,438.6446562202857,445.892988235294,445.892988235294,443.08024262700184,429.20845129749927,0,0,0,0,18.64562867334498,,,,,,,443.08024262700184,429.20845129749927,0,0,0,0,443.08024262700184,429.20845129749927,0,0,0,0,0
1712338200,442.23,442.63,439.43,440.52,140.07951847860676,112.06361478288541,210.11927771791014,,440.52,5,-5,-10,-20,438.6900670261224,441.6779529411766,441.6779529411766,439.7157614691004,439.7030750466869,0,0,0,0,431.23969500215276,452.153435294118,473.0671755860833,439.70658647002364,416.61644851196866,0,0,0,0,439.22421317998544,442.8780705882354,442.8780705882354,439.7157614691004,439.7030750466869,0,0,0,0,438.723320094336,445.8583294117646,452.9933387291932,443.08024262700184,429.20845129749927,0,0,0,0,17.974408687784234,,,,,,,443.08024262700184,429.20845129749927,0,0,0,0,443.08024262700184,429.20845129749927,0,0,0,0,0
1712583000,441.4,442.51,439.2,441,141.88079650319153,113.50463720255323,212.8211947547873,,441,-10,-10,-10,-20,438.1201119591668,440.9490588235296,440.9490588235296,439.7157614691004,439.7030750466869,0,0,0,0,431.23969500215276,452.153435294118,473.0671755860833,439.70658647002364,416.61644851196866,0,0,0,0,439.34396547171616,442.96378823529403,442.96378823529403,439.7157614691004,439.7030750466869,0,0,0,0,438.723320094336,445.8583294117646,452.9933387291932,443.08024262700184,429.20845129749927,0,0,0,0,17.974408687784234,,,,,,,443.08024262700184,429.20845129749927,0,0,0,0,443.08024262700184,429.20845129749927,0,0,0,0,0
1712597400,441,441.45,440.23,440.62,141.88079650319153,113.50463720255323,212.8211947547873,,440.62,-10,-10,-10,-20,437.45907560282023,440.17764705882325,440.17764705882325,439.7157614691004,439.7030750466869,0,0,0,0,431.23969500215276,452.153435294118,473.0671755860833,439.70658647002364,416.61644851196866,0,0,0,0,439.4710497054972,443.0468235294115,443.0468235294115,439.7157614691004,439.7030750466869,0,0,0,0,438.7957032971113,445.8201176470589,452.8445319970065,443.08024262700184,429.20845129749927,0,0,0,0,17.974408687784234,,,,,,,443.08024262700184,429.20845129749927,0,0,0,0,443.08024262700184,429.20845129749927,0,0,0,0,0
1712669400,442.96,443.24,437.44,440.22,146.55999992587687,117.2479999407015,219.8399998888153,,440.22,-10,-10,-10,-10,436.79387810161444,439.6166823529411,439.6166823529411,439.7157614691004,439.7030750466869,0,0,0,0,431.23969500215276,452.153435294118,473.0671755860833,439.70658647002364,416.61644851196866,0,0,0,0,439.51089696900107,443.06510588235267,443.06510588235267,439.7157614691004,439.7030750466869,0,0,0,0,438.7957032971113,445.8201176470589,452.8445319970065,443.08024262700184,429.20845129749927,0,0,0,0,17.974408687784234,,,,,,,443.08024262700184,429.20845129749927,0,0,0,0,443.08024262700184,429.20845129749927,0,0,0,0,0
1712683800,440.19,442.33,438.74,442.26,146.55999992587687,117.2479999407015,219.8399998888153,,442.26,-10,-10,-10,-10,437.15167936552734,439.80124705882366,442.45081475212,439.7157614691004,439.7030750466869,0,0,0,0,432.0520612275281,452.4026352941178,472.75320936070744,439.70658647002364,416.61644851196866,0,0,0,0,439.6879390156171,443.2267529411768,446.76556686673655,439.7157614691004,439.7030750466869,0,0,0,0,438.9365122507345,445.77334117647047,452.61017010220644,443.08024262700184,429.20845129749927,0,0,0,0,17.974408687784234,,,,,,,443.08024262700184,429.20845129749927,0,0,0,0,443.08024262700184,429.20845129749927,0,0,0,0,0
1712755800,437,439.245,436.28,437.87,141.40189775475784,113.12151820380627,212.10284663213676,,437.87,-10,-10,-10,-10,436.5249404400433,439.2759764705887,439.2759764705887,439.7157614691004,439.7030750466869,0,0,0,0,432.0520612275281,452.4026352941178,472.75320936070744,439.70658647002364,416.61644851196866,0,0,0,0,439.2428091544504,442.7290117647061,442.7290117647061,439.7157614691004,439.7030750466869,0,0,0,0,438.9365122507345,445.77334117647047,452.61017010220644,443.08024262700184,429.20845129749927,0,0,0,0,17.974408687784234,,,,,,,443.08024262700184,429.20845129749927,0,0,0,0,443.08024262700184,429.20845129749927,0,0,0,0,0
1712770200,437.83,439.06,436.4,438.25,141.40189775475784,113.12151820380627,212.10284663213676,,438.25,-15,-5,-15,-15,436.0818741974938,438.87028235294144,438.87028235294144,439.7157614691004,439.7030750466869,0,0,0,0,432.0520612275281,452.4026352941178,472.75320936070744,439.70658647002364,416.61644851196866,0,0,0,0,438.832777563805,442.263623529412,442.263623529412,439.7157614691004,439.7030750466869,0,0,0,0,438.8280192994801,445.5571058823531,445.5571058823531,443.08024262700184,429.20845129749927,0,0,0,0,17.974408687784234,,,,,,,443.08024262700184,429.20845129749927,0,0,0,0,443.08024262700184,429.20845129749927,0,0,0,0,0
1712842200,440.26,444.04,437.96,443.74,144.4403605140834,115.55228841126673,216.6605407711251,,443.74,0,-10,0,0,436.38903745295113,439.09651764705876,441.8039978411664,439.7157614691004,439.7030750466869,0,0,0,0,432.0520612275281,452.4026352941178,472.75320936070744,439.70658647002364,416.61644851196866,0,0,0,0,438.9905708229468,442.4357176470591,445.88086447117144,439.7157614691004,439.7030750466869,0,0,0,0,438.8280192994801,445.5571058823531,445.5571058823531,443.08024262700184,429.20845129749927,0,0,0,0,17.974408687784234,,,,,,,443.08024262700184,429.20845129749927,0,0,0,0,443.08024262700184,429.20845129749927,0,0,0,0,0
1712856600,443.75,446.33,443.31,445.47,144.4403605140834,115.55228841126673,216.6605407711251,,445.47,-5,-10,-5,20,437.1696389180761,439.89023529411753,442.610831670159,442.63892904958817,439.7030750466869,0,0,0,0,432.9889870506423,453.0790588235294,473.1691305964165,439.70658647002364,416.61644851196866,0,0,0,0,439.1665565013123,442.6327529411768,446.09894938104134,442.63892904958817,439.7030750466869,0,0,0,0,439.1257096945025,445.74635294117655,452.3669961878506,443.08024262700184,429.20845129749927,0,0,0,0,17.974408687784234,,,,,,,443.08024262700184,429.20845129749927,0,0,0,0,443.08024262700184,429.20845129749927,0,0,0,0,0
1712928600,441.1,442.24,437.01,437.31,143.1911581474389,114.55292651795112,214.78673722115835,,437.31,-10,-10,-10,0,436.84621105159334,439.598588235294,439.598588235294,442.63892904958817,439.7030750466869,0,0,0,0,432.9889870506423,453.0790588235294,473.1691305964165,439.70658647002364,416.61644851196866,0,0,0,0,438.9984227546502,442.4634117647058,442.4634117647058,442.63892904958817,439.7030750466869,0,0,0,0,439.1257096945025,445.74635294117655,452.3669961878506,443.08024262700184,429.20845129749927,0,0,0,0,17.974408687784234,,,,,,,443.08024262700184,429.20845129749927,0,0,0,0,443.08024262700184,429.20845129749927,0,0,0,0,0
1712943000,437.27,438.71,436.88,438.29,143.1911581474389,114.55292651795112,214.78673722115835,,438.29,-15,-10,-15,-30,436.55477732525134,439.2959294117645,439.2959294117645,441.6435271088794,439.7030750466869,0,0,0,0,432.9889870506423,453.0790588235294,473.1691305964165,439.70658647002364,416.61644851196866,0,0,0,0,438.9292175849509,442.37442352941184,442.37442352941184,441.6435271088794,439.7030750466869,0,0,0,0,439.05654235931894,445.00388235294116,445.00388235294116,443.0075979111632,429.20845129749927,0,0,0,0,18.37396718983393,,,,,,,443.0075979111632,429.20845129749927,0,0,0,0,443.0075979111632,429.20845129749927,0,0,0,0,0
1713187800,442.06,442.14,432.69,432.79,134.3196948814472,107.45575590515776,201.4795423221708,,432.79,-15,-10,-15,-15,435.603487440549,438.58543529411736,438.58543529411736,441.6435271088794,439.7030750466869,0,0,0,0,432.9889870506423,453.0790588235294,473.1691305964165,439.70658647002364,416.61644851196866,0,0,0,0,437.993463642707,441.6333882352938,441.6333882352938,441.6435271088794,439.7030750466869,0,0,0,0,439.05654235931894,445.00388235294116,445.00388235294116,443.0075979111632,429.20845129749927,0,0,0,0,18.37396718983393,,,,,,,443.0075979111632,429.20845129749927,0,0,0,0,443.0075979111632,429.20845129749927,0,0,0,0,0
1713202200,432.84,432.84,430.21,430.99,134.3196948814472,107.45575590515776,201.4795423221708,,430.99,-20,-5,-20,-65,433.5012752265666,437.1019294117646,437.1019294117646,434.82090633477475,439.7030750466869,0,0,0,0,432.99417273604473,452.52056470588235,452.52056470588235,439.70658647002364,416.61644851196866,0,0,0,0,436.8479395132019,440.74910588235275,440.74910588235275,434.82090633477475,439.7030750466869,0,0,0,0,438.2630920388011,443.8478588235294,443.8478588235294,437.36022472952334,429.20845129749927,0,0,0,0,3.1272613133870752,,,,,,,437.36022472952334,429.20845129749927,0,0,1,0,437.36022472952334,429.20845129749927,0,0,0,0,0
1713274200,430.9,432.53,429.78,431.64,129.61911173113407,103.69528938490726,194.4286675967011,,431.64,-15,-10,-15,-25,432.03575443338167,435.98011764705853,435.98011764705853,434.82090633477475,439.7030750466869,0,0,0,0,432.99417273604473,452.52056470588235,452.52056470588235,439.70658647002364,416.61644851196866,0,0,0,0,435.79417262255464,439.89051764705897,439.89051764705897,434.82090633477475,439.7030750466869,0,0,0,0,438.2630920388011,443.8478588235294,443.8478588235294,436.92378010598594,429.20845129749927,0,0,0,0,3.1081952007171414,,,,,,,436.92378010598594,429.20845129749927,0,0,0,0,436.92378010598594,429.20845129749927,0,0,0,0,0
1713288600,431.66,433.76,429.7,431.06,129.61911173113407,103.69528938490726,194.4286675967011,,431.06,-20,-10,-20,-30,430.8379156286767,435.02305882352886,435.02305882352886,434.82090633477475,439.7030750466869,0,0,0,0,432.99417273604473,452.52056470588235,452.52056470588235,439.70658647002364,416.61644851196866,0,0,0,0,434.68322447441494,438.979623529412,438.979623529412,434.82090633477475,439.7030750466869,0,0,0,0,437.4333291588355,442.9585411764708,442.9585411764708,436.92378010598594,429.20845129749927,0,0,0,0,3.1081952007171414,,,,,,,436.92378010598594,429.20845129749927,0,0,0,0,436.92378010598594,429.20845129749927,0,0,0,0,0
1713360600,433.09,433.12,424.9,427.27,130.30002852097573,104.2400228167806,195.4500427814636,,427.27,-15,-10,-15,-40,428.888212567605,433.5734823529408,433.5734823529408,431.7884438821792,439.7030750466869,0,0,0,0,432.99417273604473,452.52056470588235,452.52056470588235,439.70658647002364,416.61644851196866,0,0,0,0,433.2589959067347,437.9536470588232,437.9536470588232,431.7884438821792,439.7030750466869,0,0,0,0,437.4333291588355,442.9585411764708,442.9585411764708,436.92378010598594,429.20845129749927,0,0,0,0,3.1081952007171414,,,,,,,436.92378010598594,429.20845129749927,0,0,0,0,436.92378010598594,429.20845129749927,0,0,0,0,0
1713375000,427.24,429.25,425.69,425.77,130.30002852097573,104.2400228167806,195.4500427814636,,425.77,-20,-25,-35,-60,426.6842224708518,431.93630588235305,431.93630588235305,430.2820000820831,439.5919783030052,0,0,0,0,432.5894699253038,451.5480235294116,451.5480235294116,439.59563217275326,416.61644851196866,0,0,0,0,431.8273829043324,436.93338823529416,436.93338823529416,430.2820000820831,439.5919783030052,0,0,0,0,436.0069823076349,441.6334823529411,441.6334823529411,433.817447118386,429.20845129749927,0,0,0,0,2.939204534234256,,,,,,,433.817447118386,429.20845129749927,0,0,0,0,433.817447118386,429.20845129749927,0,0,0,0,0
1713447000,426.49,428.24,423.19,424.4,125.08052940447564,100.06442352358052,187.62079410671345,,424.4,-15,-10,-15,-25,424.85661675537676,430.50894117647033,430.50894117647033,430.2820000820831,439.5919783030052,0,0,0,0,432.5894699253038,451.5480235294116,451.5480235294116,439.59563217275326,416.61644851196866,0,0,0,0,430.2051982530734,435.76329411764686,435.76329411764686,430.2820000820831,439.5919783030052,0,0,0,0,436.0069823076349,441.6334823529411,441.6334823529411,432.84191518135844,429.20845129749927,0,0,0,0,2.896588356095238,,,,,,,432.84191518135844,429.20845129749927,0,0,1,0,432.84191518135844,429.20845129749927,0,0,0,0,0
1713461400,424.42,424.62,422.84,423.36,125.08052940447564,100.06442352358052,187.62079410671345,,423.36,-20,-35,-45,-85,422.2461423792789,428.51802352941166,428.51802352941166,427.5524529973025,434.6361227099334,0,0,0,0,432.5894699253038,451.5480235294116,451.5480235294116,434.63880130327084,416.61644851196866,0,0,0,0,428.4836486422937,434.50037647058775,434.50037647058775,427.5524529973025,434.6361227099334,0,0,0,0,434.2837133458436,440.0914823529412,440.0914823529412,429.02034981126144,429.20845129749927,0,0,0,0,-6.257585490506305,,,,,,,429.02034981126144,429.20845129749927,0,0,0,0,429.02034981126144,429.20845129749927,0,0,0,0,0
1713533400,422.22,422.74,415.23,416.62,129.58488792584802,103.66791034067842,194.37733188877203,,416.62,-15,-20,-25,-65,418.53321873560907,425.83049411764716,425.83049411764716,422.00390079869453,434.6361227099334,0,0,0,0,432.5894699253038,451.5480235294116,451.5480235294116,434.63880130327084,416.61644851196866,0,0,0,0,425.8553154221482,432.67021176470564,432.67021176470564,422.00390079869453,434.6361227099334,0,0,0,0,434.2837133458436,440.0914823529412,440.0914823529412,427.4067533961713,429.20845129749927,0,0,0,0,-6.328075558191316,,,,,,,427.4067533961713,429.20845129749927,0,0,0,0,427.4067533961713,429.20845129749927,0,1,0,0,0
1713547800,416.6,418.52,413.07,414.64,129.58488792584802,103.66791034067842,194.37733188877203,,414.64,-20,-35,-65,-85,414.9038267462323,423.1588470588233,423.1588470588233,418.2364756886703,429.42782823065244,0,0,0,0,431.2485098961748,449.6602823529412,449.6602823529412,429.41674406732295,416.61644851196866,0,0,0,0,423.15416474296654,430.7785411764705,430.7785411764705,418.2364756886703,429.42782823065244,0,0,0,0,431.44520436228123,438.05512941176454,438.05512941176454,423.24269958215905,429.20845129749927,0,0,0,0,-8.07678853635465,,,,,,,423.24269958215905,429.20845129749927,0,0,0,0,423.24269958215905,429.20845129749927,0,0,0,0,0
1713792600,417.31,418.66,413.95,418.65,132.69659861914698,106.15727889531759,199.04489792872047,,418.65,-15,-25,-25,-50,412.1037082542549,420.9600941176474,420.9600941176474,418.2364756886703,429.42782823065244,0,0,0,0,431.2485098961748,449.6602823529412,449.6602823529412,429.41674406732295,416.61644851196866,0,0,0,0,420.9459463263622,429.04037647058817,429.04037647058817,418.2364756886703,429.42782823065244,0,0,0,0,431.44520436228123,438.05512941176454,438.05512941176454,423.24269958215905,429.20845129749927,0,0,0,0,-8.07678853635465,,,,,,,423.24269958215905,429.20845129749927,0,0,0,0,423.24269958215905,429.20845129749927,0,0,0,0,0
1713807000,418.65,421.18,418.23,418.87,132.69659861914698,106.15727889531759,199.04489792872047,,418.87,-20,-60,-45,-70,410.74110126314883,419.6976941176469,419.6976941176469,418.2364756886703,427.89798335703443,0,0,0,0,431.2485098961748,449.6602823529412,449.6602823529412,427.89626234822845,416.61644851196866,0,0,0,0,418.83996286611574,427.35891764705866,427.35891764705866,418.2364756886703,427.89798335703443,0,0,0,0,429.3335168227511,436.41536470588267,436.41536470588267,423.24269958215905,429.20845129749927,0,0,0,0,-8.532988034875778,,,,,,,423.24269958215905,429.20845129749927,0,0,0,0,423.24269958215905,429.20845129749927,0,0,0,0,0
1713879000,420.77,425.27,420.42,424.92,136.5858499919246,109.26867999353968,204.87877498788689,,424.92,-15,-10,-25,-50,409.60090373755673,418.6774823529413,418.6774823529413,418.2364756886703,427.89798335703443,0,0,0,0,431.2485098961748,449.6602823529412,449.6602823529412,427.89626234822845,416.61644851196866,0,0,0,0,417.668919924581,426.38016470588246,426.38016470588246,418.2364756886703,427.89798335703443,0,0,0,0,429.3335168227511,436.41536470588267,436.41536470588267,423.24269958215905,429.20845129749927,0,0,0,0,-8.532988034875778,,,,,,,423.24269958215905,429.20845129749927,0,0,0,0,423.24269958215905,429.20845129749927,0,0,0,0,0
1713893400,424.92,426.28,424.65,425.24,136.5858499919246,109.26867999353968,204.87877498788689,,425.24,-20,-15,-30,-30,409.3185825000041,418.31211764705904,418.31211764705904,421.5267400759146,427.89798335703443,0,0,0,0,430.72975420123123,448.54967058823513,448.54967058823513,427.89626234822845,416.61644851196866,0,0,0,0,416.5205952141492,425.4045882352941,425.4045882352941,421.5267400759146,427.89798335703443,0,0,0,0,428.1805489444728,435.4641647058823,435.4641647058823,423.24269958215905,429.20845129749927,0,0,0,0,-8.532988034875778,,,,,,,423.24269958215905,429.20845129749927,0,0,0,0,423.24269958215905,429.20845129749927,0,0,0,0,0
1713965400,428.2,429.72,424.2,426.3,135.77170919451228,108.61736735560983,203.65756379176844,,426.3,-15,-10,-15,10,409.2977732074479,418.17649411764694,427.055215027846,422.7786687389264,427.89798335703443,0,0,0,0,430.72975420123123,448.54967058823513,448.54967058823513,427.89626234822845,416.61644851196866,0,0,0,0,415.5452673303991,424.56449411764703,424.56449411764703,422.7786687389264,427.89798335703443,0,0,0,0,428.1805489444728,435.4641647058823,435.4641647058823,423.24269958215905,429.20845129749927,0,0,0,0,-8.532988034875778,,,,,,,423.24269958215905,429.20845129749927,0,0,0,0,423.24269958215905,429.20845129749927,0,0,0,0,0
1713979800,426.31,427.55,425.17,426.44,135.77170919451228,108.61736735560983,203.65756379176844,,426.44,-20,-10,-20,5,409.5975897086972,418.27957176470517,426.9615538207131,423.5979282869611,427.89798335703443,0,0,0,0,430.72975420123123,448.54967058823513,448.54967058823513,427.89626234822845,416.61644851196866,0,0,0,0,414.6413245880246,423.7829882352943,423.7829882352943,423.5979282869611,427.89798335703443,0,0,0,0,427.1574787928337,434.58456470588266,434.58456470588266,423.24269958215905,429.20845129749927,0,0,0,0,-8.513013854007497,,,,,,,423.24269958215905,429.20845129749927,0,0,0,0,423.24269958215905,429.20845129749927,0,0,0,0,0
1714051800,419.24,423.26,418.14,422.68,131.30002224604465,105.04001779683573,196.95003336906697,,422.68,-15,-10,-15,-5,409.12743665629625,417.73011764705836,417.73011764705836,423.5979282869611,427.89798335703443,0,0,0,0,430.72975420123123,448.54967058823513,448.54967058823513,427.89626234822845,416.61644851196866,0,0,0,0,413.3782537098164,422.7328941176472,422.7328941176472,423.5979282869611,427.89798335703443,0,0,0,0,427.1574787928337,434.58456470588266,434.58456470588266,423.24269958215905,429.20845129749927,0,0,0,0,-8.513013854007497,,,,,,,423.24269958215905,429.20845129749927,0,0,0,0,423.24269958215905,429.20845129749927,0,0,0,0,0
1714066200,422.67,425.32,422.56,424.35,131.30002224604465,105.04001779683573,196.95003336906697,,424.35,-20,0,-20,-10,409.30993557996925,417.7339576470589,417.7339576470589,423.5979282869611,427.89798335703443,0,0,0,0,430.13032684785355,447.2544470588236,447.2544470588236,427.89626234822845,416.61644851196866,0,0,0,0,412.61205330528867,422.0647764705883,422.0647764705883,423.5979282869611,427.89798335703443,0,0,0,0,425.75455416195445,433.2941882352944,433.2941882352944,423.24269958215905,429.20845129749927,0,0,0,0,-7.620676749846086,,,,,,,423.24269958215905,429.20845129749927,0,0,0,0,423.24269958215905,429.20845129749927,0,0,0,0,0
1714138200,427.62,432.46,426.92,432.27,131.6623043491807,105.32984347934456,197.49345652377104,,432.27,0,-10,0,25,411.0687170478211,419.1157035294118,427.1626900110025,427.343380531929,427.89798335703443,0,0,0,0,430.13032684785355,447.2544470588236,447.2544470588236,427.89626234822845,416.61644851196866,0,0,0,0,412.9278089375351,422.23705882352914,431.5463087095232,427.343380531929,427.89798335703443,0,0,0,0,425.75455416195445,433.2941882352944,433.2941882352944,423.24269958215905,429.20845129749927,0,0,0,0,-7.620676749846086,,,,,,,423.24269958215905,429.20845129749927,0,0,0,0,423.24269958215905,429.20845129749927,0,0,0,0,0
1714152600,432.3,432.54,430.97,431.06,131.6623043491807,105.32984347934456,197.49345652377104,,431.06,-15,-5,-15,30,412.41534924437985,420.27302588235284,428.1307025203258,427.9088842341633,427.89798335703443,0,0,0,0,430.13032684785355,447.2544470588236,447.2544470588236,427.89626234822845,416.61644851196866,0,0,0,0,413.026329656008,422.2519529411763,431.4775762263446,427.9088842341633,427.89798335703443,0,0,0,0,425.1421843625061,432.7088470588234,432.7088470588234,426.38996401601185,429.20845129749927,0,0,0,0,8.456895312870166,,,,,,,426.38996401601185,429.20845129749927,0,0,0,0,426.38996401601185,429.20845129749927,0,0,0,0,0
1714397400,433.11,433.75,430.91,433.19,128.7723861250506,103.01790890004048,193.15857918757587,,433.19,10,-10,10,35,413.9941052344162,421.6583247058825,429.32254417734873,428.28500732435504,427.89798335703443,0,0,0,0,430.13032684785355,447.2544470588236,447.2544470588236,427.89626234822845,416.61644851196866,0,0,0,0,413.4168907189132,422.5084941176473,431.60009751638137,428.28500732435504,427.89798335703443,0,0,0,0,425.1421843625061,432.7088470588234,432.7088470588234,426.4542523005824,429.20845129749927,0,0,0,0,8.459703750896153,,,,,,,426.4542523005824,429.20845129749927,0,0,0,0,426.4542523005824,429.20845129749927,0,0,0,0,0
1714411800,433.19,433.34,429.97,432.79,128.7723861250506,103.01790890004048,193.15857918757587,,432.79,10,-10,10,35,416.104732406164,423.3061882352942,430.5076440644244,428.3255930500817,427.89798335703443,0,0,0,0,430.1285183593716,446.41948235294086,462.71044634651014,427.89626234822845,416.61644851196866,0,0,0,0,413.77631189564323,422.74127058823535,431.7062292808275,428.3255930500817,427.89798335703443,0,0,0,0,424.7354285835415,432.3162117647058,439.8969949458702,426.4542523005824,429.20845129749927,0,0,0,0,8.733423450008829,,,,,,,426.4542523005824,429.20845129749927,0,0,0,0,426.4542523005824,429.20845129749927,0,0,0,0,0
1714483800,431.15,432.54,427.29,427.81,130.35301274132672,104.28241019306138,195.52951911199008,,427.81,-10,-10,-10,0,418.60643947212054,424.85303999999974,424.85303999999974,428.3255930500817,427.89798335703443,0,0,0,0,430.1285183593716,446.41948235294086,462.71044634651014,427.89626234822845,416.61644851196866,0,0,0,0,413.70039141385405,422.59454117647044,422.59454117647044,428.3255930500817,427.89798335703443,0,0,0,0,424.7354285835415,432.3162117647058,439.8969949458702,426.4542523005824,429.20845129749927,0,0,0,0,8.733423450008829,,,,,,,426.4542523005824,429.20845129749927,0,0,1,0,426.4542523005824,429.20845129749927,0,0,0,0,0
1714498200,427.82,428.97,424.52,424.52,130.35301274132672,104.28241019306138,195.52951911199008,,424.52,-15,-10,-15,-15,419.80100677440697,425.59713882352924,425.59713882352924,428.3255930500817,427.89798335703443,0,0,0,0,430.1285183593716,446.41948235294086,462.71044634651014,427.89626234822845,416.61644851196866,0,0,0,0,413.3106684038171,422.20061176470557,422.20061176470557,428.3255930500817,427.89798335703443,0,0,0,0,423.41488200428137,431.13651764705907,431.13651764705907,426.4542523005824,429.20845129749927,0,0,0,0,8.733423450008829,,,,,,,426.4542523005824,429.20845129749927,0,0,0,0,426.4542523005824,429.20845129749927,0,0,0,0,0
1714570200,423.15,423.51,420.68,421.84,123.73842165782271,98.99073732625817,185.60763248673408,,421.84,-10,-10,-10,-45,420.30845905482414,425.73064941176455,425.73064941176455,425.54194703040514,427.89798335703443,0,0,0,0,430.1285183593716,446.41948235294086,462.71044634651014,427.89626234822845,416.61644851196866,0,0,0,0,412.7824868408263,421.68781176470594,421.68781176470594,425.54194703040514,427.89798335703443,0,0,0,0,423.41488200428137,431.13651764705907,431.13651764705907,426.4542523005824,429.20845129749927,0,0,0,0,-6.2665765499911705,,,,,,,426.4542523005824,429.20845129749927,0,0,0,0,426.4542523005824,429.20845129749927,0,0,0,0,0
1714584600,421.87,430.14,421.3,421.44,123.73842165782271,98.99073732625817,185.60763248673408,,421.44,-15,-15,-15,-25,421.22348279623276,426.30260705882336,426.30260705882336,425.54194703040514,427.89798335703443,0,0,0,0,429.2815801633417,444.5524941176471,444.5524941176471,427.89626234822845,416.61644851196866,0,0,0,0,412.13313106884846,421.10072941176475,421.10072941176475,425.54194703040514,427.89798335703443,0,0,0,0,421.70188773546664,429.6025176470589,429.6025176470589,426.4542523005824,429.20845129749927,0,0,0,0,-6.2665765499911705,,,,,,,426.4542523005824,429.20845129749927,0,0,0,0,426.4542523005824,429.20845129749927,0,0,0,0,0
1714656600,425.3,425.91,420.63,425.84,118.85640551310583,95.08512441048467,178.28460826965875,,425.84,0,0,0,-10,421.5921481391295,426.57197647058786,426.57197647058786,425.54194703040514,427.89798335703443,0,0,0,0,429.2815801633417,444.5524941176471,444.5524941176471,427.89626234822845,416.61644851196866,0,0,0,0,411.97511248888907,420.89675294117654,420.89675294117654,425.54194703040514,427.89798335703443,0,0,0,0,421.70188773546664,429.6025176470589,429.6025176470589,426.4542523005824,429.20845129749927,0,0,0,0,-6.2665765499911705,,,,,,,426.4542523005824,429.20845129749927,0,0,0,0,426.4542523005824,429.20845129749927,0,0,0,0,0
1714671000,425.89,427.81,425.16,426.93,118.85640551310583,95.08512441048467,178.28460826965875,,426.93,-15,-10,-15,-25,422.5033363078573,427.3324988235296,432.1616613392019,425.54194703040514,427.89798335703443,0,0,0,0,429.2815801633417,444.5524941176471,444.5524941176471,427.89626234822845,416.61644851196866,0,0,0,0,412.0940310784947,420.8927294117646,420.8927294117646,425.54194703040514,427.89798335703443,0,0,0,0,420.5641663472946,428.43150588235284,428.43150588235284,426.4542523005824,429.20845129749927,0,0,0,0,-6.2665765499911705,,,,,,,426.4542523005824,429.20845129749927,0,0,0,0,426.4542523005824,429.20845129749927,0,0,0,0,0
1714743000,434.45,436.48,432.84,435.15,120.27948170894894,96.22358536715916,180.4192225634234,,435.15,10,-10,10,45,424.2869051975273,429.2890211764706,434.29113715541394,430.47050367426215,427.89798335703443,0,0,0,0,429.2815801633417,444.5524941176471,444.5524941176471,427.89626234822845,416.61644851196866,0,0,0,0,412.8721472285859,421.5309176470587,430.18968806553147,430.47050367426215,427.89798335703443,0,0,0,0,420.5641663472946,428.43150588235284,428.43150588235284,427.8699786518745,429.20845129749927,0,0,0,0,8.795269550677352,,,,,,,427.8699786518745,429.20845129749927,0,0,0,0,427.8699786518745,429.20845129749927,0,0,0,0,0
1714757400,435.16,436.07,434.65,435.48,120.27948170894894,96.22358536715916,180.4192225634234,,435.48,10,-10,10,35,425.67651322405624,431.04427294117625,436.41203265829625,431.851148576277,427.89798335703443,0,0,0,0,429.41353912508157,443.96844705882336,458.52335499256515,427.89626234822845,416.61644851196866,0,0,0,0,413.7009861609826,422.2158823529407,430.7307785448988,431.851148576277,427.89798335703443,0,0,0,0,420.5571023746997,428.42207058823504,436.2870388017704,429.933551605312,429.20845129749927,0,0,0,0,16.385416873638928,,,,,,,429.933551605312,429.20845129749927,0,0,0,0,429.933551605312,429.20845129749927,0,0,0,0,1
1715002200,437.32,438.53,436.52,438.27,130.73670372639876,104.58936298111901,196.10505558959812,,438.27,10,-10,10,35,427.0421457322349,432.9245129411764,438.8068801501178,434.04007198668785,427.89798335703443,0,0,0,0,429.41353912508157,443.96844705882336,458.52335499256515,427.89626234822845,416.61644851196866,0,0,0,0,414.73539624889713,423.13388235294127,431.5323684569854,434.04007198668785,427.89798335703443,0,0,0,0,420.5571023746997,428.42207058823504,436.2870388017704,431.922583633504,429.20845129749927,0,0,0,0,16.47230787127856,,,,,,,431.922583633504,429.20845129749927,0,0,0,0,431.922583633504,429.20845129749927,0,0,0,0,0
1715016600,438.23,440.34,438.12,440.34,130.73670372639876,104.58936298111901,196.10505558959812,,440.34,15,30,30,55,428.50061954144206,434.93087058823517,441.36112163502827,435.80113349872573,429.50871526531915,0,0,0,0,429.41353912508157,443.96844705882336,458.52335499256515,429.51215910153496,416.61644851196866,0,0,0,0,415.98783105361133,424.26983529411706,432.5518395346228,435.80113349872573,429.50871526531915,0,0,0,0,420.8541057631175,428.73750588235254,436.62090600158757,433.69239908825375,429.20845129749927,0,0,0,0,17.034449837324065,,,,,,,433.69239908825375,429.20845129749927,0,0,0,0,433.69239908825375,429.20845129749927,0,0,0,0,0
1715088600,440.7,441.94,439.98,441.73,128.9738178942185,103.17905431537481,193.46072684132776,,441.73,10,-10,10,35,429.9141923038283,436.9244517647063,443.9347112255843,438.42681919022783,429.50871526531915,0,0,0,0,429.41353912508157,443.96844705882336,458.52335499256515,429.51215910153496,416.61644851196866,0,0,0,0,416.9998599364704,425.32025882352934,433.6406577105883,438.42681919022783,429.50871526531915,0,0,0,0,420.8541057631175,428.73750588235254,436.62090600158757,435.7286562962356,429.20845129749927,0,0,0,0,17.123403870112195,,,,,,,435.7286562962356,429.20845129749927,0,0,0,0,435.7286562962356,429.20845129749927,0,0,0,0,0
1715103000,441.73,441.97,439.59,440.29,128.9738178942185,103.17905431537481,193.46072684132776,,440.29,20,15,65,70,430.92663149470445,438.05017411764675,445.17371674058904,438.42681919022783,432.89880703208206,0,0,0,0,429.79955300684287,443.9183058823529,458.03705875786295,432.912719165711,416.61644851196866,0,0,0,0,417.9982441062965,426.3025176470587,434.60679118782093,438.42681919022783,432.89880703208206,0,0,0,0,421.13908898857653,429.0410117647056,436.9429345408347,435.7286562962356,429.20845129749927,0,0,0,0,18.14369485847866,,,,,,,435.7286562962356,429.20845129749927,0,0,0,0,435.7286562962356,429.20845129749927,0,0,0,0,0
1715175000,437.67,441.48,437.55,439.16,127.19354482697122,101.75483586157698,190.79031724045683,,439.16,15,0,25,50,431.75751828944533,438.62184941176474,445.48618053408416,438.42681919022783,432.89880703208206,0,0,0,0,429.79955300684287,443.9183058823529,458.03705875786295,432.912719165711,416.61644851196866,0,0,0,0,419.075104549911,427.28809411764615,435.50108368538133,438.42681919022783,432.89880703208206,0,0,0,0,421.13908898857653,429.0410117647056,436.9429345408347,435.7286562962356,429.20845129749927,0,0,0,0,18.14369485847866,,,,,,,435.7286562962356,429.20845129749927,0,0,0,0,435.7286562962356,429.20845129749927,0,0,0,0,0
1715189400,439.11,440.48,439.05,440.1,127.19354482697122,101.75483586157698,190.79031724045683,,440.1,20,0,30,45,432.5477099899144,439.21270117647083,445.8776923630273,438.42681919022783,432.89880703208206,0,0,0,0,429.79955300684287,443.9183058823529,458.03705875786295,432.912719165711,416.61644851196866,0,0,0,0,420.13645045480575,428.3064235294118,436.47639660401785,438.42681919022783,432.89880703208206,0,0,0,0,421.4414049454935,429.3574588235293,437.27351270156515,435.7286562962356,429.20845129749927,0,0,0,0,18.14369485847866,,,,,,,435.7286562962356,429.20845129749927,0,0,0,0,435.7286562962356,429.20845129749927,0,0,0,0,0
1715261400,440.33,441.55,438.46,441.18,124.8724718913551,99.89797751308409,187.30870783703267,,441.18,15,0,25,40,433.37253684261464,439.9663294117645,446.56012198091435,438.42681919022783,432.89880703208206,0,0,0,0,429.79955300684287,443.9183058823529,458.03705875786295,432.912719165711,416.61644851196866,0,0,0,0,421.5648776443258,429.5848235294115,437.6047694144972,438.42681919022783,432.89880703208206,0,0,0,0,421.4414049454935,429.3574588235293,437.27351270156515,435.7286562962356,429.20845129749927,0,0,0,0,18.14369485847866,,,,,,,435.7286562962356,429.20845129749927,0,0,0,0,435.7286562962356,429.20845129749927,0,0,0,0,0
1715275800,441.19,441.6,440.45,441.03,124.8724718913551,99.89797751308409,187.30870783703267,,441.03,20,5,30,60,434.1940897833594,440.91059294117633,447.62709609899326,438.4851556168478,432.89880703208206,0,0,0,0,430.1957249710639,444.0133176470588,457.8309103230537,432.912719165711,416.61644851196866,0,0,0,0,422.3121438110517,430.4197411764704,438.52733854188904,438.4851556168478,432.89880703208206,0,0,0,0,421.71157850193276,429.64945882352936,437.58733914512595,436.7887270225914,429.20845129749927,0,0,0,0,18.190004119303058,,,,,,,436.7887270225914,429.20845129749927,0,0,0,0,436.7887270225914,429.20845129749927,0,0,0,0,0
1715347800,442.51,444.3,440.5,441.38,128.7141760467966,102.9713408374373,193.0712640701949,,441.38,15,-10,15,15,435.0097854737865,441.8420799999996,448.6743745262127,438.4851556168478,432.89880703208206,0,0,0,0,430.1957249710639,444.0133176470588,457.8309103230537,432.912719165711,416.61644851196866,0,0,0,0,423.4596140883354,431.5470352941175,439.6344564998996,438.4851556168478,432.89880703208206,0,0,0,0,421.71157850193276,429.64945882352936,437.58733914512595,436.82881794954915,429.20845129749927,0,0,0,0,18.19175549413779,,,,,,,436.82881794954915,429.20845129749927,0,0,0,0,436.82881794954915,429.20845129749927,0,0,0,0,0
1715362200,441.37,442.445,440.94,442.04,128.7141760467966,102.9713408374373,193.0712640701949,,442.04,20,5,35,50,435.83492860362264,442.79079058823515,449.74665257284767,439.8309909822155,434.42713886643014,0,0,0,0,430.1957249710639,444.0133176470588,457.8309103230537,434.43205685388745,416.61644851196866,0,0,0,0,424.53763074506645,432.65955294117657,440.7814751372867,439.8309909822155,434.42713886643014,0,0,0,0,422.1907476509309,430.15788235294116,438.1250170549514,437.42354523886706,429.20845129749927,0,0,0,0,18.673592443560945,,,,,,,437.42354523886706,429.20845129749927,0,0,0,0,437.42354523886706,429.20845129749927,0,0,0,0,0
1715607000,443.99,444.09,441.65,443.04,125.42466902628267,100.33973522102615,188.137003539424,,443.04,15,-10,15,30,436.65933238524,443.72727058823483,450.79520879122964,440.0773487692001,434.42713886643014,0,0,0,0,430.1957249710639,444.0133176470588,457.8309103230537,434.43205685388745,416.61644851196866,0,0,0,0,425.69382626186257,433.8653411764702,442.0368560910779,440.0773487692001,434.42713886643014,0,0,0,0,422.1907476509309,430.15788235294116,438.1250170549514,438.21043486466226,429.20845129749927,0,0,0,0,18.7079677696736,,,,,,,438.21043486466226,429.20845129749927,0,0,0,0,438.21043486466226,429.20845129749927,0,0,0,0,0
1715621400,443.07,443.23,442.43,443.1,125.42466902628267,100.33973522102615,188.137003539424,,443.1,20,15,45,75,437.29615819378716,444.1191294117648,450.9421006297424,441.05269870478594,435.83755751882796,0,0,0,0,430.69074646372167,444.32734117647016,457.96393588921865,435.8411956500383,416.61644851196866,0,0,0,0,426.82562309480915,435.0557882352937,443.2859533757782,441.05269870478594,435.83755751882796,0,0,0,0,423.08405751031137,431.0027058823526,438.9213542543938,439.1789752314721,429.20845129749927,0,0,0,0,18.88217464043992,,,,,,,439.1789752314721,429.20845129749927,0,0,0,0,439.1789752314721,429.20845129749927,0,0,0,0,0
1715693400,442.64,444.97,442.47,443.82,128.4283515190822,102.74268121526578,192.64252727862333,,443.82,15,0,25,65,438.00222254730926,444.75569411764724,451.5091656879852,441.42952082198383,435.83755751882796,0,0,0,0,430.69074646372167,444.32734117647016,457.96393588921865,435.8411956500383,416.61644851196866,0,0,0,0,427.96488046691786,436.2803058823527,444.59573129778755,441.42952082198383,435.83755751882796,0,0,0,0,423.08405751031137,431.0027058823526,438.9213542543938,439.2726198577956,429.20845129749927,0,0,0,0,18.886265512225545,,,,,,,439.2726198577956,429.20845129749927,0,0,0,0,439.2726198577956,429.20845129749927,0,0,0,0,0
1715707800,443.84,446.46,443.78,445.97,128.4283515190822,102.74268121526578,192.64252727862333,,445.97,20,20,45,85,439.0429680420403,446.05232941176473,453.0616907814892,444.166678667935,436.7766605531974,0,0,0,0,430.69074646372167,444.32734117647016,457.96393588921865,436.7911102464642,416.61644851196866,0,0,0,0,429.324672293985,437.74489411764677,446.16511594130856,444.166678667935,436.7766605531974,0,0,0,0,424.05284211219606,432.01117647058777,439.9695108289795,440.6195755822387,429.20845129749927,0,0,0,0,18.617941499622617,,,,,,,440.6195755822387,429.20845129749927,0,0,0,0,440.6195755822387,429.20845129749927,0,0,0,0,0
1715779800,448.43,451.91,446.9,451.91,125.63023128545049,100.5041850283604,188.44534692817575,,451.91,15,-10,15,40,440.4619432261643,448.0052705882354,455.54859795030654,448.08907497388276,436.7766605531974,0,0,0,0,430.69074646372167,444.32734117647016,457.96393588921865,436.7911102464642,416.61644851196866,0,0,0,0,430.6618170572405,439.4863764705882,448.3109358839359,448.08907497388276,436.7766605531974,0,0,0,0,424.05284211219606,432.01117647058777,439.9695108289795,443.54103446922164,429.20845129749927,0,0,0,0,18.745565627165625,,,,,,,443.54103446922164,429.20845129749927,0,0,0,0,443.54103446922164,429.20845129749927,0,0,0,0,0
1715794200,451.92,453.145,451.76,452.86,125.63023128545049,100.5041850283604,188.44534692817575,,452.86,20,15,45,85,441.9948232368181,450.10512941176484,458.2154355867116,450.60657484992953,441.1068990851119,0,0,0,0,431.6251665306723,445.1591529411761,458.6931393516799,441.11424522885955,416.61644851196866,0,0,0,0,432.045290643173,441.283788235294,450.52228582741503,450.60657484992953,441.1068990851119,0,0,0,0,424.965290641175,433.2375529411763,441.50981524117765,448.5420320071344,429.20845129749927,0,0,0,0,20.261131365696954,,,,,,,448.5420320071344,429.20845129749927,0,0,0,0,448.5420320071344,429.20845129749927,0,0,0,0,0
1715866200,452.71,454.67,452.53,452.92,135.22504043460737,108.1800323476859,202.83756065191105,,452.92,15,0,25,65,443.48178350019515,452.0825882352944,460.68339297039364,450.6889854573372,441.1068990851119,0,0,0,0,431.6251665306723,445.1591529411761,458.6931393516799,441.11424522885955,416.61644851196866,0,0,0,0,433.7327634318942,443.27108235294133,452.80940127398844,450.6889854573372,441.1068990851119,0,0,0,0,424.965290641175,433.2375529411763,441.50981524117765,449.3890297209105,429.20845129749927,0,0,0,0,20.298132517667035,,,,,,,449.3890297209105,429.20845129749927,0,0,0,0,449.3890297209105,429.20845129749927,0,0,0,0,0
1715880600,452.95,453.54,451.81,451.96,135.22504043460737,108.1800323476859,202.83756065191105,,451.96,20,15,45,60,444.63214124877527,453.4038588235295,462.17557639828374,450.6889854573372,446.2249777218896,0,0,0,0,431.6251665306723,445.1591529411761,458.6931393516799,446.2332277125125,416.61644851196866,0,0,0,0,435.48367524579635,445.23143529411755,454.97919534243874,450.6889854573372,446.2249777218896,0,0,0,0,425.9336460739267,434.4624470588232,442.99124804371974,449.3890297209105,429.20845129749927,0,0,0,0,21.83401237248807,,,,,,,449.3890297209105,429.20845129749927,0,0,0,0,449.3890297209105,429.20845129749927,0,0,0,0,0
1715952600,452.1,452.72,451.07,451.42,133.31076101635682,106.64860881308546,199.96614152453523,,451.42,15,0,25,40,445.5475091593289,454.19141176470606,462.8353143700832,450.6889854573372,446.2249777218896,0,0,0,0,431.6251665306723,445.1591529411761,458.6931393516799,446.2332277125125,416.61644851196866,0,0,0,0,436.7469102727497,446.808188235294,456.8694661978383,450.6889854573372,446.2249777218896,0,0,0,0,425.9336460739267,434.4624470588232,442.99124804371974,449.3890297209105,429.20845129749927,0,0,0,0,21.83401237248807,,,,,,,449.3890297209105,429.20845129749927,0,0,0,0,449.3890297209105,429.20845129749927,0,0,0,0,0
1715967000,451.42,451.84,449.54,451.77,133.31076101635682,106.64860881308546,199.96614152453523,,451.77,60,5,70,45,446.3419968688544,454.3677411764709,462.39348548408736,450.6889854573372,446.2249777218896,0,0,0,0,432.4793371206679,445.9972235294118,459.5151099381558,446.2332277125125,416.7974370921265,0,0,0,0,438.05605646215713,448.4181176470587,458.78017883196026,450.6889854573372,446.2249777218896,0,0,0,0,427.2127593547012,435.9056235294115,444.59848770412185,449.3890297209105,429.20845129749927,0,0,0,0,21.502360415980434,,,,,,,449.3890297209105,429.20845129749927,0,0,0,0,449.3890297209105,429.20845129749927,0,0,0,0,0
1716211800,451.98,455.58,451.79,454.39,135.44456434031187,108.3556514722495,203.1668465104678,,454.39,25,0,50,55,447.34659912545726,454.94708235294166,462.54756558042607,452.34072690921704,446.2249777218896,0,0,0,0,432.4793371206679,445.9972235294118,459.5151099381558,446.2332277125125,416.7974370921265,0,0,0,0,439.2248383928066,449.9797647058823,460.734691018958,452.34072690921704,446.2249777218896,0,0,0,0,427.2127593547012,435.9056235294115,444.59848770412185,449.3890297209105,429.20845129749927,0,0,0,0,21.502360415980434,,,,,,,449.3890297209105,429.20845129749927,0,0,0,0,449.3890297209105,429.20845129749927,0,0,0,0,0
1716226200,454.365,455.315,453.48,454.92,135.44456434031187,108.3556514722495,203.1668465104678,,454.92,30,15,70,75,448.30961902149795,455.32291764705894,462.33621627261994,452.5744022839677,446.4855608928538,0,0,0,0,432.4793371206679,445.9972235294118,459.5151099381558,446.49839532354395,416.7974370921265,0,0,0,0,440.3324845855766,451.45974117647086,462.5869977673651,452.5744022839677,446.4855608928538,0,0,0,0,428.2937447388817,437.3213411764705,446.34893761405937,450.59993070626456,429.20845129749927,0,0,0,0,21.381108473964687,,,,,,,450.59993070626456,429.20845129749927,0,0,0,0,450.59993070626456,429.20845129749927,0,0,0,0,0
1716298200,453.04,455.11,452.84,454.75,146.13764409898428,116.91011527918744,219.2064661484764,,454.75,25,-10,40,15,449.14951245629595,455.5575764705884,461.96564048488085,452.5744022839677,446.4855608928538,0,0,0,0,432.4793371206679,445.9972235294118,459.5151099381558,446.49839532354395,416.7974370921265,0,0,0,0,441.4301281717924,452.89621176470604,464.3622953576197,452.5744022839677,446.4855608928538,0,0,0,0,428.2937447388817,437.3213411764705,446.34893761405937,450.59993070626456,429.20845129749927,0,0,0,0,21.381108473964687,,,,,,,450.59993070626456,429.20845129749927,0,0,0,0,450.59993070626456,429.20845129749927,0,0,0,0,0
1716312600,454.78,455.99,454.69,455.79,146.13764409898428,116.91011527918744,219.2064661484764,,455.79,45,5,60,60,449.92606843550124,456.26211764705886,462.5981668586165,453.5727395781029,447.6940922576499,0,0,0,0,433.4940514952747,447.17171764705836,460.84938379884204,447.7013670861479,416.7974370921265,0,0,0,0,442.5283519893318,454.3358588235294,466.14336565772703,453.5727395781029,447.6940922576499,0,0,0,0,429.33102345873783,438.703576470588,448.0761294824382,451.96325657836076,429.20845129749927,0,0,0,0,21.63043851752949,,,,,,,451.96325657836076,429.20845129749927,0,0,0,0,451.96325657836076,429.20845129749927,0,0,0,0,0
1716384600,456.06,456.81,455.62,456.32,143.4985441244751,114.79883529958009,215.24781618671267,,456.32,25,10,15,40,450.72465715518564,457.01454117647086,463.3044251977561,454.16833157499696,447.6940922576499,0,0,0,0,433.4940514952747,447.17171764705836,460.84938379884204,447.7013670861479,416.7974370921265,0,0,0,0,443.51420901852276,455.6068705882356,467.69953215794845,454.16833157499696,447.6940922576499,0,0,0,0,429.33102345873783,438.703576470588,448.0761294824382,453.00302396562074,429.20845129749927,0,0,0,0,21.675860825622884,,,,,,,453.00302396562074,429.20845129749927,0,0,0,0,453.00302396562074,429.20845129749927,0,0,0,0,0
1716399000,456.3,456.3,453.08,455.66,143.4985441244751,114.79883529958009,215.24781618671267,,455.66,30,10,75,35,451.3225298352619,457.54435294117644,463.766176047091,454.16833157499696,448.0345142392464,0,0,0,0,433.4940514952747,447.17171764705836,460.84938379884204,448.0419837228516,416.7974370921265,0,0,0,0,444.3999555252958,456.6982823529412,468.9966091805866,454.16833157499696,448.0345142392464,0,0,0,0,430.62494907495153,440.28630588235285,449.94766268975417,453.00302396562074,429.20845129749927,0,0,0,0,20.999755660760613,,,,,,,453.00302396562074,429.20845129749927,0,0,0,0,453.00302396562074,429.20845129749927,0,0,0,0,0
1716471000,460.56,460.58,456.2,457.25,141.41524810658328,113.13219848526663,212.12287215987493,,457.25,25,10,40,30,452.14861976893883,458.4674352941182,464.7862508192976,454.5960534181978,448.0345142392464,0,0,0,0,433.4940514952747,447.17171764705836,460.84938379884204,448.0419837228516,416.7974370921265,0,0,0,0,445.2947401755592,457.78802352941176,470.28130688326434,454.5960534181978,448.0345142392464,0,0,0,0,430.62494907495153,440.28630588235285,449.94766268975417,453.3771992356628,429.20845129749927,0,0,0,0,21.016101532544077,,,,,,,453.3771992356628,429.20845129749927,0,0,0,0,453.3771992356628,429.20845129749927,0,0,0,0,0
1716485400,457.27,457.27,451.87,453.64,141.41524810658328,113.13219848526663,212.12287215987493,,453.64,45,-10,45,20,452.42342015031386,458.6602117647062,464.8970033790986,454.5960534181978,448.0345142392464,0,0,0,0,434.35075074241746,447.9966117647058,461.6424727869941,448.0419837228516,416.7974370921265,0,0,0,0,445.950331974983,458.47856470588243,471.0067974367819,454.5960534181978,448.0345142392464,0,0,0,0,431.6527675844638,441.5451058823524,451.437444180241,453.3771992356628,429.20845129749927,0,0,0,0,20.094573619651456,,,,,,,453.3771992356628,429.20845129749927,0,0,0,0,453.3771992356628,429.20845129749927,0,0,0,0,0
1716557400,455.305,459.05,454.58,458.48,138.89884795210017,111.11907836168014,208.34827192815027,,458.48,15,10,40,30,453.19377357171624,459.4716235294119,465.74947348710754,455.66640518734766,448.0345142392464,0,0,0,0,434.35075074241746,447.9966117647058,461.6424727869941,448.0419837228516,416.7974370921265,0,0,0,0,446.7394430366569,459.2040705882354,471.66869813981396,455.66640518734766,448.0345142392464,0,0,0,0,431.6527675844638,441.5451058823524,451.437444180241,453.3771992356628,429.20845129749927,0,0,0,0,20.094573619651456,,,,,,,453.3771992356628,429.20845129749927,0,0,0,0,453.3771992356628,429.20845129749927,0,0,0,0,0
1716571800,458.46,459.23,457.06,458.03,138.89884795210017,111.11907836168014,208.34827192815027,,458.03,20,65,60,35,453.8002617113338,459.9544470588237,466.1086324063136,455.66640518734766,448.23347350220735,0,0,0,0,434.35075074241746,447.9966117647058,461.6424727869941,449.2590063732751,416.7974370921265,0,0,0,0,447.46415339737626,459.7169411764711,471.9697289555659,455.66640518734766,448.23347350220735,0,0,0,0,432.8069117132183,443.0610588235296,453.3152059338409,453.95350099152733,438.39755734848904,0,0,0,0,20.103953769982056,,,,,,,453.95350099152733,438.39755734848904,0,0,0,0,453.95350099152733,438.39755734848904,0,0,0,0,0
1716903000,459.18,459.66,457.09,459.21,141.93222269462896,113.54577815570318,212.89833404194343,,459.21,15,35,15,30,454.46851357780247,460.51030588235267,466.55209818690287,456.09171409193664,448.23347350220735,0,0,0,0,434.35075074241746,447.9966117647058,461.6424727869941,449.2590063732751,416.7974370921265,0,0,0,0,448.2107513663218,460.3797411764706,472.5487309866194,456.09171409193664,448.23347350220735,0,0,0,0,432.8069117132183,443.0610588235296,453.3152059338409,454.0218223492754,438.39755734848904,0,0,0,0,20.106875833383878,,,,,,,454.0218223492754,438.39755734848904,0,0,0,0,454.0218223492754,438.39755734848904,0,0,0,0,0
1716917400,459.23,459.74,456.69,459.7,141.93222269462896,113.54577815570318,212.89833404194343,,459.7,35,55,60,60,455.033622017388,460.93597647058846,466.83833092378893,456.09171409193664,451.5192111091925,0,0,0,0,435.46836973605343,448.7374823529409,462.00659496982837,451.5312202037555,416.7974370921265,0,0,0,0,448.94095667304754,460.99395294117653,473.0469492093055,456.09171409193664,451.5192111091925,0,0,0,0,433.83412837063014,444.4582823529414,455.0824363352527,454.0218223492754,438.39755734848904,0,0,0,0,20.740610915407196,,,,,,,454.0218223492754,438.39755734848904,0,0,0,0,454.0218223492754,438.39755734848904,0,0,0,0,0
1716989400,455.47,458.24,455.35,457.57,139.73397841736448,111.7871827338916,209.60096762604672,,457.57,15,15,25,40,455.3695953764133,460.956423529412,466.5432516824107,456.09171409193664,451.5192111091925,0,0,0,0,435.46836973605343,448.7374823529409,462.00659496982837,451.5312202037555,416.7974370921265,0,0,0,0,449.56256275832885,461.5887058823532,473.6148490063776,456.09171409193664,451.5192111091925,0,0,0,0,433.83412837063014,444.4582823529414,455.0824363352527,454.0218223492754,438.39755734848904,0,0,0,0,20.740610915407196,,,,,,,454.0218223492754,438.39755734848904,0,0,0,0,454.0218223492754,438.39755734848904,0,0,0,0,0
1717003800,457.56,457.87,455.93,456.49,139.73397841736448,111.7871827338916,209.60096762604672,,456.49,5,15,15,30,455.5791099110272,460.78103529411806,465.9829606772089,456.09171409193664,451.5192111091925,0,0,0,0,435.46836973605343,448.7374823529409,462.00659496982837,451.5312202037555,416.7974370921265,0,0,0,0,450.0883804213257,462.0355764705881,473.9827725198505,456.09171409193664,451.5192111091925,0,0,0,0,434.8072659263431,445.6857176470584,456.56416936777373,454.0218223492754,438.39755734848904,0,0,0,0,20.524143936088038,,,,,,,454.0218223492754,438.39755734848904,0,0,0,0,454.0218223492754,438.39755734848904,0,0,0,0,0
1717075800,455.52,455.64,452.1,454.33,138.15172775379244,110.52138220303397,207.22759163068866,,454.33,10,0,10,35,455.3165340215765,460.02969411764707,460.02969411764707,456.09171409193664,451.5192111091925,0,0,0,0,435.46836973605343,448.7374823529409,462.00659496982837,451.5312202037555,416.7974370921265,0,0,0,0,450.46173140152916,462.2836,474.1054685984708,456.09171409193664,451.5192111091925,0,0,0,0,434.8072659263431,445.6857176470584,456.56416936777373,454.0218223492754,438.39755734848904,0,0,0,0,20.524143936088038,,,,,,,454.0218223492754,438.39755734848904,0,0,0,0,454.0218223492754,438.39755734848904,0,0,0,0,0
1717090200,454.34,454.61,450.21,451.48,138.15172775379244,110.52138220303397,207.22759163068866,,451.48,15,0,15,25,454.7211189376202,458.93517647058866,458.93517647058866,454.8318941485708,451.5192111091925,0,0,0,0,436.2369644173919,448.63952941176456,461.0420944061372,451.5312202037555,416.7974370921265,0,0,0,0,450.6221344954149,462.24997647058865,462.24997647058865,454.8318941485708,451.5192111091925,0,0,0,0,435.535546069911,446.5324470588238,457.52934804773656,454.0218223492754,438.39755734848904,0,0,0,0,20.4628521778397,,,,,,,454.0218223492754,438.39755734848904,0,0,0,0,454.0218223492754,438.39755734848904,0,0,0,0,0
1717162200,451.78,452.47,443.06,445.88,139.56968909873942,111.65575127899154,209.3545336481091,,445.88,-10,-10,-10,-55,452.8346834656957,456.80696470588225,456.80696470588225,448.6711230158595,451.5192111091925,0,0,0,0,436.2369644173919,448.63952941176456,461.0420944061372,451.5312202037555,416.7974370921265,0,0,0,0,450.33831355439605,461.57221176470557,461.57221176470557,448.6711230158595,451.5192111091925,0,0,0,0,435.535546069911,446.5324470588238,457.52934804773656,454.0218223492754,438.39755734848904,0,0,0,0,5.462852177839701,,,,,,,454.0218223492754,438.39755734848904,0,0,1,0,454.0218223492754,438.39755734848904,0,0,0,0,0
1717176600,445.885,451.75,444.745,451.74,139.56968909873942,111.65575127899154,209.3545336481091,,451.74,55,-10,15,5,451.7342865942865,455.3421882352943,455.3421882352943,448.6711230158595,451.5192111091925,0,0,0,0,436.2369644173919,448.63952941176456,461.0420944061372,451.5312202037555,423.4894058712604,0,0,0,0,450.4466194678972,461.36167058823503,472.27672170857284,448.6711230158595,451.5192111091925,0,0,0,0,436.40686883321945,447.49141176470613,458.5759546961928,454.0218223492754,438.39755734848904,0,0,0,0,3.3229983248992916,,,,,,,454.0218223492754,438.39755734848904,0,0,0,0,454.0218223492754,438.39755734848904,0,0,0,0,0
1717421400,454.57,455.58,447.92,450.2,138.4186219208032,110.73489753664256,207.6279328812048,,450.2,35,-10,10,0,450.9642485333927,454.2458117647055,454.2458117647055,448.6711230158595,451.5192111091925,0,0,0,0,436.2369644173919,448.63952941176456,461.0420944061372,451.5312202037555,423.4894058712604,0,0,0,0,450.4914004068097,461.283905882353,461.283905882353,448.6711230158595,451.5192111091925,0,0,0,0,436.40686883321945,447.49141176470613,458.5759546961928,454.0218223492754,438.39755734848904,0,0,0,0,3.3229983248992916,,,,,,,454.0218223492754,438.39755734848904,0,0,0,0,454.0218223492754,438.39755734848904,0,0,0,0,0
1717435800,450.14,453.19,450.11,453.16,138.4186219208032,110.73489753664256,207.6279328812048,,453.16,40,-10,15,5,450.4543906663719,453.70037647058786,456.9463622748038,448.6711230158595,451.5192111091925,0,0,0,0,436.95048259756686,448.8953176470592,460.8401526965515,451.5312202037555,423.4894058712604,0,0,0,0,450.68616852465664,461.34538823529397,472.0046079459313,448.6711230158595,451.5192111091925,0,0,0,0,437.50297772206943,448.7059529411762,459.9089281602829,454.0218223492754,438.39755734848904,0,0,0,0,3.1040029792979094,,,,,,,454.0218223492754,438.39755734848904,0,0,0,0,454.0218223492754,438.39755734848904,0,0,0,0,0
1717507800,452.87,453.46,451.14,452.86,140.62636841807486,112.5010947344599,210.93955262711228,,452.86,35,-10,10,0,450.0305668410143,453.2872470588233,456.5439272766323,448.6711230158595,451.5192111091925,0,0,0,0,436.95048259756686,448.8953176470592,460.8401526965515,451.5312202037555,423.4894058712604,0,0,0,0,450.85905822469556,461.41677647058765,471.97449471647974,448.6711230158595,451.5192111091925,0,0,0,0,437.50297772206943,448.7059529411762,459.9089281602829,454.0218223492754,438.39755734848904,0,0,0,0,3.1040029792979094,,,,,,,454.0218223492754,438.39755734848904,0,0,0,0,454.0218223492754,438.39755734848904,0,0,0,0,0
1717522200,452.9,455.57,452.28,454.38,140.62636841807486,112.5010947344599,210.93955262711228,,454.38,40,-10,15,30,449.9310084356495,453.1833882352939,456.43576803493823,450.1583982654058,451.5192111091925,0,0,0,0,436.95048259756686,448.8953176470592,460.8401526965515,451.5312202037555,423.4894058712604,0,0,0,0,451.09264042597886,461.5439058823529,471.9951713387269,450.1583982654058,451.5192111091925,0,0,0,0,438.67802477383185,450.0200941176474,461.3621634614629,454.0218223492754,438.39755734848904,0,0,0,0,2.695132813312793,,,,,,,454.0218223492754,438.39755734848904,0,0,0,0,454.0218223492754,438.39755734848904,0,0,0,0,0
1717594200,457.98,462.13,456.7,461.56,144.2797822067345,115.4238257653876,216.41967331010176,,461.56,10,10,10,55,450.58574691701244,454.07581176470575,457.56587661239905,457.5768842186407,451.5192111091925,0,0,0,0,436.95048259756686,448.8953176470592,460.8401526965515,451.5312202037555,423.4894058712604,0,0,0,0,451.66007401125046,461.97854117647074,472.297008341691,457.5768842186407,451.5192111091925,0,0,0,0,438.67802477383185,450.0200941176474,461.3621634614629,454.0218223492754,438.39755734848904,0,0,0,0,17.695132813312792,,,,,,,454.0218223492754,438.39755734848904,0,0,0,0,454.0218223492754,438.39755734848904,0,0,0,0,0
1717608600,461.56,463.61,461.54,463.6,144.2797822067345,115.4238257653876,216.41967331010176,,463.6,15,10,15,40,451.3193965544809,455.1215999999996,458.92380344551833,459.4219052701545,451.5192111091925,0,0,0,0,438.03688704319796,449.9911529411768,461.9454188391556,451.5312202037555,423.4894058712604,0,0,0,0,452.3026567643848,462.36056470588164,472.4184726473785,459.4219052701545,451.5192111091925,0,0,0,0,440.187379669603,451.9618823529411,463.73638503627916,457.4821281143943,438.39755734848904,0,0,0,0,17.8431280108417,,,,,,,457.4821281143943,438.39755734848904,0,0,0,0,457.4821281143943,438.39755734848904,0,0,0,0,0
1717680600,464.22,464.52,462.48,463.69,145.49425392767202,116.39540314213762,218.24138089150802,,463.69,10,10,10,35,452.05381705019204,456.12880000000007,460.2037829498081,460.03735709518423,451.5192111091925,0,0,0,0,438.03688704319796,449.9911529411768,461.9454188391556,451.5312202037555,423.4894058712604,0,0,0,0,452.9611930931512,462.55042352941155,472.13965396567187,460.03735709518423,451.5192111091925,0,0,0,0,440.187379669603,451.9618823529411,463.73638503627916,458.566261820509,438.39755734848904,0,0,0,0,17.889495757762084,,,,,,,458.566261820509,438.39755734848904,0,0,0,0,458.566261820509,438.39755734848904,0,0,0,0,0
1717695000,463.71,463.97,462.19,463.41,145.49425392767202,116.39540314213762,218.24138089150802,,463.41,15,35,40,80,452.8860663688216,457.22790588235324,461.56974539588487,460.37649667901087,456.6119577701938,0,0,0,0,438.03688704319796,449.9911529411768,461.9454188391556,456.621071130565,423.4894058712604,0,0,0,0,453.6184819575613,462.6040705882349,471.5896592189085,460.37649667901087,456.6119577701938,0,0,0,0,441.60900429828416,453.78948235294143,465.9699604075987,458.566261820509,438.39755734848904,0,0,0,0,19.39185061488595,,,,,,,458.566261820509,438.39755734848904,0,0,0,0,458.566261820509,438.39755734848904,0,0,0,0,0
1717767000,463,465.74,461.85,465.06,144.84989487296963,115.87991589837571,217.27484230945444,,465.06,10,20,20,60,453.80159038289526,458.440423529412,463.0792566759287,460.97218336098393,456.6119577701938,0,0,0,0,438.03688704319796,449.9911529411768,461.9454188391556,456.621071130565,423.4894058712604,0,0,0,0,454.2761820973381,462.86308235294115,471.4499826085442,460.97218336098393,456.6119577701938,0,0,0,0,441.60900429828416,453.78948235294143,465.9699604075987,458.566261820509,438.39755734848904,0,0,0,0,19.39185061488595,,,,,,,458.566261820509,438.39755734848904,0,0,0,0,458.566261820509,438.39755734848904,0,0,0,0,0
1717781400,465.02,465.35,461.94,462.97,144.84989487296963,115.87991589837571,217.27484230945444,,462.97,40,20,25,40,454.5307241596762,459.33948235294116,464.1482405462061,460.97218336098393,456.6119577701938,0,0,0,0,439.07304801081995,450.9220470588234,462.7710461068269,456.621071130565,423.4894058712604,0,0,0,0,454.81846541530183,462.9111294117646,471.00379340822735,460.97218336098393,456.6119577701938,0,0,0,0,443.05734336617337,455.5984705882358,468.1395978102982,458.566261820509,438.39755734848904,0,0,0,0,20.675762926650194,,,,,,,458.566261820509,438.39755734848904,0,0,0,0,458.566261820509,438.39755734848904,0,0,0,0,0
1718026200,461.82,465.01,461.53,463.6,142.4256110424855,113.94048883398841,213.63841656372827,,463.6,20,20,20,50,455.34596254421893,460.35287058823553,465.35977863225213,461.2522534613979,456.6119577701938,0,0,0,0,439.07304801081995,450.9220470588234,462.7710461068269,456.621071130565,423.4894058712604,0,0,0,0,455.2968804084092,463.25209411764695,471.2073078268847,461.2522534613979,456.6119577701938,0,0,0,0,443.05734336617337,455.5984705882358,468.1395978102982,458.566261820509,438.39755734848904,0,0,0,0,20.675762926650194,,,,,,,458.566261820509,438.39755734848904,0,0,0,0,458.566261820509,438.39755734848904,0,0,0,0,0
1718040600,463.58,465.19,462.87,464.85,142.4256110424855,113.94048883398841,213.63841656372827,,464.85,25,25,55,55,456.27960802660056,461.51548235294143,466.7513566792823,461.89821854579714,456.6119577701938,0,0,0,0,439.07304801081995,450.9220470588234,462.7710461068269,456.621071130565,423.4894058712604,0,0,0,0,455.8096828545347,463.63637647058874,471.4630700866428,461.89821854579714,456.6119577701938,0,0,0,0,444.52994510021813,457.4772000000001,470.42445489978206,459.24456247791517,438.39755734848904,0,0,0,0,20.70477343803007,,,,,,,459.24456247791517,438.39755734848904,0,0,0,0,459.24456247791517,438.39755734848904,0,0,0,0,0
1718112600,463.54,465.6,462.03,465.06,142.2028564197954,113.76228513583634,213.30428462969311,,465.06,20,10,35,10,457.0804290473609,462.50240000000036,467.92437095263983,461.89821854579714,456.6119577701938,0,0,0,0,439.07304801081995,450.9220470588234,462.7710461068269,456.621071130565,423.4894058712604,0,0,0,0,456.3069042241968,464.07945882352976,471.85201342286274,461.89821854579714,456.6119577701938,0,0,0,0,444.52994510021813,457.4772000000001,470.42445489978206,459.24456247791517,438.39755734848904,0,0,0,0,20.70477343803007,,,,,,,459.24456247791517,438.39755734848904,0,0,0,0,459.24456247791517,438.39755734848904,0,0,0,0,0
1718127000,465.04,468.14,465.03,468.04,142.2028564197954,113.76228513583634,213.30428462969311,,468.04,25,25,55,55,458.25471335254963,464.00183529411794,469.74895723568625,464.42353211907835,456.64452668408006,0,0,0,0,440.22481716261524,452.25889411764695,464.29297107267865,456.6524392397417,423.4894058712604,0,0,0,0,456.9166373532126,464.7736941176472,472.6307508820818,464.42353211907835,456.64452668408006,0,0,0,0,446.15340372437333,459.59223529411776,473.0310668638622,461.4450564222839,438.39755734848904,0,0,0,0,20.808146064740786,,,,,,,461.4450564222839,438.39755734848904,0,0,0,0,461.4450564222839,438.39755734848904,0,0,0,0,0
1718199000,471.99,475.44,471.29,474.92,137.52466940703232,110.01973552562586,206.28700411054848,,474.92,10,10,35,35,459.64096790149966,466.1750352941178,472.7091026867359,471.6685557557359,456.64452668408006,0,0,0,0,440.22481716261524,452.25889411764695,464.29297107267865,456.6524392397417,423.4894058712604,0,0,0,0,457.7465298672739,465.9925647058821,474.2385995444903,471.6685557557359,456.64452668408006,0,0,0,0,446.15340372437333,459.59223529411776,473.0310668638622,467.43255239212084,438.39755734848904,0,0,0,0,21.064227668190966,,,,,,,467.43255239212084,438.39755734848904,0,0,0,0,467.43255239212084,438.39755734848904,0,0,0,0,0
1718213400,474.9,476.5,472.73,474.16,137.52466940703232,110.01973552562586,206.28700411054848,,474.16,15,35,55,65,461.2595339194308,468.4104705882355,475.56140725704023,471.6685557557359,465.68348906378867,0,0,0,0,440.22481716261524,452.25889411764695,464.29297107267865,465.6922650083316,423.4894058712604,0,0,0,0,458.53201588922843,467.0167294117648,475.50144293430117,471.6685557557359,465.68348906378867,0,0,0,0,447.8349915269321,461.9753647058824,476.1157378848327,468.87879864982654,438.39755734848904,0,0,0,0,23.79433892346284,,,,,,,468.87879864982654,438.39755734848904,0,0,0,0,468.87879864982654,438.39755734848904,0,0,0,0,0
1718285400,477.72,478.38,474.42,476.21,139.55213596995205,111.64170877596165,209.32820395492809,,476.21,10,20,20,60,462.9694639349848,470.8179058823532,478.66634782972164,472.58699963387454,465.68348906378867,0,0,0,0,440.22481716261524,452.25889411764695,464.29297107267865,465.6922650083316,423.4894058712604,0,0,0,0,459.3579954950928,468.0751764705885,476.79235744608417,472.58699963387454,465.68348906378867,0,0,0,0,447.8349915269321,461.9753647058824,476.1157378848327,470.5424558891246,438.39755734848904,0,0,0,0,23.865492543536597,,,,,,,470.5424558891246,438.39755734848904,0,0,0,0,470.5424558891246,438.39755734848904,0,0,0,0,0
1718299800,476.28,477.64,475.61,476.7,139.55213596995205,111.64170877596165,209.32820395492809,,476.7,40,40,55,70,464.76683417613765,473.2463999999999,481.7259658238621,474.1209249984047,468.9110969878038,0,0,0,0,441.6074238997489,454.49138823529375,467.37535257083863,468.92067465059364,423.4894058712604,0,0,0,0,460.1829622045592,469.12209411764746,478.0612260307357,474.1209249984047,468.9110969878038,0,0,0,0,449.62858837852303,464.51990588235316,479.4112233861833,471.86442332561575,438.39755734848904,0,0,0,0,23.973538627749313,,,,,,,471.86442332561575,438.39755734848904,0,0,0,0,471.86442332561575,438.39755734848904,0,0,0,0,0
1718371800,476.52,478.73,476.05,478.54,136.4211952374424,109.13695618995392,204.6317928561636,,478.54,20,20,20,35,466.57790308574994,475.6708705882354,484.76383809072087,474.1209249984047,468.9110969878038,0,0,0,0,441.6074238997489,454.49138823529375,467.37535257083863,468.92067465059364,423.4894058712604,0,0,0,0,461.0502416359794,470.26896470588275,479.4876877757861,474.1209249984047,468.9110969878038,0,0,0,0,449.62858837852303,464.51990588235316,479.4112233861833,472.3805359452146,438.39755734848904,0,0,0,0,23.995612454245993,,,,,,,472.3805359452146,438.39755734848904,0,0,0,0,472.3805359452146,438.39755734848904,0,0,0,0,0
1718386200,478.58,479.26,477.8,479.18,136.4211952374424,109.13695618995392,204.6317928561636,,479.18,65,75,40,70,468.3043833317698,477.95075294117675,487.59712255058366,475.89193067678667,470.7053043458178,0,0,0,0,441.6074238997489,454.49138823529375,467.37535257083863,470.71419788983695,427.4919483090274,0,0,0,0,461.91696490841645,471.3716235294121,480.82628215040774,475.89193067678667,470.7053043458178,0,0,0,0,451.2766377986051,466.90437647058855,482.53211514257197,474.2883548062707,447.33395899950085,0,0,0,0,22.900496064787582,,,,,,,474.2883548062707,447.33395899950085,0,0,0,0,474.2883548062707,447.33395899950085,0,0,0,0,0
1718631000,479.46,484.38,478.15,484.19,136.18340899686518,108.94672719749215,204.27511349529777,,484.19,45,35,20,60,470.1960429747606,480.5169176470591,490.83779231935756,478.0970728794742,470.7053043458178,0,0,0,0,441.6074238997489,454.49138823529375,467.37535257083863,470.71419788983695,427.4919483090274,0,0,0,0,462.91143136448267,472.7875294117647,482.6636274590467,478.0970728794742,470.7053043458178,0,0,0,0,451.2766377986051,466.90437647058855,482.53211514257197,474.4441866058228,447.33395899950085,0,0,0,0,22.907027753658543,,,,,,,474.4441866058228,447.33395899950085,0,0,0,0,474.4441866058228,447.33395899950085,0,0,0,0,0
1718645400,484.2,486.86,484.14,485.09,136.18340899686518,108.94672719749215,204.27511349529777,,485.09,65,50,40,80,472.10720578700546,483.091035294118,494.07486480123055,482.4268128399548,472.5542111782593,0,0,0,0,443.2343635125274,457.40607058823485,471.5777776639423,472.57318375484857,427.4919483090274,0,0,0,0,463.9230756996832,474.19898823529456,484.47490077090595,482.4268128399548,472.5542111782593,0,0,0,0,453.2541075200138,469.8466588235295,486.43921012704516,480.504601848264,447.33395899950085,0,0,0,0,23.704623375655697,,,,,,,480.504601848264,447.33395899950085,0,0,0,0,480.504601848264,447.33395899950085,0,0,0,0,0
1718717400,485.01,485.68,483.43,485.56,135.80479912575603,108.64383930060484,203.70719868863404,,485.56,45,35,20,45,473.750746739217,485.0619058823522,496.37306502548745,482.4268128399548,472.5542111782593,0,0,0,0,443.2343635125274,457.40607058823485,471.5777776639423,472.57318375484857,427.4919483090274,0,0,0,0,464.93919389358916,475.585647058824,486.23210022405885,482.4268128399548,472.5542111782593,0,0,0,0,453.2541075200138,469.8466588235295,486.43921012704516,480.504601848264,447.33395899950085,0,0,0,0,23.704623375655697,,,,,,,480.504601848264,447.33395899950085,0,0,0,0,480.504601848264,447.33395899950085,0,0,0,0,0
1718731800,485.54,485.9,484.25,485.23,135.80479912575603,108.64383930060484,203.70719868863404,,485.23,50,65,70,70,475.1716673679072,486.2441411764702,497.31661498503314,482.45330439197073,478.0667675226694,0,0,0,0,443.2343635125274,457.40607058823485,471.5777776639423,478.0750992009308,427.4919483090274,0,0,0,0,465.9231751522567,476.84903529411736,487.774895435978,482.45330439197073,478.0667675226694,0,0,0,0,455.23457802227017,472.7008705882354,490.1671631542006,480.8483046548807,447.33395899950085,0,0,0,0,25.322251889255405,,,,,,,480.8483046548807,447.33395899950085,0,0,0,0,480.8483046548807,447.33395899950085,0,0,0,0,0
1718890200,486.4,486.83,480.51,480.82,132.64862961713072,106.11890369370458,198.97294442569608,,480.82,20,20,35,35,476.2416121370666,487.02668235294124,497.81175256881585,482.45330439197073,478.0667675226694,0,0,0,0,443.2343635125274,457.40607058823485,471.5777776639423,478.0750992009308,427.4919483090274,0,0,0,0,466.71030246083546,477.6996705882352,488.689038715635,482.45330439197073,478.0667675226694,0,0,0,0,455.23457802227017,472.7008705882354,490.1671631542006,480.8483046548807,447.33395899950085,0,0,0,0,25.322251889255405,,,,,,,480.8483046548807,447.33395899950085,0,0,0,0,480.8483046548807,447.33395899950085,0,0,0,0,0
1718904600,480.8,482.54,479.62,481.4,132.64862961713072,106.11890369370458,198.97294442569608,,481.4,40,20,40,40,477.0239613683103,487.4073176470585,497.7906739258067,482.45330439197073,478.0667675226694,0,0,0,0,444.80221129883734,459.8218352941175,474.8414592893976,478.0750992009308,427.4919483090274,0,0,0,0,467.5034326668472,478.59428235294115,489.6851320390351,482.45330439197073,478.0667675226694,0,0,0,0,457.1065370748357,475.224917647059,493.34329821928225,480.8483046548807,447.33395899950085,0,0,0,0,23.72129818594045,,,,,,,480.8483046548807,447.33395899950085,0,0,0,0,480.8483046548807,447.33395899950085,0,0,0,0,0
1718976600,481.19,482.54,478.68,480.24,132.46033483926712,105.9682678714137,198.69050225890066,,480.24,20,20,35,35,477.58207726956255,487.46018823529374,497.33829920102494,482.45330439197073,478.0667675226694,0,0,0,0,444.80221129883734,459.8218352941175,474.8414592893976,478.0750992009308,427.4919483090274,0,0,0,0,468.29319785815795,479.5530588235293,490.8129197889006,482.45330439197073,478.0667675226694,0,0,0,0,457.1065370748357,475.224917647059,493.34329821928225,480.8483046548807,447.33395899950085,0,0,0,0,23.72129818594045,,,,,,,480.8483046548807,447.33395899950085,0,0,0,0,480.8483046548807,447.33395899950085,0,0,0,0,0
1718991000,480.15,481.05,479.53,480.045,132.46033483926712,105.9682678714137,198.69050225890066,,480.045,25,50,40,40,478.02168348187286,487.23029411764685,496.43890475342084,482.45330439197073,478.0667675226694,0,0,0,0,444.80221129883734,459.8218352941175,474.8414592893976,478.0750992009308,427.4919483090274,0,0,0,0,469.05680660262516,480.4680352941176,491.87926398561007,482.45330439197073,478.0667675226694,0,0,0,0,458.7650671542089,477.40207058823506,496.0390740222612,480.8483046548807,464.3351047852508,0,0,0,0,22.411601347640513,,,,,,,480.8483046548807,464.3351047852508,0,0,0,0,480.8483046548807,464.3351047852508,0,0,0,0,0
1719235800,478.14,479.93,475.32,475.73,128.99552276045733,103.19641820836587,193.493284140686,,475.73,0,35,-10,-25,477.9159439251411,486.3282941176469,486.3282941176469,480.7310265771965,478.0667675226694,0,0,0,0,444.80221129883734,459.8218352941175,474.8414592893976,478.0750992009308,427.4919483090274,0,0,0,0,469.55406636204486,480.98640000000006,492.41873363795526,480.7310265771965,478.0667675226694,0,0,0,0,458.7650671542089,477.40207058823506,496.0390740222612,480.8483046548807,464.3351047852508,0,0,0,0,22.411601347640513,,,,,,,480.8483046548807,464.3351047852508,0,0,0,0,480.8483046548807,464.3351047852508,0,0,0,0,0
1719250200,475.71,476.56,473.82,473.94,128.99552276045733,103.19641820836587,193.493284140686,,473.94,5,40,-5,-30,477.49786037736476,485.5246705882355,485.5246705882355,478.61307903850104,478.0667675226694,0,0,0,0,446.1333553577952,461.5784,477.02344464220477,478.0750992009308,427.4919483090274,0,0,0,0,469.8912576391367,481.2737058823531,492.6561541255695,478.61307903850104,478.0667675226694,0,0,0,0,460.30385606014084,479.2778823529412,498.2519086457416,480.8483046548807,464.3351047852508,0,0,0,0,22.874488236802335,,,,,,,480.8483046548807,464.3351047852508,0,0,0,0,480.8483046548807,464.3351047852508,0,0,0,0,0
1719322200,476.07,479.33,475.12,477.67,122.9145021800995,98.3316017440796,184.37175327014927,,477.67,-10,35,-10,-20,477.48568250545384,485.21772941176437,485.21772941176437,478.61307903850104,478.0667675226694,0,0,0,0,446.1333553577952,461.5784,477.02344464220477,478.0750992009308,427.4919483090274,0,0,0,0,470.40325777340115,481.7773176470593,493.15137752071746,478.61307903850104,478.0667675226694,0,0,0,0,460.30385606014084,479.2778823529412,498.2519086457416,480.8483046548807,464.3351047852508,0,0,0,0,22.874488236802335,,,,,,,480.8483046548807,464.3351047852508,0,0,0,0,480.8483046548807,464.3351047852508,0,0,0,0,0
1719336600,477.66,479.66,477.26,479.35,122.9145021800995,98.3316017440796,184.37175327014927,,479.35,-5,35,-5,-15,477.59337953625595,485.03076470588263,492.4681498755093,478.61307903850104,478.0667675226694,0,0,0,0,446.1333553577952,461.5784,477.02344464220477,478.0750992009308,427.4919483090274,0,0,0,0,470.97525930749964,482.363611764706,493.7519642219123,478.61307903850104,478.0667675226694,0,0,0,0,461.83995495339326,481.2232705882353,500.6065862230774,480.8483046548807,464.3351047852508,0,0,0,0,22.548344223032313,,,,,,,480.8483046548807,464.3351047852508,0,0,0,0,480.8483046548807,464.3351047852508,0,0,0,0,0
1719408600,478.55,480.88,478.14,479.39,126.04478459942362,100.83582767953891,189.06717689913543,,479.39,-10,10,-10,-20,477.59444192496426,484.651329411765,491.70821689856575,478.61307903850104,478.0667675226694,0,0,0,0,446.1333553577952,461.5784,477.02344464220477,478.0750992009308,427.4919483090274,0,0,0,0,471.5564115508114,482.99291764705947,494.42942374330755,478.61307903850104,478.0667675226694,0,0,0,0,461.83995495339326,481.2232705882353,500.6065862230774,480.8483046548807,464.3351047852508,0,0,0,0,22.548344223032313,,,,,,,480.8483046548807,464.3351047852508,0,0,0,0,480.8483046548807,464.3351047852508,0,0,0,0,0
1719423000,479.39,480.92,478.54,480.39,126.04478459942362,100.83582767953891,189.06717689913543,,480.39,-5,10,-5,-5,477.6062343238698,484.2825999999999,490.95896567613,478.61307903850104,478.0667675226694,0,0,0,0,447.6089530684289,463.5813882352942,479.5538234021595,478.0750992009308,427.4919483090274,0,0,0,0,472.1653505902312,483.66224705882405,495.1591435274169,478.61307903850104,478.0667675226694,0,0,0,0,463.19759203776135,482.8603999999998,502.52320796223825,480.8483046548807,464.3351047852508,0,0,0,0,21.58307771897672,,,,,,,480.8483046548807,464.3351047852508,0,0,0,0,480.8483046548807,464.3351047852508,0,0,0,0,0
1719495000,480.12,483.08,479.29,481.67,124.14096204725742,99.31276963780594,186.21144307088613,,481.67,-10,10,-10,-10,477.70792980581757,483.83116470588277,489.95439960594797,478.61307903850104,478.0667675226694,0,0,0,0,447.6089530684289,463.5813882352942,479.5538234021595,478.0750992009308,427.4919483090274,0,0,0,0,472.8024050406684,484.3642352941177,495.92606554756696,478.61307903850104,478.0667675226694,0,0,0,0,463.19759203776135,482.8603999999998,502.52320796223825,480.8483046548807,464.3351047852508,0,0,0,0,21.58307771897672,,,,,,,480.8483046548807,464.3351047852508,0,0,0,0,480.8483046548807,464.3351047852508,0,0,0,0,0
1719509400,481.699,482,480.29,481.57,124.14096204725742,99.31276963780594,186.21144307088613,,481.57,-5,15,-5,-5,477.8584032745533,483.3850235294126,488.91164378427186,478.61307903850104,478.0667675226694,0,0,0,0,447.6089530684289,463.5813882352942,479.5538234021595,478.0750992009308,427.4919483090274,0,0,0,0,473.41557209209674,485.036717647059,496.65786320202125,478.61307903850104,478.0667675226694,0,0,0,0,464.55249733782034,484.479388235294,504.4062791327676,480.8483046548807,464.3351047852508,0,0,0,0,21.58307771897672,,,,,,,480.8483046548807,464.3351047852508,0,0,0,0,480.8483046548807,464.3351047852508,0,0,0,0,0
1719581400,482.41,487.2,480.39,481.9,125.84026811027927,100.67221448822342,188.7604021654189,,481.9,-10,10,-10,5,478.09416857050144,482.9836352941185,487.8731020177356,479.13689654077143,478.0667675226694,0,0,0,0,447.6089530684289,463.5813882352942,479.5538234021595,478.0750992009308,427.4919483090274,0,0,0,0,474.0193242087972,485.69536470588275,497.37140520296833,479.13689654077143,478.0667675226694,0,0,0,0,464.55249733782034,484.479388235294,504.4062791327676,480.8483046548807,464.3351047852508,0,0,0,0,21.58307771897672,,,,,,,480.8483046548807,464.3351047852508,0,0,0,0,480.8483046548807,464.3351047852508,0,0,0,0,0
1719595800,481.91,482.43,478.46,479.01,125.84026811027927,100.67221448822342,188.7604021654189,,479.01,35,10,-5,-5,477.9949111509858,482.0060823529413,482.0060823529413,479.13689654077143,478.0667675226694,0,0,0,0,449.0999603511286,465.61171764705887,482.12347494298916,478.0750992009308,453.91395200123975,0,0,0,0,474.4076261537481,486.04302352941204,497.678420905076,479.13689654077143,478.0667675226694,0,0,0,0,465.63439032604794,485.57501176470606,505.5156332033642,480.8483046548807,464.3351047852508,0,0,0,0,13.44596345550395,,,,,,,480.8483046548807,464.3351047852508,0,0,0,0,480.8483046548807,464.3351047852508,0,0,0,0,0
1719840600,480.05,481.41,476.26,480.92,127.93367216243317,102.34693772994655,191.90050824364977,,480.92,15,10,-10,-10,477.97218315337886,481.16827058823554,484.3643580230922,479.13689654077143,478.0667675226694,0,0,0,0,449.0999603511286,465.61171764705887,482.12347494298916,478.0750992009308,453.91395200123975,0,0,0,0,474.9014565739628,486.5476470588236,498.1938375436844,479.13689654077143,478.0667675226694,0,0,0,0,465.63439032604794,485.57501176470606,505.5156332033642,480.8483046548807,464.3351047852508,0,0,0,0,13.44596345550395,,,,,,,480.8483046548807,464.3351047852508,0,0,0,0,480.8483046548807,464.3351047852508,0,0,0,0,0
1719855000,480.9,482.49,480.33,481.95,127.93367216243317,102.34693772994655,191.90050824364977,,481.95,20,10,-5,-5,477.9625251722032,481.0178705882354,484.0732160042676,479.13689654077143,478.0667675226694,0,0,0,0,449.0999603511286,465.61171764705887,482.12347494298916,478.0750992009308,453.91395200123975,0,0,0,0,475.3612897819451,486.9321529411767,498.5030161004083,479.13689654077143,478.0667675226694,0,0,0,0,466.7650711083982,486.66628235294115,506.5674935974841,480.8483046548807,464.3351047852508,0,0,0,0,13.44596345550395,,,,,,,480.8483046548807,464.3351047852508,0,0,0,0,480.8483046548807,464.3351047852508,0,0,0,0,0
1719927000,480.41,485.3,480.28,485.03,128.19664957952895,102.55731966362316,192.2949743692934,,485.03,15,10,-10,5,478.27502908988333,481.16370588235304,484.05238267482275,479.7504157580942,478.0667675226694,0,0,0,0,449.0999603511286,465.61171764705887,482.12347494298916,478.0750992009308,453.91395200123975,0,0,0,0,476.02657298395354,487.68280000000084,499.33902701604814,479.7504157580942,478.0667675226694,0,0,0,0,466.7650711083982,486.66628235294115,506.5674935974841,480.8483046548807,464.3351047852508,0,0,0,0,13.44596345550395,,,,,,,480.8483046548807,464.3351047852508,0,0,0,0,480.8483046548807,464.3351047852508,0,0,0,0,0
1719941400,485.04,487.04,484.7,487.01,128.19664957952895,102.55731966362316,192.2949743692934,,487.01,20,15,10,20,478.75645571136874,481.7469764705884,484.737497229808,483.3541850159078,478.0667675226694,0,0,0,0,450.9008400228945,468.2755294117648,485.6502188006351,478.0750992009308,453.91395200123975,0,0,0,0,476.7476811691172,488.5067176470594,500.26575412500165,483.3541850159078,478.0667675226694,0,0,0,0,468.0414876466872,487.66237647058756,507.28326529448793,481.1134236510055,464.3351047852508,0,0,0,0,13.456669045337913,,,,,,,481.1134236510055,464.3351047852508,0,0,0,0,481.1134236510055,464.3351047852508,0,0,0,0,0
1720013400,486.22,491.17,486.21,491.01,126.68416601547582,101.34733281238067,190.02624902321372,,491.01,15,35,40,80,479.44309456672255,482.8217529411769,486.20041131563124,486.4016697331042,480.6891500062422,0,0,0,0,450.9008400228945,468.2755294117648,485.6502188006351,480.6899950743339,453.91395200123975,0,0,0,0,477.6436807106967,489.62023529411806,501.59678987753944,486.4016697331042,480.6891500062422,0,0,0,0,469.4350063276716,488.97032941176485,508.5056524958581,482.525321961648,464.3351047852508,0,0,0,0,14.233778750269163,,,,,,,482.525321961648,464.3351047852508,0,0,0,0,482.525321961648,464.3351047852508,0,0,0,0,0
1720186200,491.9,496.12,491.59,495.97,116.13101512962895,92.90481210370316,174.19652269444342,,495.97,10,20,20,60,480.39806927428464,484.6588823529416,488.91969543159854,492.13766420864596,480.6891500062422,0,0,0,0,450.9008400228945,468.2755294117648,485.6502188006351,480.6899950743339,453.91395200123975,0,0,0,0,478.7229788483568,491.06365882352986,503.40433879870295,492.13766420864596,480.6891500062422,0,0,0,0,469.4350063276716,488.97032941176485,508.5056524958581,487.8035132501017,464.3351047852508,0,0,0,0,14.446913802171554,,,,,,,487.8035132501017,464.3351047852508,0,0,0,0,487.8035132501017,464.3351047852508,0,0,0,0,0
1720200600,495.99,496.6,495.48,496.23,116.13101512962895,92.90481210370316,174.19652269444342,,496.23,40,35,40,80,481.5290946819078,486.54584705882377,491.56259943573974,493.7173737309243,486.0570678629391,0,0,0,0,453.08516503882964,471.72515294117665,490.36514084352365,486.06499542616723,453.91395200123975,0,0,0,0,479.7422231110975,492.35672941176506,504.97123571243264,493.7173737309243,486.0570678629391,0,0,0,0,470.99681826273246,490.7559058823531,510.5149935019737,491.88397658938015,464.3351047852508,0,0,0,0,16.09186573774545,,,,,,,491.88397658938015,464.3351047852508,0,0,0,0,491.88397658938015,464.3351047852508,0,0,0,0,0
1720445400,496.53,497.47,495.49,497,113.80184759766244,91.04147807812996,170.70277139649366,,497,20,20,20,60,482.96170702582134,488.6937058823533,494.42570473888526,493.80487837003164,486.0570678629391,0,0,0,0,453.08516503882964,471.72515294117665,490.36514084352365,486.06499542616723,453.91395200123975,0,0,0,0,480.73984321180984,493.575423529412,506.4110038470141,493.80487837003164,486.0570678629391,0,0,0,0,470.99681826273246,490.7559058823531,510.5149935019737,492.00940683299586,464.3351047852508,0,0,0,0,16.09693065108833,,,,,,,492.00940683299586,464.3351047852508,0,0,0,0,492.00940683299586,464.3351047852508,0,0,0,0,0
1720459800,497.02,497.89,496.02,497.41,113.80184759766244,91.04147807812996,170.70277139649366,,497.41,25,40,80,70,484.65493531386,490.9532117647061,497.25148821555223,494.11522675783345,490.1912058727292,0,0,0,0,453.08516503882964,471.72515294117665,490.36514084352365,490.18821003858386,453.91395200123975,0,0,0,0,481.69096565863134,494.6442352941183,507.59750492960524,494.11522675783345,490.1912058727292,0,0,0,0,472.55163778262914,492.5234352941178,512.4952328056065,492.65444920206755,464.3351047852508,0,0,0,0,17.25843918966227,,,,,,,492.65444920206755,464.3351047852508,0,0,0,0,492.65444920206755,464.3351047852508,0,0,0,0,0
1720531800,498.85,500,496.24,496.65,115.54415559637893,92.43532447710315,173.3162333945684,,496.65,20,20,35,50,486.25908991441133,493.0859176470591,499.91274537970685,495.41128198941675,490.1912058727292,0,0,0,0,453.08516503882964,471.72515294117665,490.36514084352365,490.18821003858386,453.91395200123975,0,0,0,0,482.5501588010015,495.4386705882354,508.32718237546936,495.41128198941675,490.1912058727292,0,0,0,0,472.55163778262914,492.5234352941178,512.4952328056065,492.8462742590628,464.3351047852508,0,0,0,0,22.148453704882478,,,,,,,492.8462742590628,464.3351047852508,0,0,0,0,492.8462742590628,464.3351047852508,0,0,0,0,0
1720546200,496.61,497.91,496.59,497.78,115.54415559637893,92.43532447710315,173.3162333945684,,497.78,40,35,65,55,487.8676112198928,495.1702000000001,502.47278878010735,495.41128198941675,491.04183402467714,0,0,0,0,455.1300788928525,474.8207058823529,494.5113328718533,491.0483378929707,453.91395200123975,0,0,0,0,483.43923363345414,495.9905647058829,508.54189577831164,495.41128198941675,491.04183402467714,0,0,0,0,474.0502327754209,494.0752941176474,514.1003554598739,493.34439752627253,464.3351047852508,0,0,0,0,22.40543231845109,,,,,,,493.34439752627253,464.3351047852508,0,0,0,0,493.34439752627253,464.3351047852508,0,0,0,0,0
1720618200,499.76,502.32,498.4,501.99,118.31108484852653,94.64886787882124,177.4666272727898,,501.99,20,20,35,50,489.5379794065368,497.4551411764709,505.37230294640494,497.3563988845729,491.04183402467714,0,0,0,0,455.1300788928525,474.8207058823529,494.5113328718533,491.0483378929707,453.91395200123975,0,0,0,0,484.4397882335896,496.9816352941178,509.523482354646,497.3563988845729,491.04183402467714,0,0,0,0,474.0502327754209,494.0752941176474,514.1003554598739,495.0619405601102,464.3351047852508,0,0,0,0,22.474787255333045,,,,,,,495.0619405601102,464.3351047852508,0,0,0,0,495.0619405601102,464.3351047852508,0,0,0,0,0
1720632600,502.02,503.52,501.91,503.01,118.31108484852653,94.64886787882124,177.4666272727898,,503.01,25,35,55,70,491.1825696434606,499.7237058823527,508.2648421212448,500.26587454843275,493.15241730862874,0,0,0,0,455.1300788928525,474.8207058823529,494.5113328718533,493.16917090061565,453.91395200123975,0,0,0,0,485.44944783417577,497.8720705882354,510.294693342295,500.26587454843275,493.15241730862874,0,0,0,0,475.7282425070309,496.1196235294114,516.5110045517919,498.69537337724523,464.3351047852508,0,0,0,0,23.205546922081613,,,,,,,498.69537337724523,464.3351047852508,0,0,0,0,498.69537337724523,464.3351047852508,0,0,0,0,0
1720704600,503.07,503.28,491.77,493.25,117.66136189634678,94.12908951707743,176.49204284452017,,493.25,0,10,0,10,491.79498430900713,500.36535294117664,500.36535294117664,497.24916939446365,493.15241730862874,0,0,0,0,455.1300788928525,474.8207058823529,494.5113328718533,493.16917090061565,453.91395200123975,0,0,0,0,485.9522313665327,497.99881176470643,510.04539216288015,497.24916939446365,493.15241730862874,0,0,0,0,475.7282425070309,496.1196235294114,516.5110045517919,498.69537337724523,464.3351047852508,0,0,0,0,23.205546922081613,,,,,,,498.69537337724523,464.3351047852508,0,0,0,0,498.69537337724523,464.3351047852508,0,0,0,0,0
1720719000,493.25,493.54,490.73,491.87,117.66136189634678,94.12908951707743,176.49204284452017,,491.87,5,25,35,5,492.0737046085175,500.5868235294114,500.5868235294114,495.88066136563447,493.15241730862874,0,0,0,0,457.0845662284353,477.5383294117647,497.99209259509416,493.16917090061565,453.91395200123975,0,0,0,0,486.3525934508527,497.9120705882356,509.47154772561856,495.88066136563447,493.15241730862874,0,0,0,0,476.8637492939062,497.208188235294,517.5526271766819,498.69537337724523,464.3351047852508,0,0,0,0,22.773488842261457,,,,,,,498.69537337724523,464.3351047852508,0,0,0,0,498.69537337724523,464.3351047852508,0,0,0,0,0
1720791000,492.51,497.9,492.04,497.9,116.84837411961082,93.47869929568867,175.27256117941624,,497.9,10,10,35,10,492.8367528004017,501.2896235294118,509.7424942584219,495.88066136563447,493.15241730862874,0,0,0,0,457.0845662284353,477.5383294117647,497.99209259509416,493.16917090061565,453.91395200123975,0,0,0,0,487.04077080776875,498.2625529411765,509.4843350745843,495.88066136563447,493.15241730862874,0,0,0,0,476.8637492939062,497.208188235294,517.5526271766819,498.69537337724523,464.3351047852508,0,0,0,0,22.773488842261457,,,,,,,498.69537337724523,464.3351047852508,0,0,0,0,498.69537337724523,464.3351047852508,0,0,0,0,0
1720805400,497.79,499.61,494.11,494.88,116.84837411961082,93.47869929568867,175.27256117941624,,494.88,10,50,20,-5,493.30160697688416,501.4513647058824,509.6011224348806,495.88066136563447,493.15241730862874,0,0,0,0,457.0845662284353,477.5383294117647,497.99209259509416,493.16917090061565,455.82331257257977,0,0,0,0,487.52765127100093,498.56334117647106,509.5990310819412,495.88066136563447,493.15241730862874,0,0,0,0,478.0407788954617,498.05550588235315,518.0702328692446,498.69537337724523,476.5846265354213,0,0,0,0,20.798907802316204,,,,,,,498.69537337724523,476.5846265354213,0,0,0,0,498.69537337724523,476.5846265354213,0,0,0,0,0
1721050200,496.61,501.02,495.93,496.48,124.06447353439476,99.25157882751581,186.09671030159214,,496.48,-10,35,15,-20,493.88536582229176,501.8925647058825,509.8997635894732,495.88066136563447,493.15241730862874,0,0,0,0,457.0845662284353,477.5383294117647,497.99209259509416,493.16917090061565,455.82331257257977,0,0,0,0,488.07267253452284,498.9915647058823,509.91045687724176,495.88066136563447,493.15241730862874,0,0,0,0,478.0407788954617,498.05550588235315,518.0702328692446,498.69537337724523,476.5846265354213,0,0,0,0,20.798907802316204,,,,,,,498.69537337724523,476.5846265354213,0,0,0,0,498.69537337724523,476.5846265354213,0,0,0,0,0
1721064600,496.35,497.38,494.1,496.16,124.06447353439476,99.25157882751581,186.09671030159214,,496.16,-5,35,20,-5,494.2249417333837,502.03677647058817,509.84861120779266,495.88066136563447,493.15241730862874,0,0,0,0,459.0063603546047,480.1609176470585,501.31547493951234,493.16917090061565,455.82331257257977,0,0,0,0,488.5651638223217,499.3211764705884,510.0771891188551,495.88066136563447,493.15241730862874,0,0,0,0,479.2365887520159,498.71804705882386,518.1995053656318,498.69537337724523,476.5846265354213,0,0,0,0,20.117630889439102,,,,,,,498.69537337724523,476.5846265354213,0,0,0,0,498.69537337724523,476.5846265354213,0,0,0,0,0
1721136600,497.62,498.44,493.15,494.289,132.25806738469848,105.8064539077588,198.3871010770477,,494.289,-10,35,-10,-10,494.24964054260835,501.75001647058764,501.75001647058764,495.88066136563447,493.15241730862874,0,0,0,0,459.0063603546047,480.1609176470585,501.31547493951234,493.16917090061565,455.82331257257977,0,0,0,0,488.9191716120856,499.41791058823503,509.91664956438444,495.88066136563447,493.15241730862874,0,0,0,0,479.2365887520159,498.71804705882386,518.1995053656318,498.69537337724523,476.5846265354213,0,0,0,0,20.117630889439102,,,,,,,498.69537337724523,476.5846265354213,0,0,0,0,498.69537337724523,476.5846265354213,0,0,0,0,0
1721151000,494.22,496.73,493.67,496.38,132.25806738469848,105.8064539077588,198.3871010770477,,496.38,-5,40,10,-5,494.3746301311067,501.55715058823546,508.7396710453642,495.88066136563447,493.15241730862874,0,0,0,0,459.0063603546047,480.1609176470585,501.31547493951234,493.16917090061565,455.82331257257977,0,0,0,0,489.36300765756386,499.6703482352943,509.9776888130247,495.88066136563447,493.15241730862874,0,0,0,0,480.3649703154594,499.43494117647083,518.5049120374822,498.69537337724523,476.5846265354213,0,0,0,0,19.97551234737931,,,,,,,498.69537337724523,476.5846265354213,0,0,0,0,498.69537337724523,476.5846265354213,0,0,0,0,0
1721223000,488.28,488.79,482.2,483.13,132.91805925761918,106.33444740609535,199.37708888642877,,483.13,-10,10,-10,-55,492.45156210393503,499.4656729411763,499.4656729411763,488.81210343292423,493.15241730862874,0,0,0,0,459.0063603546047,480.1609176470585,501.31547493951234,493.16917090061565,455.82331257257977,0,0,0,0,488.88386358314636,498.73666823529334,498.73666823529334,488.81210343292423,493.15241730862874,0,0,0,0,480.3649703154594,499.43494117647083,518.5049120374822,493.6164410670666,476.5846265354213,0,0,0,0,4.775694779808715,,,,,,,493.6164410670666,476.5846265354213,0,0,1,0,493.6164410670666,476.5846265354213,0,0,0,0,0
1721237400,483.06,484.04,481.7,481.81,132.91805925761918,106.33444740609535,199.37708888642877,,481.81,-10,10,-10,-35,490.2017020663115,497.1631364705886,497.1631364705886,487.0984973477765,493.15241730862874,0,0,0,0,460.4666733726935,481.9349882352942,503.40330309789493,493.16917090061565,455.82331257257977,0,0,0,0,488.28305709065603,497.678258823529,497.678258823529,487.0984973477765,493.15241730862874,0,0,0,0,480.6153749582326,499.200329411765,499.200329411765,488.68883813370473,476.5846265354213,0,0,0,0,4.231406585814417,,,,,,,488.68883813370473,476.5846265354213,0,0,0,0,488.68883813370473,476.5846265354213,0,0,0,0,0
1721309400,485.53,485.7,476.56,479.69,130.94146182282537,104.7531694582603,196.41219273423806,,479.69,-10,10,-10,-35,487.13592541425044,494.3423176470585,494.3423176470585,484.4945206723175,493.15241730862874,0,0,0,0,460.4666733726935,481.9349882352942,503.40330309789493,493.16917090061565,455.82331257257977,0,0,0,0,487.4825522403887,496.462390588235,496.462390588235,484.4945206723175,493.15241730862874,0,0,0,0,480.6153749582326,499.200329411765,499.200329411765,488.68883813370473,476.5846265354213,0,0,0,0,4.231406585814417,,,,,,,488.68883813370473,476.5846265354213,0,0,0,0,488.68883813370473,476.5846265354213,0,0,0,0,0
1721323800,479.76,481.12,476.27,479.6,130.94146182282537,104.7531694582603,196.41219273423806,,479.6,-10,-5,-25,-50,484.0460214545823,491.32615764705844,491.32615764705844,484.2070549100091,492.4618984314511,0,0,0,0,460.4666733726935,481.9349882352942,503.40330309789493,492.4519164958332,455.82331257257977,0,0,0,0,486.66763807139705,495.2130164705885,495.2130164705885,484.2070549100091,492.4618984314511,0,0,0,0,480.6900681351089,498.8705647058822,498.8705647058822,486.08109002344946,476.5846265354213,0,0,0,0,3.9321194200891783,,,,,,,486.08109002344946,476.5846265354213,0,0,0,0,486.08109002344946,476.5846265354213,0,0,0,0,0
1721395800,479.15,481.69,473.95,474.85,130.66932586422487,104.53546069137991,196.0039887963373,,474.85,-15,-10,-15,-40,480.23907866672386,487.8699035294123,487.8699035294123,481.9718038036771,492.4618984314511,0,0,0,0,460.4666733726935,481.9349882352942,503.40330309789493,492.4519164958332,455.82331257257977,0,0,0,0,485.363669648143,493.6798070588235,493.6798070588235,481.9718038036771,492.4618984314511,0,0,0,0,480.6900681351089,498.8705647058822,498.8705647058822,486.08109002344946,476.5846265354213,0,0,0,0,3.9321194200891783,,,,,,,486.08109002344946,476.5846265354213,0,0,0,0,486.08109002344946,476.5846265354213,0,0,0,0,0
1721410200,474.75,477.07,474.19,475.22,130.66932586422487,104.53546069137991,196.0039887963373,,475.22,-20,-30,-45,-85,476.62676446220945,484.6197200000006,484.6197200000006,480.44599409602773,488.5131914006332,0,0,0,0,461.4693375734638,483.0383999999994,504.607462426535,488.512493888988,455.82331257257977,0,0,0,0,484.1260434751473,492.434503529412,492.434503529412,480.44599409602773,488.5131914006332,0,0,0,0,480.41979401592886,498.12127058823535,498.12127058823535,482.06675619368855,476.5846265354213,0,0,0,0,3.03521205643796,,,,,,,482.06675619368855,476.5846265354213,0,0,0,0,482.06675619368855,476.5846265354213,0,0,0,0,0
1721655000,481.16,482.86,477.76,481.81,139.39840733302947,111.51872586642358,209.0976109995442,,481.81,0,0,-10,-35,474.11333475584667,482.306783529412,482.306783529412,480.44599409602773,488.5131914006332,0,0,0,0,461.4693375734638,483.0383999999994,504.607462426535,488.512493888988,455.82331257257977,0,0,0,0,483.5062393138208,491.669788235294,491.669788235294,480.44599409602773,488.5131914006332,0,0,0,0,480.41979401592886,498.12127058823535,498.12127058823535,482.06675619368855,476.5846265354213,0,0,0,0,3.03521205643796,,,,,,,482.06675619368855,476.5846265354213,0,0,1,0,482.06675619368855,476.5846265354213,0,0,0,0,0
1721669400,481.83,483.35,481.78,482.34,139.39840733302947,111.51872586642358,209.0976109995442,,482.34,-10,0,-20,-35,472.2059409604169,480.54149411764735,480.54149411764735,480.44599409602773,488.5131914006332,0,0,0,0,461.4693375734638,483.0383999999994,504.607462426535,488.512493888988,455.82331257257977,0,0,0,0,482.94714035525493,491.0102258823529,491.0102258823529,480.44599409602773,488.5131914006332,0,0,0,0,480.5954406898978,497.8291529411765,515.0628651924552,482.06675619368855,476.5846265354213,0,0,0,0,3.03521205643796,,,,,,,482.06675619368855,476.5846265354213,0,0,0,0,482.06675619368855,476.5846265354213,0,0,0,0,0
1721741400,481.42,484.43,480.46,481.5,138.0570888651082,110.44567109208657,207.0856332976623,,481.5,-10,0,-20,-35,470.6838747090391,479.18039294117625,479.18039294117625,480.44599409602773,488.5131914006332,0,0,0,0,461.4693375734638,483.0383999999994,504.607462426535,488.512493888988,455.82331257257977,0,0,0,0,482.31049907438,490.2906164705882,490.2906164705882,480.44599409602773,488.5131914006332,0,0,0,0,480.5954406898978,497.8291529411765,515.0628651924552,482.06675619368855,476.5846265354213,0,0,0,0,3.03521205643796,,,,,,,482.06675619368855,476.5846265354213,0,0,0,0,482.06675619368855,476.5846265354213,0,0,0,0,0
1721755800,481.46,482.37,480.14,480.6,138.0570888651082,110.44567109208657,207.0856332976623,,480.6,-10,0,-20,-35,469.46675453728716,478.10578588235285,478.10578588235285,480.44599409602773,488.5131914006332,0,0,0,0,462.68023062603123,484.4173176470588,506.15440466808633,488.512493888988,455.82331257257977,0,0,0,0,481.6171046331024,489.56343058823535,489.56343058823535,480.44599409602773,488.5131914006332,0,0,0,0,480.6166197281277,497.3439999999999,497.3439999999999,482.06675619368855,476.5846265354213,0,0,0,0,3.03521205643796,,,,,,,482.06675619368855,476.5846265354213,0,0,0,0,482.06675619368855,476.5846265354213,0,0,0,0,0
1721827800,473.82,474.18,465.91,466.83,134.76320761023965,107.81056608819172,202.14481141535947,,466.83,-10,-10,-10,-35,465.47215447004066,475.10292,475.10292,472.47500449244797,488.5131914006332,0,0,0,0,462.68023062603123,484.4173176470588,506.15440466808633,488.512493888988,455.82331257257977,0,0,0,0,479.44736445056054,487.7877976470586,487.7877976470586,472.47500449244797,488.5131914006332,0,0,0,0,480.6166197281277,497.3439999999999,497.3439999999999,479.5667781605566,476.5846265354213,0,0,0,0,2.936856831549606,,,,,,,479.5667781605566,476.5846265354213,0,0,0,0,479.5667781605566,476.5846265354213,0,0,0,0,0
1721842200,466.83,467.52,462.54,463.34,134.76320761023965,107.81056608819172,202.14481141535947,,463.34,-20,-30,-45,-85,461.15096965641146,471.85271294117604,471.85271294117604,469.7858967307332,481.7306273714253,0,0,0,0,462.68023062603123,484.4173176470588,506.15440466808633,481.71772925441206,455.82331257257977,0,0,0,0,477.054998646898,485.97063529411747,485.97063529411747,469.7858967307332,481.7306273714253,0,0,0,0,479.2476544742083,495.4686352941177,495.4686352941177,472.8777225776597,476.5846265354213,0,0,0,0,-6.6896288477932195,,,,,,,472.8777225776597,476.5846265354213,0,0,0,0,472.8777225776597,476.5846265354213,0,1,0,0,0
1721914200,463.72,467.93,455.65,464.92,133.5847524822129,106.86780198577033,200.37712872331934,,464.92,-15,-20,-25,-65,457.51595902312926,468.99537647058804,468.99537647058804,469.5597612499666,481.7306273714253,0,0,0,0,462.68023062603123,484.4173176470588,506.15440466808633,481.71772925441206,455.82331257257977,0,0,0,0,474.9932245334708,484.36121411764685,484.36121411764685,469.5597612499666,481.7306273714253,0,0,0,0,479.2476544742083,495.4686352941177,495.4686352941177,472.8777225776597,476.5846265354213,0,0,0,0,-6.6896288477932195,,,,,,,472.8777225776597,476.5846265354213,0,0,0,0,472.8777225776597,476.5846265354213,0,0,0,0,0
1721928600,464.91,465.79,458.05,458.24,133.5847524822129,106.86780198577033,200.37712872331934,,458.24,-35,-55,-65,-75,453.70001727004995,465.99356941176444,465.99356941176444,468.45539922236753,475.82129684489496,0,0,0,0,462.66063171090116,484.3677176470588,484.3677176470588,475.8064628790969,455.82331257257977,0,0,0,0,472.2079923187603,482.29936941176436,482.29936941176436,468.45539922236753,475.82129684489496,0,0,0,0,477.3830746156099,493.18712941176454,493.18712941176454,471.7770158960434,476.5846265354213,0,0,0,0,-8.23595916801216,,,,,,,471.7770158960434,476.5846265354213,0,0,0,0,471.7770158960434,476.5846265354213,0,0,0,0,0
1722000600,462.67,465.93,459.77,465.73,134.41507423521648,107.5320593881732,201.62261135282472,,465.73,-15,-20,-25,-55,451.0488062297476,463.7570329411765,463.7570329411765,467.96644213505556,475.82129684489496,0,0,0,0,462.66063171090116,484.3677176470588,484.3677176470588,475.8064628790969,455.82331257257977,0,0,0,0,470.4430221691376,480.87018352941203,480.87018352941203,467.96644213505556,475.82129684489496,0,0,0,0,477.3830746156099,493.18712941176454,493.18712941176454,471.7770158960434,476.5846265354213,0,0,0,0,-8.23595916801216,,,,,,,471.7770158960434,476.5846265354213,0,0,0,0,471.7770158960434,476.5846265354213,0,0,0,0,0
1722015000,465.75,465.85,461.27,463,134.41507423521648,107.5320593881732,201.62261135282472,,463,-20,-35,-45,-75,449.20840300750916,462.02520235294094,462.02520235294094,467.7321112867045,473.79548992740246,0,0,0,0,462.66063171090116,484.3677176470588,484.3677176470588,473.7931441020186,455.82331257257977,0,0,0,0,468.2679637230497,479.09850352941186,479.09850352941186,467.7321112867045,473.79548992740246,0,0,0,0,475.94936639093294,491.34882352941116,491.34882352941116,471.7770158960434,476.5846265354213,0,0,0,0,-8.139887187552349,,,,,,,471.7770158960434,476.5846265354213,0,0,0,0,471.7770158960434,476.5846265354213,0,0,0,0,0
1722259800,465.71,467.91,461.63,465.04,139.53170942794827,111.62536754235862,209.2975641419224,,465.04,-15,-20,-25,-40,448.41936779905416,460.9818423529407,460.9818423529407,467.7321112867045,473.79548992740246,0,0,0,0,462.66063171090116,484.3677176470588,484.3677176470588,473.7931441020186,455.82331257257977,0,0,0,0,466.4106936982236,477.55035294117647,477.55035294117647,467.7321112867045,473.79548992740246,0,0,0,0,475.94936639093294,491.34882352941116,491.34882352941116,471.7770158960434,476.5846265354213,0,0,0,0,-8.139887187552349,,,,,,,471.7770158960434,476.5846265354213,0,0,0,0,471.7770158960434,476.5846265354213,0,0,0,0,0
1722274200,465.09,466.01,463.29,463.85,139.53170942794827,111.62536754235862,209.2975641419224,,463.85,-45,-20,-30,-45,446.92263108506273,459.5739411764706,459.5739411764706,467.7321112867045,473.79548992740246,0,0,0,0,462.7632288956132,484.34308235294117,484.34308235294117,473.7931441020186,455.82331257257977,0,0,0,0,464.43666649918765,475.9018964705882,475.9018964705882,467.7321112867045,473.79548992740246,0,0,0,0,474.63565088369546,489.82143529411803,489.82143529411803,471.7770158960434,476.5846265354213,0,0,0,0,-8.139887187552349,,,,,,,471.7770158960434,476.5846265354213,0,0,0,0,471.7770158960434,476.5846265354213,0,0,0,0,0
1722346200,465.85,466.56,454.15,456.7,136.4862366332611,109.18898930660887,204.72935494989161,,456.7,-25,-10,-15,-40,444.30407769216026,457.3473341176473,457.3473341176473,464.2993872687064,473.79548992740246,0,0,0,0,462.7632288956132,484.34308235294117,484.34308235294117,473.7931441020186,455.82331257257977,0,0,0,0,461.6877542175208,473.72902823529427,473.72902823529427,464.2993872687064,473.79548992740246,0,0,0,0,474.63565088369546,489.82143529411803,489.82143529411803,471.7770158960434,476.5846265354213,0,0,0,0,-8.139887187552349,,,,,,,471.7770158960434,476.5846265354213,0,0,0,0,471.7770158960434,476.5846265354213,0,0,0,0,0
1722360600,456.69,459.24,456.245,457.36,136.4862366332611,109.18898930660887,204.72935494989161,,457.36,-30,-10,-20,-45,442.7977912778219,455.8029623529415,455.8029623529415,463.3605024637988,473.79548992740246,0,0,0,0,462.7632288956132,484.34308235294117,484.34308235294117,473.7931441020186,455.82331257257977,0,0,0,0,458.9723988321335,471.4897364705885,471.4897364705885,463.3605024637988,473.79548992740246,0,0,0,0,472.68800563251716,487.73675294117635,487.73675294117635,465.264115980077,476.5846265354213,0,0,0,0,-8.396120533374077,,,,,,,465.264115980077,476.5846265354213,0,0,0,0,465.264115980077,476.5846265354213,0,0,0,0,0
1722432600,467.89,471.36,466.41,469.57,135.22966016674297,108.18372813339438,202.84449025011446,,469.57,-25,-10,-15,-10,444.1122760788103,456.49753176470585,468.8827874506014,464.3081035302602,473.79548992740246,0,0,0,0,462.7632288956132,484.34308235294117,484.34308235294117,473.7931441020186,455.82331257257977,0,0,0,0,457.57988303506073,470.17013882352956,470.17013882352956,464.3081035302602,473.79548992740246,0,0,0,0,472.68800563251716,487.73675294117635,487.73675294117635,465.264115980077,476.5846265354213,0,0,0,0,-8.396120533374077,,,,,,,465.264115980077,476.5846265354213,0,0,0,0,465.264115980077,476.5846265354213,0,0,0,0,0
1722447000,469.56,472.79,467.32,471.08,135.22966016674297,108.18372813339438,202.84449025011446,,471.08,-30,-10,-20,-15,446.0712756398503,457.588830588235,469.1063855366197,464.479691309255,473.79548992740246,0,0,0,0,463.5392599709107,485.18564705882335,506.832034146736,473.7931441020186,455.82331257257977,0,0,0,0,456.4562059010403,469.12727058823504,469.12727058823504,464.479691309255,473.79548992740246,0,0,0,0,471.9505846091258,486.6815529411762,486.6815529411762,465.264115980077,476.5846265354213,0,0,0,0,-7.278127369055499,,,,,,,465.264115980077,476.5846265354213,0,0,0,0,465.264115980077,476.5846265354213,0,0,0,0,0
1722519000,471.76,475.55,458.81,459.49,131.97017341009368,105.57613872807495,197.9552601151405,,459.49,-15,-10,-15,-25,446.7957854919539,457.60942352941174,457.60942352941174,464.479691309255,473.79548992740246,0,0,0,0,463.5392599709107,485.18564705882335,506.832034146736,473.7931441020186,455.82331257257977,0,0,0,0,454.2121449032717,467.2671788235293,467.2671788235293,464.479691309255,473.79548992740246,0,0,0,0,471.9505846091258,486.6815529411762,486.6815529411762,465.264115980077,476.5846265354213,0,0,0,0,-7.278127369055499,,,,,,,465.264115980077,476.5846265354213,0,0,0,0,465.264115980077,476.5846265354213,0,0,0,0,0
1722533400,459.51,460.62,455.97,459.75,131.97017341009368,105.57613872807495,197.9552601151405,,459.75,-20,-10,-20,-20,447.157512150782,457.31663529411793,457.31663529411793,464.479691309255,473.79548992740246,0,0,0,0,463.5392599709107,485.18564705882335,506.832034146736,473.7931441020186,455.82331257257977,0,0,0,0,452.06760840863166,465.4756047058824,465.4756047058824,464.479691309255,473.79548992740246,0,0,0,0,470.19758777030864,484.82096470588266,484.82096470588266,465.264115980077,476.5846265354213,0,0,0,0,-6.305502744732353,,,,,,,465.264115980077,476.5846265354213,0,0,0,0,465.264115980077,476.5846265354213,0,0,0,0,0
1722605400,450.96,453.57,444.5,446.89,133.47105612317492,106.77684489853993,200.2065841847624,,446.89,-15,-10,-15,-40,445.608511869473,455.57538823529393,455.57538823529393,456.1028765067683,473.79548992740246,0,0,0,0,463.5392599709107,485.18564705882335,506.832034146736,473.7931441020186,455.82331257257977,0,0,0,0,448.5259816120869,462.7717011764706,462.7717011764706,456.1028765067683,473.79548992740246,0,0,0,0,470.19758777030864,484.82096470588266,484.82096470588266,461.21381454637714,476.5846265354213,0,0,0,0,-6.464851468240178,,,,,,,461.21381454637714,476.5846265354213,0,0,0,0,461.21381454637714,476.5846265354213,0,0,0,0,0
1722619800,446.83,449.4,445.97,448.71,133.47105612317492,106.77684489853993,200.2065841847624,,448.71,-20,-35,-45,-75,443.28683316569834,453.5898117647057,453.5898117647057,454.4693169879788,463.3669646289772,0,0,0,0,462.40033584212006,483.9124470588235,483.9124470588235,463.379910496874,455.82331257257977,0,0,0,0,445.4121989569956,460.3391388235294,460.3391388235294,454.4693169879788,463.3669646289772,0,0,0,0,467.30739641680526,482.13767058823527,482.13767058823527,456.74282779306446,476.5846265354213,0,0,0,0,-9.165095960159194,,,,,,,456.74282779306446,476.5846265354213,0,0,0,0,456.74282779306446,476.5846265354213,0,0,0,0,0
1722864600,424.71,442.29,423.48,437.57,118.48924823155623,94.79139858524499,177.73387234733434,,437.57,-15,-25,-25,-65,438.67310947497106,450.13764705882386,450.13764705882386,446.60508006026606,463.3669646289772,0,0,0,0,462.40033584212006,483.9124470588235,483.9124470588235,463.379910496874,455.82331257257977,0,0,0,0,441.05650678312446,457.11514117647044,457.11514117647044,446.60508006026606,463.3669646289772,0,0,0,0,467.30739641680526,482.13767058823527,482.13767058823527,450.9104829507027,476.5846265354213,0,0,0,0,-9.394554611793133,,,,,,,450.9104829507027,476.5846265354213,0,0,0,0,450.9104829507027,476.5846265354213,0,0,0,0,0
1722879000,437.56,439.35,432.73,435.74,118.48924823155623,94.79139858524499,177.73387234733434,,435.74,-20,-40,-45,-85,433.7463081169749,446.4202352941175,446.4202352941175,442.44006227857307,453.194324298336,0,0,0,0,462.40033584212006,483.9124470588235,483.9124470588235,453.201345461383,455.82331257257977,0,0,0,0,436.70805575165537,453.8657788235295,453.8657788235295,442.44006227857307,453.194324298336,0,0,0,0,462.84719960684333,478.42844705882345,478.42844705882345,447.82759131136686,476.5846265354213,0,0,0,0,-19.807101432314333,,,,,,,447.82759131136686,476.5846265354213,0,0,0,0,447.82759131136686,476.5846265354213,0,0,0,0,0
1722951000,437.25,446.24,434.56,445.621,109.87232873374464,87.89786298699572,164.80849310061694,,445.621,-15,-25,-25,-50,431.22421200077105,444.25680705882326,444.25680705882326,442.44006227857307,453.194324298336,0,0,0,0,462.40033584212006,483.9124470588235,483.9124470588235,453.201345461383,455.82331257257977,0,0,0,0,433.62662259146794,451.3766588235298,451.3766588235298,442.44006227857307,453.194324298336,0,0,0,0,462.84719960684333,478.42844705882345,478.42844705882345,447.82759131136686,476.5846265354213,0,0,0,0,-19.807101432314333,,,,,,,447.82759131136686,476.5846265354213,0,0,0,0,447.82759131136686,476.5846265354213,0,0,0,0,0
1722965400,445.64,447.04,439.42,439.6,109.87232873374464,87.89786298699572,164.80849310061694,,439.6,-45,-30,-70,-45,428.55422788894236,441.98814352941207,441.98814352941207,442.44006227857307,453.194324298336,0,0,0,0,460.48816633851334,482.0110117647058,482.0110117647058,453.201345461383,455.82331257257977,0,0,0,0,430.0597521395945,448.57498823529363,448.57498823529363,442.44006227857307,453.194324298336,0,0,0,0,458.9503961244788,475.00809411764703,475.00809411764703,447.82759131136686,476.5846265354213,0,0,0,0,-19.807101432314333,,,,,,,447.82759131136686,476.5846265354213,0,0,0,0,447.82759131136686,476.5846265354213,0,0,0,0,0
1723037400,446.48,449,439.27,440.26,114.17249543302322,91.33799634641858,171.25874314953484,,440.26,-25,-25,-40,-50,426.7798580901019,440.36077411764717,440.36077411764717,442.44006227857307,453.194324298336,0,0,0,0,460.48816633851334,482.0110117647058,482.0110117647058,453.201345461383,455.82331257257977,0,0,0,0,426.77916063495485,445.9629882352941,445.9629882352941,442.44006227857307,453.194324298336,0,0,0,0,458.9503961244788,475.00809411764703,475.00809411764703,447.82759131136686,476.5846265354213,0,0,0,0,-19.807101432314333,,,,,,,447.82759131136686,476.5846265354213,0,0,0,0,447.82759131136686,476.5846265354213,0,0,0,0,0
1723051800,440.28,441.46,434.38,434.84,114.17249543302322,91.33799634641858,171.25874314953484,,434.84,-30,-25,-45,-45,424.51531831822524,438.27328705882354,438.27328705882354,442.44006227857307,453.194324298336,0,0,0,0,460.48816633851334,482.0110117647058,482.0110117647058,453.201345461383,455.82331257257977,0,0,0,0,423.1797597950631,443.1514352941181,443.1514352941181,442.44006227857307,453.194324298336,0,0,0,0,454.616713305977,471.42298823529404,471.42298823529404,447.82759131136686,476.5846265354213,0,0,0,0,-19.807101432314333,,,,,,,447.82759131136686,476.5846265354213,0,0,0,0,447.82759131136686,476.5846265354213,0,0,0,0,0
1723123800,441.05,447.56,437.15,447.55,112.31610733818047,89.85288587054438,168.4741610072707,,447.55,-25,-15,-40,-15,425.2070691136084,438.29803529411765,438.29803529411765,442.44006227857307,453.194324298336,0,0,0,0,460.48816633851334,482.0110117647058,482.0110117647058,453.201345461383,455.82331257257977,0,0,0,0,421.2728243253607,441.52407058823525,441.52407058823525,442.44006227857307,453.194324298336,0,0,0,0,454.616713305977,471.42298823529404,471.42298823529404,447.82759131136686,476.5846265354213,0,0,0,0,-19.807101432314333,,,,,,,447.82759131136686,476.5846265354213,0,0,0,0,447.82759131136686,476.5846265354213,0,0,0,0,0
1723138200,447.57,448.98,445.37,448.19,112.31610733818047,89.85288587054438,168.4741610072707,,448.19,-30,-15,-45,-20,426.7264586309618,438.86668941176504,451.00692019256826,442.44006227857307,453.194324298336,0,0,0,0,459.19739245743034,480.5211764705886,480.5211764705886,453.201345461383,455.82331257257977,0,0,0,0,419.7803181035711,440.1992470588235,440.1992470588235,442.44006227857307,453.194324298336,0,0,0,0,451.93205586572765,468.99432941176434,468.99432941176434,447.82759131136686,476.5846265354213,0,0,0,0,-19.807101432314333,,,,,,,447.82759131136686,476.5846265354213,0,0,0,0,447.82759131136686,476.5846265354213,0,0,0,0,0
1723210200,446.74,451.64,445.61,451.64,125.90179688860336,100.7214375108827,188.85269533290503,,451.64,-15,-15,-15,-15,429.05356004023673,440.06440235294133,451.0752446656459,442.44006227857307,453.194324298336,0,0,0,0,459.19739245743034,480.5211764705886,480.5211764705886,453.201345461383,455.82331257257977,0,0,0,0,419.07012644197994,439.4414588235295,439.4414588235295,442.44006227857307,453.194324298336,0,0,0,0,451.93205586572765,468.99432941176434,468.99432941176434,447.82759131136686,476.5846265354213,0,0,0,0,-19.807101432314333,,,,,,,447.82759131136686,476.5846265354213,0,0,0,0,447.82759131136686,476.5846265354213,0,0,0,0,0
1723224600,451.64,452.05,449.42,450.55,125.90179688860336,100.7214375108827,188.85269533290503,,450.55,-15,-20,-30,0,429.78563602851517,440.50155058823583,451.2174651479565,444.42537112410275,453.194324298336,0,0,0,0,459.19739245743034,480.5211764705886,480.5211764705886,453.201345461383,455.82331257257977,0,0,0,0,418.4133912533877,438.71374117647076,438.71374117647076,444.42537112410275,453.194324298336,0,0,0,0,449.4494331718317,466.64508235294153,466.64508235294153,447.82759131136686,476.5846265354213,0,0,0,0,-18.093734654344882,,,,,,,447.82759131136686,476.5846265354213,0,0,0,0,447.82759131136686,476.5846265354213,0,0,0,0,0
1723469400,451.38,454.38,448.56,451.7,119.73240185915711,95.7859214873257,179.59860278873566,,451.7,-10,-15,-10,15,430.3720416007377,440.9143694117647,451.4566972227917,444.99009040802736,453.194324298336,0,0,0,0,459.19739245743034,480.5211764705886,480.5211764705886,453.201345461383,455.82331257257977,0,0,0,0,418.06780219004685,438.2136000000001,438.2136000000001,444.99009040802736,453.194324298336,0,0,0,0,449.4494331718317,466.64508235294153,466.64508235294153,447.82759131136686,476.5846265354213,0,0,0,0,-18.093734654344882,,,,,,,447.82759131136686,476.5846265354213,0,0,0,0,447.82759131136686,476.5846265354213,0,0,0,0,0
1723483800,451.68,452.12,449.94,451.51,119.73240185915711,95.7859214873257,179.59860278873566,,451.51,-15,-15,-15,10,431.139165310095,441.4564352941175,451.77370527814,445.20625142324803,453.194324298336,0,0,0,0,458.25418631341694,479.44105882352943,479.44105882352943,453.201345461383,455.82331257257977,0,0,0,0,417.88070756733873,437.8216941176473,437.8216941176473,445.20625142324803,453.194324298336,0,0,0,0,446.98997161522914,464.18974117647053,464.18974117647053,447.82759131136686,476.5846265354213,0,0,0,0,-16.41897964158921,,,,,,,447.82759131136686,476.5846265354213,0,0,0,0,447.82759131136686,476.5846265354213,0,0,0,0,0
1723555800,455.86,462.18,455.69,461.73,121.03679156320034,96.82943325056027,181.55518734480052,,461.73,-10,0,-10,35,433.00850935828254,443.2994894117652,453.59046946524785,454.2135025026986,453.194324298336,0,0,0,0,458.25418631341694,479.44105882352943,479.44105882352943,453.201345461383,455.82331257257977,0,0,0,0,418.71367550206986,438.3009411764705,457.8882068508711,454.2135025026986,453.194324298336,0,0,0,0,446.98997161522914,464.18974117647053,464.18974117647053,448.0797541520988,476.5846265354213,0,0,0,0,-1.4090589412550536,,,,,,,448.0797541520988,476.5846265354213,0,0,1,0,448.0797541520988,476.5846265354213,0,0,0,0,0
1723570200,461.76,462.85,460.22,462.59,121.03679156320034,96.82943325056027,181.55518734480052,,462.59,10,-10,10,15,435.3552598398854,445.5800494117646,455.80483898364383,456.9559791987554,453.194324298336,0,0,0,0,458.25418631341694,479.44105882352943,479.44105882352943,453.201345461383,455.82331257257977,0,0,0,0,419.8122974151434,438.9743294117648,458.1363614083862,456.9559791987554,453.194324298336,0,0,0,0,445.5902569289188,462.57084705882346,479.55143718872813,452.9654859983775,476.5846265354213,0,0,0,0,-1.2168423505024832,,,,,,,452.9654859983775,476.5846265354213,0,0,0,0,452.9654859983775,476.5846265354213,0,0,0,0,0
1723642200,463.52,465.1,458.42,462.26,123.62078897244191,98.89663117795354,185.43118345866287,,462.26,-10,-10,-10,0,437.70743537228196,447.9108211764712,458.1142069806604,456.9559791987554,453.194324298336,0,0,0,0,458.25418631341694,479.44105882352943,479.44105882352943,453.201345461383,455.82331257257977,0,0,0,0,421.31779737195086,439.8732941176475,458.42879086334415,456.9559791987554,453.194324298336,0,0,0,0,445.5902569289188,462.57084705882346,479.55143718872813,452.9654859983775,476.5846265354213,0,0,0,0,-1.2168423505024832,,,,,,,452.9654859983775,476.5846265354213,0,0,0,0,452.9654859983775,476.5846265354213,0,0,0,0,0
1723656600,462.27,463.62,461.15,462.81,123.62078897244191,98.89663117795354,185.43118345866287,,462.81,5,-10,5,30,440.16800391067517,450.2881105882353,460.4082172657955,457.12381356454745,453.194324298336,0,0,0,0,458.3543436463109,479.5040941176472,479.5040941176472,453.201345461383,455.82331257257977,0,0,0,0,423.0995618324815,440.94924705882397,458.7989322851664,457.12381356454745,453.194324298336,0,0,0,0,444.21900894704464,461.0324705882351,477.8459322294256,454.2753425190091,476.5846265354213,0,0,0,0,-1.1653094046322356,,,,,,,454.2753425190091,476.5846265354213,0,0,0,0,454.2753425190091,476.5846265354213,0,0,0,0,0
1723728600,468.76,474,468.4,473.35,119.68731593238289,95.74985274590631,179.53097389857433,,473.35,10,-10,10,35,443.67619533397067,454.3162000000003,464.95620466603,467.7323698592271,453.194324298336,0,0,0,0,458.3543436463109,479.5040941176472,479.5040941176472,453.201345461383,455.82331257257977,0,0,0,0,425.08059999335063,442.5477882352943,460.014976477238,467.7323698592271,453.194324298336,0,0,0,0,444.21900894704464,461.0324705882351,477.8459322294256,461.21710376765134,476.5846265354213,0,0,0,0,-0.8922036094280582,,,,,,,461.21710376765134,476.5846265354213,0,0,0,0,461.21710376765134,476.5846265354213,0,0,0,0,0
1723743000,473.35,474.82,473.35,474.45,119.68731593238289,95.74985274590631,179.53097389857433,,474.45,5,15,30,70,446.59493640939803,457.99085411764753,469.38677182589703,469.38770666433356,457.7595982391723,0,0,0,0,458.3543436463109,479.5040941176472,479.5040941176472,457.7973279088918,455.82331257257977,0,0,0,0,427.1027614092834,444.2233647058823,461.34396800248123,469.38770666433356,457.7595982391723,0,0,0,0,443.8202584336915,460.42879999999997,477.03734156630844,466.5751677842477,476.5846265354213,0,0,0,0,8.07894764048911,,,,,,,466.5751677842477,476.5846265354213,0,0,0,0,466.5751677842477,476.5846265354213,0,0,0,0,0
1723815000,472.62,476.42,471.65,475.86,117.30629874024305,93.84503899219445,175.95944811036458,,475.86,10,0,20,45,449.38671196454357,461.48473176470566,473.58275156486775,469.38770666433356,457.7595982391723,0,0,0,0,458.3543436463109,479.5040941176472,479.5040941176472,457.7973279088918,455.82331257257977,0,0,0,0,429.72798045807093,446.29061176470617,462.8532430713414,469.38770666433356,457.7595982391723,0,0,0,0,443.8202584336915,460.42879999999997,477.03734156630844,466.5751677842477,476.5846265354213,0,0,0,0,8.07894764048911,,,,,,,466.5751677842477,476.5846265354213,0,0,0,0,466.5751677842477,476.5846265354213,0,0,0,0,0
1723829400,475.85,476.08,474.28,475.02,117.30629874024305,93.84503899219445,175.95944811036458,,475.02,5,15,30,70,453.5470599588377,465.93115058823565,478.3152412176336,471.02550712155283,461.44819836494565,0,0,0,0,459.2085610657326,480.43811764705913,501.66767422838564,461.463947343971,455.82331257257977,0,0,0,0,432.1430922246973,448.22369411764726,464.3042960105972,471.02550712155283,461.44819836494565,0,0,0,0,443.6382478911502,460.19171764705885,476.74518740296753,467.99348650784617,476.5846265354213,0,0,0,0,9.140241366460804,,,,,,,467.99348650784617,476.5846265354213,0,0,0,0,467.99348650784617,476.5846265354213,0,0,0,0,0
1724074200,475.17,477.56,473.37,477.27,119.13421277501409,95.30737022001128,178.70131916252114,,477.27,10,20,20,60,457.8482812915401,470.6245623529413,483.40084341434255,472.13310828937733,461.44819836494565,0,0,0,0,459.2085610657326,480.43811764705913,501.66767422838564,461.463947343971,455.82331257257977,0,0,0,0,434.89916292609087,450.44221176470603,465.9852606033212,472.13310828937733,461.44819836494565,0,0,0,0,443.6382478911502,460.19171764705885,476.74518740296753,467.99348650784617,476.5846265354213,0,0,0,0,9.140241366460804,,,,,,,467.99348650784617,476.5846265354213,0,0,0,0,467.99348650784617,476.5846265354213,0,0,0,0,0
1724088600,477.3,481.31,477.1,481.27,119.13421277501409,95.30737022001128,178.70131916252114,,481.27,15,40,40,70,461.5183773525348,475.16083529411753,488.80329323570027,475.71339439237136,463.32975562459245,0,0,0,0,459.2085610657326,480.43811764705913,501.66767422838564,463.3443796765445,455.82331257257977,0,0,0,0,437.9335203942147,453.0037176470588,468.0739148999029,475.71339439237136,463.32975562459245,0,0,0,0,443.8787212018399,460.4056941176471,476.9326670334543,471.10086336645924,476.5846265354213,0,0,0,0,9.778162337560648,,,,,,,471.10086336645924,476.5846265354213,0,0,0,0,471.10086336645924,476.5846265354213,0,0,0,0,0
1724160600,480.35,482.92,478.55,479.62,121.23117514098956,96.98494011279166,181.84676271148436,,479.62,10,20,20,45,464.7126391255716,479.14019058823544,493.56774205089926,475.71339439237136,463.32975562459245,0,0,0,0,459.2085610657326,480.43811764705913,501.66767422838564,463.3443796765445,455.82331257257977,0,0,0,0,440.7784871987502,455.3973011764706,470.01611515419097,475.71339439237136,463.32975562459245,0,0,0,0,443.8787212018399,460.4056941176471,476.9326670334543,472.667230268855,476.5846265354213,0,0,0,0,9.839787026618337,,,,,,,472.667230268855,476.5846265354213,0,0,0,0,472.667230268855,476.5846265354213,0,0,0,0,0
1724175000,479.65,481.54,479.35,480.21,121.23117514098956,96.98494011279166,181.84676271148436,,480.21,20,35,65,75,466.9922060334549,482.0127694117649,497.0333327900749,476.95532765619834,468.91334450855015,0,0,0,0,460.32109471576297,481.709811764706,503.098528813649,468.9283525567913,455.82331257257977,0,0,0,0,443.8881950200764,457.95485176470595,472.0215085093355,476.95532765619834,468.91334450855015,0,0,0,0,444.0036886824109,460.4827294117649,476.96177014111896,473.73099953536536,476.5846265354213,0,0,0,0,11.4129259525181,,,11.4129259525181,,,,473.73099953536536,476.5846265354213,0,0,0,0,473.73099953536536,476.5846265354213,0,0,0,0,0
1724247000,481.05,484.37,479.33,481.34,120.37273597493264,96.29818877994612,180.55910396239895,,481.34,15,20,25,40,469.29885089267356,484.8899364705884,500.48102204850323,476.95532765619834,468.91334450855015,0,0,0,0,460.32109471576297,481.709811764706,503.098528813649,468.9283525567913,455.82331257257977,0,0,0,0,446.0889708494927,460.10819058823586,474.12741032697903,476.95532765619834,468.91334450855015,0,0,0,0,444.0036886824109,460.4827294117649,476.96177014111896,473.7523567114107,476.5846265354213,0,0,0,0,11.413766195842273,,,,,,,473.7523567114107,476.5846265354213,0,0,0,0,473.7523567114107,476.5846265354213,0,0,0,0,0
1724261400,481.36,483.66,480.75,482.58,120.37273597493264,96.29818877994612,180.55910396239895,,482.58,20,35,45,75,471.0752928739035,486.6640917647057,502.2528906555079,478.27561805468247,470.0109627579394,0,0,0,0,460.32109471576297,481.709811764706,503.098528813649,470.03561308844905,455.82331257257977,0,0,0,0,448.26961097111,462.30922352941184,476.34883608771366,478.27561805468247,470.0109627579394,0,0,0,0,444.30120986455273,460.76778823529435,477.23436660603596,475.36290266059564,476.5846265354213,0,0,0,0,11.780772014540716,,,,,,,475.36290266059564,476.5846265354213,0,0,1,0,475.36290266059564,476.5846265354213,0,0,0,0,0
1724333400,484.83,485.54,476.81,477.91,124.78816223641077,99.83052978912862,187.18224335461616,,477.91,15,0,25,40,472.27887024448023,487.3547176470587,502.43056504963715,478.27561805468247,470.0109627579394,0,0,0,0,460.32109471576297,481.709811764706,503.098528813649,470.03561308844905,455.82331257257977,0,0,0,0,450.05999795760766,464.06103294117673,478.0620679247458,478.27561805468247,470.0109627579394,0,0,0,0,444.30120986455273,460.76778823529435,477.23436660603596,475.36290266059564,476.5846265354213,0,0,0,0,11.780772014540716,,,,,,,475.36290266059564,476.5846265354213,0,0,0,0,475.36290266059564,476.5846265354213,0,0,0,0,0
1724347800,477.89,478.07,473.82,474.83,124.78816223641077,99.83052978912862,187.18224335461616,,474.83,10,5,5,20,472.9021603833894,487.5836894117646,502.26521844013985,478.27561805468247,470.0109627579394,0,0,0,0,461.0525914253389,482.4828705882356,503.91314975113227,470.03561308844905,455.82331257257977,0,0,0,0,451.66672284302507,465.5742776470587,479.4818324510923,478.27561805468247,470.0109627579394,0,0,0,0,444.1036622579508,460.5448705882355,476.98607891852015,475.36290266059564,476.5846265354213,0,0,0,0,11.024560837850903,,,,,,,475.36290266059564,476.5846265354213,0,0,1,0,475.36290266059564,476.5846265354213,0,0,0,0,0
1724419800,479.23,482.73,475.28,478.5,123.18735676579787,98.5498854126383,184.78103514869682,,478.5,10,10,10,10,473.83944796347515,488.06996705882335,502.30048615417155,478.27561805468247,470.0109627579394,0,0,0,0,461.0525914253389,482.4828705882356,503.91314975113227,470.03561308844905,455.82331257257977,0,0,0,0,453.21733037348815,467.1937105882354,481.1700908029826,478.27561805468247,470.0109627579394,0,0,0,0,444.1036622579508,460.5448705882355,476.98607891852015,475.36290266059564,476.5846265354213,0,0,0,0,11.024560837850903,,,,,,,475.36290266059564,476.5846265354213,0,0,0,0,475.36290266059564,476.5846265354213,0,0,0,0,0
1724434200,478.49,480.53,477.99,480.03,123.18735676579787,98.5498854126383,184.78103514869682,,480.03,15,10,15,15,474.76973392734504,488.53810352941156,502.30647313147807,478.27561805468247,470.0109627579394,0,0,0,0,461.0525914253389,482.4828705882356,503.91314975113227,470.03561308844905,455.82331257257977,0,0,0,0,454.8656735194215,468.9381552941176,483.01063706881376,478.27561805468247,470.0109627579394,0,0,0,0,444.4922788664928,460.95096470588237,477.4096505452719,475.36290266059564,476.5846265354213,0,0,0,0,10.421264670134274,,,,,,,475.36290266059564,476.5846265354213,0,0,0,0,475.36290266059564,476.5846265354213,0,0,0,0,0
1724679000,479.45,480.38,473.24,475.37,131.20346002684974,104.9627680214798,196.80519004027462,,475.37,0,-10,0,0,474.99887240053954,487.35654588235263,487.35654588235263,478.27561805468247,470.0109627579394,0,0,0,0,461.0525914253389,482.4828705882356,503.91314975113227,470.03561308844905,455.82331257257977,0,0,0,0,456.63845112599705,470.5730470588235,484.5076429916499,478.27561805468247,470.0109627579394,0,0,0,0,444.4922788664928,460.95096470588237,477.4096505452719,475.36290266059564,476.5846265354213,0,0,0,0,10.421264670134274,,,,,,,475.36290266059564,476.5846265354213,0,0,1,0,475.36290266059564,476.5846265354213,0,0,0,0,0
1724693400,475.36,476.08,473.45,475.35,131.20346002684974,104.9627680214798,196.80519004027462,,475.35,15,-10,15,15,475.0216921472507,486.5706823529413,486.5706823529413,478.27561805468247,470.0109627579394,0,0,0,0,461.68937907796607,483.109623529412,504.5298679808579,470.03561308844905,455.82331257257977,0,0,0,0,458.4633148267435,472.2427388235293,486.0221628203151,478.27561805468247,470.0109627579394,0,0,0,0,444.62786650808476,461.08425882353,477.5406511389752,475.36290266059564,476.5846265354213,0,0,0,0,10.11186315192965,,,,,,,475.36290266059564,476.5846265354213,0,0,0,0,475.36290266059564,476.5846265354213,0,0,0,0,0
1724765400,473.69,477.84,471.71,477.231,128.3336200296013,102.66689602368103,192.50043004440192,,477.231,10,-10,10,10,475.1440495620811,485.8228729411769,496.50169632027274,478.27561805468247,470.0109627579394,0,0,0,0,461.68937907796607,483.109623529412,504.5298679808579,470.03561308844905,455.82331257257977,0,0,0,0,460.3614920610439,474.0413317647063,487.72117146836865,478.27561805468247,470.0109627579394,0,0,0,0,444.62786650808476,461.08425882353,477.5406511389752,475.36290266059564,476.5846265354213,0,0,0,0,10.11186315192965,,,,,,,475.36290266059564,476.5846265354213,0,0,0,0,475.36290266059564,476.5846265354213,0,0,0,0,0
1724779800,477.26,477.79,476.32,476.81,128.3336200296013,102.66689602368103,192.50043004440192,,476.81,15,-5,15,15,475.185208085645,485.0241811764706,494.86315426729624,478.27561805468247,470.0109627579394,0,0,0,0,461.68937907796607,483.109623529412,504.5298679808579,470.03561308844905,455.82331257257977,0,0,0,0,462.18722831766354,475.7812800000001,489.37533168233665,478.27561805468247,470.0109627579394,0,0,0,0,444.98336497225944,461.4298588235298,477.87635267480016,475.36290266059564,476.5846265354213,0,0,0,0,9.1930905607366,,,,,,,475.36290266059564,476.5846265354213,0,0,0,0,475.36290266059564,476.5846265354213,0,0,0,0,0
1724851800,476.26,477.02,469.35,471.54,121.19058285045074,96.9524662803606,181.78587427567612,,471.54,10,-10,10,-5,474.31550107762945,483.14770117647055,483.14770117647055,475.8485472692978,470.0109627579394,0,0,0,0,461.68937907796607,483.109623529412,504.5298679808579,470.03561308844905,455.82331257257977,0,0,0,0,462.93523924218846,476.57014588235273,476.57014588235273,475.8485472692978,470.0109627579394,0,0,0,0,444.98336497225944,461.4298588235298,477.87635267480016,475.36290266059564,476.5846265354213,0,0,0,0,9.1930905607366,,,,,,,475.36290266059564,476.5846265354213,0,0,1,0,475.36290266059564,476.5846265354213,0,0,0,0,0
1724866200,471.525,472.77,467.89,471.28,121.19058285045074,96.9524662803606,181.78587427567612,,471.28,15,-10,15,0,473.55195397547976,481.25656235294105,481.25656235294105,475.82436532149086,470.0109627579394,0,0,0,0,461.97201767250283,483.2831529411769,504.594288209851,470.03561308844905,455.82331257257977,0,0,0,0,463.5078516070922,477.18814117647065,477.18814117647065,475.82436532149086,470.0109627579394,0,0,0,0,445.2119200315335,461.59590588235335,477.9798917331732,475.36290266059564,476.5846265354213,0,0,0,0,9.010904749735307,,,,,,,475.36290266059564,476.5846265354213,0,0,0,0,475.36290266059564,476.5846265354213,0,0,0,0,0
1724938200,473.28,477.93,472.78,476.14,120.38697752375462,96.3095820190037,180.58046628563193,,476.14,10,-10,10,10,473.61998335909885,479.8527411764707,486.0854989938426,475.82436532149086,470.0109627579394,0,0,0,0,461.97201767250283,483.2831529411769,504.594288209851,470.03561308844905,455.82331257257977,0,0,0,0,464.4344983581064,478.22801882352917,492.02153928895194,475.82436532149086,470.0109627579394,0,0,0,0,445.2119200315335,461.59590588235335,477.9798917331732,475.36290266059564,476.5846265354213,0,0,0,0,9.010904749735307,,,,,,,475.36290266059564,476.5846265354213,0,0,0,0,475.36290266059564,476.5846265354213,0,0,0,0,0
1724952600,476.15,476.59,469.38,470.69,120.38697752375462,96.3095820190037,180.58046628563193,,470.69,15,-10,15,15,472.5459778285871,478.14854352941177,478.14854352941177,475.82436532149086,470.0109627579394,0,0,0,0,461.97201767250283,483.2831529411769,504.594288209851,470.03561308844905,455.82331257257977,0,0,0,0,464.7462340131443,478.55111999999974,478.55111999999974,475.82436532149086,470.0109627579394,0,0,0,0,445.42947386941466,461.7466352941178,478.063796718821,475.36290266059564,476.5846265354213,0,0,0,0,9.010904749735307,,,,,,,475.36290266059564,476.5846265354213,0,0,0,0,475.36290266059564,476.5846265354213,0,0,0,0,0
1725024600,475.05,476.72,470.52,472.77,121.0687454255116,96.85499634040929,181.6031181382674,,472.77,10,-10,10,10,471.7917893409883,476.7738047058827,476.7738047058827,475.82436532149086,470.0109627579394,0,0,0,0,461.97201767250283,483.2831529411769,504.594288209851,470.03561308844905,455.82331257257977,0,0,0,0,465.4480093502729,479.30603294117634,493.16405653207977,475.82436532149086,470.0109627579394,0,0,0,0,445.42947386941466,461.7466352941178,478.063796718821,475.36290266059564,476.5846265354213,0,0,0,0,9.010904749735307,,,,,,,475.36290266059564,476.5846265354213,0,0,0,0,475.36290266059564,476.5846265354213,0,0,0,0,0
1725039000,472.78,476.9,472.05,476.39,121.0687454255116,96.85499634040929,181.6031181382674,,476.39,15,-5,15,15,471.54872211234346,475.7972541176466,480.0457861229498,475.82436532149086,470.0109627579394,0,0,0,0,462.5599627543216,483.83644705882364,505.1129313633257,470.03561308844905,455.82331257257977,0,0,0,0,466.2531139082802,480.2162635294116,494.179413150543,475.82436532149086,470.0109627579394,0,0,0,0,445.9316177035642,462.2176000000002,478.50358229643615,475.36290266059564,476.5846265354213,0,0,0,0,9.010904749735307,,,,,,,475.36290266059564,476.5846265354213,0,0,0,0,475.36290266059564,476.5846265354213,0,0,0,0,0
1725370200,473.18,473.33,464.67,465.75,120.57789248886957,96.46231399109566,180.86683873330435,,465.75,10,-10,10,-15,469.38592720740957,473.1807741176467,473.1807741176467,471.15721724364556,470.0109627579394,0,0,0,0,462.5599627543216,483.83644705882364,505.1129313633257,470.03561308844905,455.82331257257977,0,0,0,0,466.38623699076715,480.35042352941167,480.35042352941167,471.15721724364556,470.0109627579394,0,0,0,0,445.9316177035642,462.2176000000002,478.50358229643615,475.36290266059564,476.5846265354213,0,0,0,0,9.010904749735307,,,,,,,475.36290266059564,476.5846265354213,0,0,0,0,475.36290266059564,476.5846265354213,0,0,0,0,0
1725384600,465.75,465.86,459.44,461.85,120.57789248886957,96.46231399109566,180.86683873330435,,461.85,5,-10,5,-40,466.1675380276713,470.80307058823513,470.80307058823513,466.6396924192658,470.0109627579394,0,0,0,0,462.5599627543216,483.83644705882364,505.1129313633257,470.03561308844905,455.82331257257977,0,0,0,0,466.16397120523584,480.1324894117646,480.1324894117646,466.6396924192658,470.0109627579394,0,0,0,0,445.1784737362469,461.526423529412,461.526423529412,471.85609378637974,476.5846265354213,0,0,0,0,-6.127061652726189,,,,,,,471.85609378637974,476.5846265354213,0,0,0,0,471.85609378637974,476.5846265354213,0,0,0,0,0
1725456600,458.67,464.45,457.74,462.18,117.16334222069673,93.7306737765574,175.7450133310451,,462.18,10,-10,10,0,463.3111747411919,468.6452964705882,468.6452964705882,466.6396924192658,470.0109627579394,0,0,0,0,462.5599627543216,483.83644705882364,505.1129313633257,470.03561308844905,455.82331257257977,0,0,0,0,465.7293163752384,479.65888470588243,479.65888470588243,466.6396924192658,470.0109627579394,0,0,0,0,445.1784737362469,461.526423529412,461.526423529412,470.4970870873526,476.5846265354213,0,0,0,0,-6.1805282863270214,,,,,,,470.4970870873526,476.5846265354213,0,0,0,0,470.4970870873526,476.5846265354213,0,0,0,0,0
1725471000,462.19,462.57,459.4,460.59,117.16334222069673,93.7306737765574,175.7450133310451,,460.59,5,-10,5,-20,460.38138524302747,466.40775764705927,466.40775764705927,465.963413816812,470.0109627579394,0,0,0,0,462.05537215124974,483.2192941176473,483.2192941176473,470.03561308844905,455.82331257257977,0,0,0,0,465.17133241159877,479.0753270588241,479.0753270588241,465.963413816812,470.0109627579394,0,0,0,0,444.08849001259375,460.53649411764707,460.53649411764707,468.4115808668274,476.5846265354213,0,0,0,0,-6.262577180600243,,,,,,,468.4115808668274,476.5846265354213,0,0,0,0,468.4115808668274,476.5846265354213,0,0,0,0,0
1725543000,458.97,465.36,457.93,459.12,118.13859253858949,94.5108740308716,177.20788880788425,,459.12,-20,-10,-20,-45,457.2955890936506,464.0551835294116,464.0551835294116,464.85029048490424,470.0109627579394,0,0,0,0,462.05537215124974,483.2192941176473,483.2192941176473,470.03561308844905,455.82331257257977,0,0,0,0,464.9534243996212,478.85842823529424,478.85842823529424,464.85029048490424,470.0109627579394,0,0,0,0,444.08849001259375,460.53649411764707,460.53649411764707,468.4115808668274,476.5846265354213,0,0,0,0,-6.262577180600243,,,,,,,468.4115808668274,476.5846265354213,0,0,0,0,468.4115808668274,476.5846265354213,0,0,0,0,0
1725557400,459.08,462.72,459.04,461.13,118.13859253858949,94.5108740308716,177.20788880788425,,461.13,5,-15,5,-5,455.156655008733,462.3352635294121,462.3352635294121,464.85029048490424,470.0109627579394,0,0,0,0,462.05537215124974,483.2192941176473,483.2192941176473,470.03561308844905,455.82331257257977,0,0,0,0,465.00475766311513,478.88258823529395,478.88258823529395,464.85029048490424,470.0109627579394,0,0,0,0,443.3155489276428,459.82816470588244,459.82816470588244,468.4115808668274,476.5846265354213,0,0,0,0,-6.262577180600243,,,,,,,468.4115808668274,476.5846265354213,0,0,0,0,468.4115808668274,476.5846265354213,0,0,0,0,0
1725629400,460.33,461.21,448.19,449.7,114.44819188414573,91.55855350731659,171.6722878262186,,449.7,-20,-10,-20,-45,450.991155142502,459.3468588235295,459.3468588235295,455.4068090519406,470.0109627579394,0,0,0,0,462.05537215124974,483.2192941176473,483.2192941176473,470.03561308844905,455.82331257257977,0,0,0,0,463.56900825140724,477.5790541176468,477.5790541176468,455.4068090519406,470.0109627579394,0,0,0,0,443.3155489276428,459.82816470588244,459.82816470588244,467.518783952048,476.5846265354213,0,0,0,0,-6.29770198576613,,,,,,,467.518783952048,476.5846265354213,0,0,0,0,467.518783952048,476.5846265354213,0,0,0,0,0
1725643800,449.69,450.7,448.24,448.87,114.44819188414573,91.55855350731659,171.6722878262186,,448.87,-15,-10,-15,-40,447.24588785782163,456.53497176470614,456.53497176470614,454.72597311111207,470.0109627579394,0,0,0,0,460.2619667926115,481.0683294117648,481.0683294117648,470.03561308844905,455.82331257257977,0,0,0,0,462.0877716275103,476.24450823529395,476.24450823529395,454.72597311111207,470.0109627579394,0,0,0,0,441.42374801038096,458.2436470588239,458.2436470588239,456.73387081261603,476.5846265354213,0,0,0,0,-6.722006736916805,,,,,,,456.73387081261603,476.5846265354213,0,0,0,0,456.73387081261603,476.5846265354213,0,0,0,0,0
1725888600,453.07,455.46,449.84,455.1,111.72123020376061,89.3769841630085,167.5818453056409,,455.1,-10,-15,-10,-20,444.9686010510508,454.65390823529447,454.65390823529447,454.72597311111207,470.0109627579394,0,0,0,0,460.2619667926115,481.0683294117648,481.0683294117648,470.03561308844905,455.82331257257977,0,0,0,0,460.8972102529992,474.9049035294116,474.9049035294116,454.72597311111207,470.0109627579394,0,0,0,0,441.42374801038096,458.2436470588239,458.2436470588239,456.73387081261603,476.5846265354213,0,0,0,0,-6.722006736916805,,,,,,,456.73387081261603,476.5846265354213,0,0,0,0,456.73387081261603,476.5846265354213,0,0,0,0,0
1725903000,455.08,455.08,451.56,454.52,111.72123020376061,89.3769841630085,167.5818453056409,,454.52,-15,-40,-60,-65,443.36894041174327,453.21700941176516,453.21700941176516,454.72597311111207,464.60835794762164,0,0,0,0,460.2619667926115,481.0683294117648,481.0683294117648,464.5927490842558,455.82331257257977,0,0,0,0,459.66848210815226,473.57374588235314,473.57374588235314,454.72597311111207,464.60835794762164,0,0,0,0,440.2830906435398,457.23129411764745,457.23129411764745,456.73387081261603,476.5846265354213,0,0,0,0,-8.21459823401323,,,,,,,456.73387081261603,476.5846265354213,0,0,0,0,456.73387081261603,476.5846265354213,0,0,0,0,0
1725975000,456.24,457.82,452.25,456.01,116.23083671070397,92.98466936856317,174.34625506605596,,456.01,-10,-25,-20,-45,442.7251770009463,452.4523694117647,452.4523694117647,454.72597311111207,464.60835794762164,0,0,0,0,460.2619667926115,481.0683294117648,481.0683294117648,464.5927490842558,455.82331257257977,0,0,0,0,458.4623373574694,471.89901176470573,471.89901176470573,454.72597311111207,464.60835794762164,0,0,0,0,440.2830906435398,457.23129411764745,457.23129411764745,456.73387081261603,476.5846265354213,0,0,0,0,-8.21459823401323,,,,,,,456.73387081261603,476.5846265354213,0,0,0,0,456.73387081261603,476.5846265354213,0,0,0,0,0
1725989400,456,459.16,455.87,458.64,116.23083671070397,92.98466936856317,174.34625506605596,,458.64,5,-15,-5,-20,442.4667846494087,452.04434117647077,452.04434117647077,454.72597311111207,464.60835794762164,0,0,0,0,459.2564882078944,479.4412235294122,479.4412235294122,464.5927490842558,455.82331257257977,0,0,0,0,457.4814300983639,470.3119011764704,470.3119011764704,454.72597311111207,464.60835794762164,0,0,0,0,439.49658260983364,456.50894117647096,456.50894117647096,456.73387081261603,476.5846265354213,0,0,0,0,-8.21459823401323,,,,,,,456.73387081261603,476.5846265354213,0,0,0,0,456.73387081261603,476.5846265354213,0,0,0,0,0
1726061400,459.9,462.1,451.28,461.84,117.49297787349404,93.99438229879524,176.23946681024105,,461.84,10,-20,0,-15,441.81897473036867,451.41584235294135,461.01270997551404,454.72597311111207,464.60835794762164,0,0,0,0,459.2564882078944,479.4412235294122,479.4412235294122,464.5927490842558,455.82331257257977,0,0,0,0,456.7713842364185,469.3146188235296,469.3146188235296,454.72597311111207,464.60835794762164,0,0,0,0,439.49658260983364,456.50894117647096,456.50894117647096,456.73387081261603,476.5846265354213,0,0,0,0,-8.21459823401323,,,,,,,456.73387081261603,476.5846265354213,0,0,0,0,456.73387081261603,476.5846265354213,0,0,0,0,0
1726075800,461.87,469.37,461.74,468.3,117.49297787349404,93.99438229879524,176.23946681024105,,468.3,15,-20,5,15,443.48726330973193,452.72501411764716,461.9627649255624,461.89731071632247,464.60835794762164,0,0,0,0,459.2564882078944,479.4412235294122,479.4412235294122,464.5927490842558,455.82331257257977,0,0,0,0,456.53275840696085,468.539934117647,480.5471098283332,461.89731071632247,464.60835794762164,0,0,0,0,439.77169611927235,456.72047058823557,473.6692450571988,456.73387081261603,476.5846265354213,0,0,0,0,-8.21459823401323,,,,,,,456.73387081261603,476.5846265354213,0,0,0,0,456.73387081261603,476.5846265354213,0,0,0,0,0
1726147800,468.65,472.5,466.85,472.16,116.8494737058995,93.47957896471961,175.27421055884923,,472.16,10,-10,10,35,445.8644643655877,454.6895505882351,463.51463681088245,464.0073240360128,464.60835794762164,0,0,0,0,459.2564882078944,479.4412235294122,479.4412235294122,464.5927490842558,455.82331257257977,0,0,0,0,456.5497390668962,468.023837647059,479.49793622722177,464.0073240360128,464.60835794762164,0,0,0,0,439.77169611927235,456.72047058823557,473.6692450571988,460.72197705209345,476.5846265354213,0,0,0,0,-8.057696420931679,,,,,,,460.72197705209345,476.5846265354213,0,0,0,0,460.72197705209345,476.5846265354213,0,0,0,0,0
1726162200,472.17,474.04,471.03,473.28,116.8494737058995,93.47957896471961,175.27421055884923,,473.28,15,-10,15,60,448.0227134829531,456.751169411765,465.47962534057683,468.2094783779906,464.60835794762164,0,0,0,0,459.3474260692791,478.4198352941177,497.49224451895634,464.5927490842558,455.82331257257977,0,0,0,0,456.71115356083817,467.30284705882326,477.89454055680835,468.2094783779906,464.60835794762164,0,0,0,0,440.7234803564497,457.5228705882355,474.32226082002126,465.12469297694383,476.5846265354213,0,0,0,0,7.115517147015438,,,,,,,465.12469297694383,476.5846265354213,0,0,0,0,465.12469297694383,476.5846265354213,0,0,0,0,0
1726234200,472.5,476.3,472.22,476.219,118.51452569646267,94.81162055717014,177.771788544694,,476.219,10,-10,10,35,450.44122574581183,459.19120470588246,467.9411836659531,470.30577472387967,464.60835794762164,0,0,0,0,459.3474260692791,478.4198352941177,497.49224451895634,464.5927490842558,455.82331257257977,0,0,0,0,456.9389159336608,467.2280141176469,477.51711230163306,470.30577472387967,464.60835794762164,0,0,0,0,440.7234803564497,457.5228705882355,474.32226082002126,466.44507205001935,476.5846265354213,0,0,0,0,7.167464075728057,,,,,,,466.44507205001935,476.5846265354213,0,0,0,0,466.44507205001935,476.5846265354213,0,0,0,0,0
1726248600,476.19,476.53,474.5,475.38,118.51452569646267,94.81162055717014,177.771788544694,,475.38,15,-5,15,40,453.01235229741326,461.69508000000013,470.377807702587,471.339877185386,464.60835794762164,0,0,0,0,459.3474260692791,478.4198352941177,497.49224451895634,464.5927490842558,455.82331257257977,0,0,0,0,457.08840129038,467.04617882352926,477.00395635667854,471.339877185386,464.60835794762164,0,0,0,0,442.1213936092125,458.68465882352956,475.24792403784664,468.99256690358936,476.5846265354213,0,0,0,0,7.267688728066665,,,,,,,468.99256690358936,476.5846265354213,0,0,0,0,468.99256690358936,476.5846265354213,0,0,0,0,0
1726493400,473.19,473.85,469.89,471.98,120.60361543164058,96.48289234531246,180.90542314746085,,471.98,0,-10,0,10,455.22122128867625,463.69388470588274,472.1665481230892,471.339877185386,464.60835794762164,0,0,0,0,459.3474260692791,478.4198352941177,497.49224451895634,464.5927490842558,455.82331257257977,0,0,0,0,456.9907331396968,466.67436705882363,476.3580009779505,471.339877185386,464.60835794762164,0,0,0,0,442.1213936092125,458.68465882352956,475.24792403784664,468.99256690358936,476.5846265354213,0,0,0,0,7.267688728066665,,,,,,,468.99256690358936,476.5846265354213,0,0,0,0,468.99256690358936,476.5846265354213,0,0,0,0,0
1726507800,471.99,473.56,471.93,473.24,120.60361543164058,96.48289234531246,180.90542314746085,,473.24,15,-10,15,25,456.88641958266396,465.4241011764705,473.96178277027707,471.339877185386,464.60835794762164,0,0,0,0,459.35291456525454,477.6789882352948,496.0050619053351,464.5927490842558,455.82331257257977,0,0,0,0,456.9573172902087,466.3089317647061,475.6605462392034,471.339877185386,464.60835794762164,0,0,0,0,443.7664538521854,459.9251294117647,476.083804971344,468.99256690358936,476.5846265354213,0,0,0,0,8.16324362632452,,,,,,,468.99256690358936,476.5846265354213,0,0,0,0,468.99256690358936,476.5846265354213,0,0,0,0,0
1726579800,476.3,477.59,471.53,473.439,118.66727213643962,94.9338177091517,178.00090820465942,,473.439,10,-10,10,20,458.7768977303414,467.4203105882353,476.0637234461292,471.339877185386,464.60835794762164,0,0,0,0,459.35291456525454,477.6789882352948,496.0050619053351,464.5927490842558,455.82331257257977,0,0,0,0,456.91841582826993,465.95156000000014,474.98470417173036,471.339877185386,464.60835794762164,0,0,0,0,443.7664538521854,459.9251294117647,476.083804971344,468.99256690358936,476.5846265354213,0,0,0,0,8.16324362632452,,,,,,,468.99256690358936,476.5846265354213,0,0,0,0,468.99256690358936,476.5846265354213,0,0,0,0,0
1726594200,473.4,473.83,470.97,473.49,118.66727213643962,94.9338177091517,178.00090820465942,,473.49,15,-10,15,15,461.0579758891923,469.5612847058826,478.0645935225729,471.339877185386,464.60835794762164,0,0,0,0,459.35291456525454,477.6789882352948,496.0050619053351,464.5927490842558,455.82331257257977,0,0,0,0,456.86574194653485,465.5393976470589,474.2130533475829,471.339877185386,464.60835794762164,0,0,0,0,445.59543187320133,461.28614117647044,476.97685047973954,468.99256690358936,476.5846265354213,0,0,0,0,8.16324362632452,,,,,,,468.99256690358936,476.5846265354213,0,0,0,0,468.99256690358936,476.5846265354213,0,0,0,0,0
1726666200,474.7,474.82,471.25,474.1,123.00854699294308,98.40683759435447,184.51282048941462,,474.1,10,-10,10,10,462.7617933753803,471.3593411764706,479.9568889775609,471.339877185386,464.60835794762164,0,0,0,0,459.35291456525454,477.6789882352948,496.0050619053351,464.5927490842558,455.82331257257977,0,0,0,0,456.9201006569228,465.531682352941,474.1432640489592,471.339877185386,464.60835794762164,0,0,0,0,445.59543187320133,461.28614117647044,476.97685047973954,468.99256690358936,476.5846265354213,0,0,0,0,8.16324362632452,,,,,,,468.99256690358936,476.5846265354213,0,0,0,0,468.99256690358936,476.5846265354213,0,0,0,0,0
1726680600,474.1,478.83,470.83,471.32,123.00854699294308,98.40683759435447,184.51282048941462,,471.32,15,-10,15,15,464.60247333230865,473.2256329411768,481.84879255004495,471.339877185386,464.60835794762164,0,0,0,0,459.2087608796248,476.66023529411797,494.11170970861116,464.5927490842558,455.82331257257977,0,0,0,0,456.76979697282314,465.31340235294124,473.85700773305933,471.339877185386,464.60835794762164,0,0,0,0,447.3932782368634,462.5612941176472,477.729309998431,468.99256690358936,476.5846265354213,0,0,0,0,8.16324362632452,,,,,,,468.99256690358936,476.5846265354213,0,0,0,0,468.99256690358936,476.5846265354213,0,0,0,0,0
1726752600,482.61,485.54,480.5,485.26,126.04131428694518,100.83305142955615,189.06197143041777,,485.26,10,10,10,35,467.8867783997085,477.1262305882358,486.3656827767631,479.3740831384534,464.60835794762164,0,0,0,0,459.2087608796248,476.66023529411797,494.11170970861116,464.5927490842558,455.82331257257977,0,0,0,0,457.43232003087564,466.14378117647084,474.85524232206603,479.3740831384534,464.60835794762164,0,0,0,0,447.3932782368634,462.5612941176472,477.729309998431,474.6383042538223,476.5846265354213,0,0,0,0,8.385360684708065,,,,,,,474.6383042538223,476.5846265354213,0,0,0,0,474.6383042538223,476.5846265354213,0,0,0,0,0
1726767000,485.28,486.23,482.95,483.41,126.04131428694518,100.83305142955615,189.06197143041777,,483.41,15,35,60,65,470.0475942000058,479.9498164705889,489.85203874117207,479.3740831384534,471.4209682462744,0,0,0,0,459.2087608796248,476.66023529411797,494.11170970861116,471.42907959115394,455.82331257257977,0,0,0,0,457.98994341133897,466.7983952941176,475.6068471768962,479.3740831384534,471.4209682462744,0,0,0,0,450.5058993256009,465.03155294117636,479.5572065567518,477.272711092835,476.5846265354213,0,0,0,0,17.86372517700069,,,,,,,477.272711092835,476.5846265354213,0,0,0,0,477.272711092835,476.5846265354213,0,0,0,0,1
1726839000,482.55,483.63,478.31,481.75,128.50984210697607,102.80787368558086,192.7647631604641,,481.75,10,20,20,45,471.5605232770236,481.8150494117658,492.069575546508,479.3740831384534,471.4209682462744,0,0,0,0,459.2087608796248,476.66023529411797,494.11170970861116,471.42907959115394,455.82331257257977,0,0,0,0,458.7710960127833,467.69724470588204,476.6233933989808,479.3740831384534,471.4209682462744,0,0,0,0,450.5058993256009,465.03155294117636,479.5572065567518,477.272711092835,476.5846265354213,0,0,0,0,17.86372517700069,,,,,,,477.272711092835,476.5846265354213,0,0,0,0,477.272711092835,476.5846265354213,0,0,0,0,0
1726853400,481.77,483.68,480.14,482.42,128.50984210697607,102.80787368558086,192.7647631604641,,482.42,45,20,30,55,473.15209836384395,483.7925647058828,494.43303104792165,479.3740831384534,471.4209682462744,0,0,0,0,459.72516314771616,476.7170352941181,493.70890744052,471.42907959115394,455.82331257257977,0,0,0,0,459.62323493623353,468.67235294117665,477.7214709461198,479.3740831384534,471.4209682462744,0,0,0,0,452.75534548329534,467.0352941176466,481.3152427519978,477.272711092835,476.5846265354213,0,0,0,0,17.86372517700069,,,,,,,477.272711092835,476.5846265354213,0,0,0,0,477.272711092835,476.5846265354213,0,0,0,0,0
1727098200,482.95,484.14,481.6,482.18,129.82562278011974,103.8604982240958,194.73843417017963,,482.18,25,20,25,50,474.57152670714794,485.499797647059,496.42806858697,479.3740831384534,471.4209682462744,0,0,0,0,459.72516314771616,476.7170352941181,493.70890744052,471.42907959115394,455.82331257257977,0,0,0,0,460.51491059350195,469.6664729411767,478.8180352888515,479.3740831384534,471.4209682462744,0,0,0,0,452.75534548329534,467.0352941176466,481.3152427519978,477.272711092835,476.5846265354213,0,0,0,0,17.86372517700069,,,,,,,477.272711092835,476.5846265354213,0,0,0,0,477.272711092835,476.5846265354213,0,0,0,0,0
1727112600,482.16,483.32,481.91,483.05,129.82562278011974,103.8604982240958,194.73843417017963,,483.05,25,40,40,55,475.80089141919814,486.8859482352945,497.9710050513909,479.3740831384534,473.24134506949173,0,0,0,0,459.72516314771616,476.7170352941181,493.70890744052,473.24104311686233,455.82331257257977,0,0,0,0,461.40180547678375,470.6796752941176,479.95754511145145,479.3740831384534,473.24134506949173,0,0,0,0,455.287667836896,469.2235529411764,483.15943804545685,477.272711092835,476.5846265354213,0,0,0,0,18.36061823724206,,,,,,,477.272711092835,476.5846265354213,0,0,0,0,477.272711092835,476.5846265354213,0,0,0,0,0
1727184600,484.465,486.33,480.18,485.32,129.31062584912615,103.44850067930093,193.96593877368923,,485.32,20,10,10,25,477.1586801794926,488.4749223529417,499.7911645263908,480.7115956983283,473.24134506949173,0,0,0,0,459.72516314771616,476.7170352941181,493.70890744052,473.24104311686233,455.82331257257977,0,0,0,0,462.5015780731112,471.94024235294114,481.3789066327711,480.7115956983283,473.24134506949173,0,0,0,0,455.287667836896,469.2235529411764,483.15943804545685,477.272711092835,476.5846265354213,0,0,0,0,18.36061823724206,,,,,,,477.272711092835,476.5846265354213,0,0,0,0,477.272711092835,476.5846265354213,0,0,0,0,0
1727199000,485.36,485.85,483.85,485.37,129.31062584912615,103.44850067930093,193.96593877368923,,485.37,40,10,15,30,478.1618145127912,488.9958494117649,499.8298843107386,481.65086567866064,473.24134506949173,0,0,0,0,460.4701530804702,476.435223529412,492.4002939783538,473.24104311686233,455.82331257257977,0,0,0,0,463.8098524203956,473.34575058823543,482.88164875607526,481.65086567866064,473.24134506949173,0,0,0,0,458.0928300156685,471.6736470588235,485.25446410197856,478.97737829360216,476.5846265354213,0,0,0,0,18.427683996888444,,,,,,,478.97737829360216,476.5846265354213,0,0,0,0,478.97737829360216,476.5846265354213,0,0,0,0,0
1727271000,484.74,487.79,484.56,485.67,131.2356334109761,104.98850672878089,196.85345011646416,,485.67,10,10,10,25,479.13679109896964,489.2743717647063,499.41195243044297,481.70080384447056,473.24134506949173,0,0,0,0,460.4701530804702,476.435223529412,492.4002939783538,473.24104311686233,455.82331257257977,0,0,0,0,465.0310262126696,474.69890588235296,484.36678555203633,481.70080384447056,473.24134506949173,0,0,0,0,458.0928300156685,471.6736470588235,485.25446410197856,479.8047084154877,476.5846265354213,0,0,0,0,18.46023317896786,,,,,,,479.8047084154877,476.5846265354213,0,0,0,0,479.8047084154877,476.5846265354213,0,0,0,0,0
1727285400,485.63,486.24,484.63,485.95,131.2356334109761,104.98850672878089,196.85345011646416,,485.95,15,55,40,70,479.9691109684786,489.502315294118,499.03551961975734,482.7483148856785,476.71350671808216,0,0,0,0,460.4701530804702,476.435223529412,492.4002939783538,476.71390962627413,455.82331257257977,0,0,0,0,466.2879959148663,476.08316705882334,485.87833820278036,482.7483148856785,476.71350671808216,0,0,0,0,460.9750041250206,474.1916470588237,487.40828999262686,480.0993721000957,476.5846265354213,0,0,0,0,19.42418689557659,,,,,,,480.0993721000957,476.5846265354213,0,0,0,0,480.0993721000957,476.5846265354213,0,0,0,0,0
1727357400,493.39,493.69,485.81,487.29,128.92753937438414,103.14203149950731,193.3913090615762,,487.29,10,20,20,50,480.8774581657288,489.72277647058814,498.5680947754475,482.76859803918194,476.71350671808216,0,0,0,0,460.4701530804702,476.435223529412,492.4002939783538,476.71390962627413,455.82331257257977,0,0,0,0,467.6643764518841,477.6031694117652,487.54196237164626,482.76859803918194,476.71350671808216,0,0,0,0,460.9750041250206,474.1916470588237,487.40828999262686,481.0401312358032,476.5846265354213,0,0,0,0,19.461198651332847,,,,,,,481.0401312358032,476.5846265354213,0,0,0,0,481.0401312358032,476.5846265354213,0,0,0,0,0
1727371800,487.26,489.97,487.24,489.45,128.92753937438414,103.14203149950731,193.3913090615762,,489.45,40,40,40,80,481.9003837831185,490.15512000000007,498.4098562168816,486.15062790113143,477.94968480964775,0,0,0,0,461.2842471323712,476.8799294117646,492.47561169115795,477.9614875101117,455.82331257257977,0,0,0,0,469.20305138728673,479.3264894117651,489.4499274362435,486.15062790113143,477.94968480964775,0,0,0,0,463.0130295251235,476.4350117647061,489.85699400428865,482.6158361475315,476.5846265354213,0,0,0,0,18.740480528343,,,,,,,482.6158361475315,476.5846265354213,0,0,0,0,482.6158361475315,476.5846265354213,0,0,0,0,0
1727443800,490.5,490.63,486.48,487.02,133.09459227599177,106.47567382079342,199.64188841398766,,487.02,20,20,20,35,482.6090602598693,490.1491105882351,497.6891609166009,486.15062790113143,477.94968480964775,0,0,0,0,461.2842471323712,476.8799294117646,492.47561169115795,477.9614875101117,455.82331257257977,0,0,0,0,470.3603774006636,480.6581623529418,490.95594730522004,486.15062790113143,477.94968480964775,0,0,0,0,463.0130295251235,476.4350117647061,489.85699400428865,482.6158361475315,476.5846265354213,0,0,0,0,18.740480528343,,,,,,,482.6158361475315,476.5846265354213,0,0,0,0,482.6158361475315,476.5846265354213,0,0,0,0,0
1727458200,487.02,488.44,485.56,486.76,133.09459227599177,106.47567382079342,199.64188841398766,,486.76,25,20,25,40,483.32144870687705,489.75731294117645,496.19317717547585,486.15062790113143,477.94968480964775,0,0,0,0,461.2842471323712,476.8799294117646,492.47561169115795,477.9614875101117,455.82331257257977,0,0,0,0,471.346007032034,481.8250117647058,492.3040164973776,486.15062790113143,477.94968480964775,0,0,0,0,464.77339890641395,478.35785882352934,491.94231874064474,482.6158361475315,476.5846265354213,0,0,0,0,18.740480528343,,,,,,,482.6158361475315,476.5846265354213,0,0,0,0,482.6158361475315,476.5846265354213,0,0,0,0,0
1727703000,485.78,487.79,484.58,485.72,134.04519534205772,107.23615627364619,201.0677930130866,,485.72,20,10,10,20,483.70814386257354,489.7798682352937,495.85159260801385,486.15062790113143,477.94968480964775,0,0,0,0,461.2842471323712,476.8799294117646,492.47561169115795,477.9614875101117,455.82331257257977,0,0,0,0,472.42735333236106,483.0298376470588,493.63232196175653,486.15062790113143,477.94968480964775,0,0,0,0,464.77339890641395,478.35785882352934,491.94231874064474,482.6158361475315,476.5846265354213,0,0,0,0,18.740480528343,,,,,,,482.6158361475315,476.5846265354213,0,0,0,0,482.6158361475315,476.5846265354213,0,0,0,0,0
1727717400,485.71,488.41,482.92,488.16,134.04519534205772,107.23615627364619,201.0677930130866,,488.16,25,10,15,25,484.0808350595334,489.9281176470586,495.77540023458386,486.15062790113143,477.94968480964775,0,0,0,0,461.9770532955196,477.28249411764716,492.5879349397747,477.9614875101117,455.82331257257977,0,0,0,0,473.70081320206924,484.468334117647,495.2358550332247,486.15062790113143,477.94968480964775,0,0,0,0,466.360039324076,480.19611764705877,494.0321959700415,482.6158361475315,476.5846265354213,0,0,0,0,18.442344692198176,,,,,,,482.6158361475315,476.5846265354213,0,0,0,0,482.6158361475315,476.5846265354213,0,0,0,0,0
1727789400,487.7,487.99,477.4,478.21,129.31023081706468,103.44818465365175,193.96534622559702,,478.21,-10,-10,-10,-25,483.2686573461739,488.91747294117664,488.91747294117664,485.0120911933989,477.94968480964775,0,0,0,0,461.9770532955196,477.28249411764716,492.5879349397747,477.9614875101117,455.82331257257977,0,0,0,0,474.1431113177455,484.9287129411767,484.9287129411767,485.0120911933989,477.94968480964775,0,0,0,0,466.360039324076,480.19611764705877,494.0321959700415,482.6158361475315,476.5846265354213,0,0,0,0,18.442344692198176,,,,,,,482.6158361475315,476.5846265354213,0,0,0,0,482.6158361475315,476.5846265354213,0,0,0,0,0
1727803800,478.21,483.57,478.01,481.22,129.31023081706468,103.44818465365175,193.96534622559702,,481.22,-5,-5,-5,-5,483.01171153745395,488.5450235294113,488.5450235294113,485.0120911933989,477.94968480964775,0,0,0,0,461.9770532955196,477.28249411764716,492.5879349397747,477.9614875101117,455.82331257257977,0,0,0,0,474.7771888462241,485.6153270588238,496.45346527142357,485.0120911933989,477.94968480964775,0,0,0,0,467.94376379194205,481.7593882352939,495.57501267864575,482.6158361475315,476.5846265354213,0,0,0,0,18.442344692198176,,,,,,,482.6158361475315,476.5846265354213,0,0,0,0,482.6158361475315,476.5846265354213,0,0,0,0,0
1727875800,480.36,483.88,477.74,482.18,124.0532143089292,99.24257144714336,186.07982146339378,,482.18,10,-10,10,10,482.8117507503753,488.20324470588235,488.20324470588235,485.0120911933989,477.94968480964775,0,0,0,0,461.9770532955196,477.28249411764716,492.5879349397747,477.9614875101117,455.82331257257977,0,0,0,0,475.5437461581267,486.43791058823535,497.332075018344,485.0120911933989,477.94968480964775,0,0,0,0,467.94376379194205,481.7593882352939,495.57501267864575,482.6158361475315,476.5846265354213,0,0,0,0,18.442344692198176,,,,,,,482.6158361475315,476.5846265354213,0,0,0,0,482.6158361475315,476.5846265354213,0,0,0,0,0
1727890200,482.135,483.14,481.02,481.93,124.0532143089292,99.24257144714336,186.07982146339378,,481.93,-5,-10,-5,-5,482.4734108918281,487.47386588235304,487.47386588235304,485.0120911933989,477.94968480964775,0,0,0,0,462.27020252767056,477.1255058823534,491.9808092370363,477.9614875101117,455.82331257257977,0,0,0,0,476.2648519456716,487.2125976470591,498.16034334844664,485.0120911933989,477.94968480964775,0,0,0,0,469.4693873356858,483.3099294117642,497.1504714878426,482.6158361475315,476.5846265354213,0,0,0,0,17.870928134462527,,,,,,,482.6158361475315,476.5846265354213,0,0,0,0,482.6158361475315,476.5846265354213,0,0,0,0,0
1727962200,479.77,484.54,478.99,480.58,123.70275562910389,98.96220450328312,185.55413344365584,,480.58,-10,-10,-10,-10,481.89734479882236,486.5381105882355,486.5381105882355,485.0120911933989,477.94968480964775,0,0,0,0,462.27020252767056,477.1255058823534,491.9808092370363,477.9614875101117,455.82331257257977,0,0,0,0,476.6745615967812,487.65961411764704,487.65961411764704,485.0120911933989,477.94968480964775,0,0,0,0,469.4693873356858,483.3099294117642,497.1504714878426,482.6158361475315,476.5846265354213,0,0,0,0,17.870928134462527,,,,,,,482.6158361475315,476.5846265354213,0,0,0,0,482.6158361475315,476.5846265354213,0,0,0,0,0
1727976600,480.5,482.03,479.82,481.61,123.70275562910389,98.96220450328312,185.55413344365584,,481.61,-5,-10,-5,-20,481.2536938428745,485.6080799999998,485.6080799999998,484.6492281210788,477.94968480964775,0,0,0,0,462.27020252767056,477.1255058823534,491.9808092370363,477.9614875101117,455.82331257257977,0,0,0,0,477.12382458038536,488.15493647058827,499.1860483607912,484.6492281210788,477.94968480964775,0,0,0,0,470.1954816910549,484.1397882352942,498.0840947795335,482.6158361475315,476.5846265354213,0,0,0,0,17.66565486583628,,,,,,,482.6158361475315,476.5846265354213,0,0,0,0,482.6158361475315,476.5846265354213,0,0,0,0,0
1728048600,487.45,487.72,482.39,485.43,123.9175651699822,99.13405213598577,185.8763477549733,,485.43,10,10,10,10,481.16272535847475,485.05363764705817,488.9445499356416,484.6492281210788,477.94968480964775,0,0,0,0,462.27020252767056,477.1255058823534,491.9808092370363,477.9614875101117,455.82331257257977,0,0,0,0,477.97527614272985,489.1169647058821,500.2586532690343,484.6492281210788,477.94968480964775,0,0,0,0,470.1954816910549,484.1397882352942,498.0840947795335,482.6158361475315,476.5846265354213,0,0,0,0,17.66565486583628,,,,,,,482.6158361475315,476.5846265354213,0,0,0,0,482.6158361475315,476.5846265354213,0,0,0,0,0
1728063000,485.48,487.88,484.02,487.47,123.9175651699822,99.13405213598577,185.8763477549733,,487.47,15,15,15,15,481.4183104036435,484.8385599999996,488.25880959635566,484.6492281210788,477.94968480964775,0,0,0,0,462.843241210151,477.37157647058837,491.8999117310257,477.9614875101117,455.82331257257977,0,0,0,0,478.71718024348945,489.9975341176468,501.27788799180416,484.6492281210788,477.94968480964775,0,0,0,0,471.0657554641067,485.1673176470587,499.26887983001075,482.6158361475315,476.5846265354213,0,0,0,0,17.66565486583628,,,,,,,482.6158361475315,476.5846265354213,0,0,0,0,482.6158361475315,476.5846265354213,0,0,0,0,0
1728307800,485.39,486.541,484.23,485.13,128.23560551077708,102.58848440862167,192.35340826616562,,485.13,-10,-10,-10,-10,481.59793497964836,484.2360941176471,486.87425325564584,484.6492281210788,477.94968480964775,0,0,0,0,462.843241210151,477.37157647058837,491.8999117310257,477.9614875101117,455.82331257257977,0,0,0,0,479.3678703424885,490.74012705882336,502.1123837751582,484.6492281210788,477.94968480964775,0,0,0,0,471.0657554641067,485.1673176470587,499.26887983001075,482.6158361475315,476.5846265354213,0,0,0,0,17.66565486583628,,,,,,,482.6158361475315,476.5846265354213,0,0,0,0,482.6158361475315,476.5846265354213,0,0,0,0,0
1728322200,485.14,485.76,480.86,482.07,128.23560551077708,102.58848440862167,192.35340826616562,,482.07,-5,-10,-5,-5,481.2691190476284,483.9398399999997,483.9398399999997,484.6492281210788,477.94968480964775,0,0,0,0,462.843241210151,477.37157647058837,491.8999117310257,477.9614875101117,455.82331257257977,0,0,0,0,479.9456041938961,491.3608376470585,502.77607110022086,484.6492281210788,477.94968480964775,0,0,0,0,471.7250040506085,485.90917647058825,500.093348890568,482.6158361475315,476.5846265354213,0,0,0,0,17.66565486583628,,,,,,,482.6158361475315,476.5846265354213,0,0,0,0,482.6158361475315,476.5846265354213,0,0,0,0,0
1728394200,484.65,488.65,483.87,486.83,126.98495819353559,101.58796655482848,190.47743729030338,,486.83,10,10,10,10,481.6278202459223,484.36196235294045,487.0961044599586,484.6492281210788,477.94968480964775,0,0,0,0,462.843241210151,477.37157647058837,491.8999117310257,477.9614875101117,455.82331257257977,0,0,0,0,480.456291181883,491.91218352941144,503.3680758769399,484.6492281210788,477.94968480964775,0,0,0,0,471.7250040506085,485.90917647058825,500.093348890568,482.6158361475315,476.5846265354213,0,0,0,0,17.66565486583628,,,,,,,482.6158361475315,476.5846265354213,0,0,0,0,482.6158361475315,476.5846265354213,0,0,0,0,0
1728408600,486.82,490,486.69,489.34,126.98495819353559,101.58796655482848,190.47743729030338,,489.34,15,10,15,30,482.0202602479471,484.79196705882293,487.5636738696988,485.79941038902,477.94968480964775,0,1,0,0,463.54858517337505,478.0600941176472,492.5716030619194,477.9614875101117,455.82331257257977,0,0,0,0,481.00066850853375,492.45282352941115,503.90497855028855,485.79941038902,477.94968480964775,0,0,0,0,472.78108539708046,487.2022823529413,501.6234793088022,482.6158361475315,476.5846265354213,0,0,0,0,17.66565486583628,,,,,,,482.6158361475315,476.5846265354213,0,0,0,0,482.6158361475315,476.5846265354213,0,0,0,0,0
1728480600,488.97,492.9,487.94,492.2,126.83371856579734,101.46697485263788,190.25057784869603,,492.2,10,10,10,35,482.6408084473261,485.70696470588194,488.7731209644378,487.95622630481824,477.94968480964775,0,0,0,0,463.54858517337505,478.0600941176472,492.5716030619194,477.9614875101117,455.82331257257977,0,0,0,0,481.66261462606144,493.1640517647054,504.66548890334934,487.95622630481824,477.94968480964775,0,0,0,0,472.78108539708046,487.2022823529413,501.6234793088022,483.24606945697525,476.5846265354213,0,0,0,0,17.690449779255903,,,,,,,483.24606945697525,476.5846265354213,0,0,0,0,483.24606945697525,476.5846265354213,0,0,0,0,0
1728495000,492.205,493.72,490.73,493.19,126.83371856579734,101.46697485263788,190.25057784869603,,493.19,15,40,40,80,483.3304452473993,486.7167294117647,490.10301357613,489.6595522730321,480.706276743427,0,0,0,0,463.54858517337505,478.0600941176472,492.5716030619194,480.6833640385365,455.82331257257977,0,0,0,0,482.31558024360845,493.8179152941173,505.3202503446262,489.6595522730321,480.706276743427,0,0,0,0,473.82321255335614,488.4797647058827,503.13631685840926,486.157778781477,476.5846265354213,0,0,0,0,18.551421166565763,,,,,,,486.157778781477,476.5846265354213,0,0,0,0,486.157778781477,476.5846265354213,0,0,0,0,0
1728567000,490.85,494.47,489.57,493.32,123.63194351652328,98.90555481321863,185.44791527478492,,493.32,10,20,20,45,484.0155494025235,487.6686588235289,491.3217682445343,489.6595522730321,480.706276743427,0,0,0,0,463.54858517337505,478.0600941176472,492.5716030619194,480.6833640385365,455.82331257257977,0,0,0,0,482.9229263891244,494.34636705882366,505.7698077285229,489.6595522730321,480.706276743427,0,0,0,0,473.82321255335614,488.4797647058827,503.13631685840926,486.157778781477,476.5846265354213,0,0,0,0,18.551421166565763,,,,,,,486.157778781477,476.5846265354213,0,0,0,0,486.157778781477,476.5846265354213,0,0,0,0,0
1728581400,493.34,493.63,491.22,492.61,123.63194351652328,98.90555481321863,185.44791527478492,,492.61,40,35,40,65,484.71423022973687,488.5755529411759,492.4368756526149,489.6595522730321,482.4508284046108,0,0,0,0,464.3631660710273,478.87282352941185,493.3824809877964,482.4816951786411,455.82331257257977,0,0,0,0,483.4696597794503,494.81961882352937,506.16957786760844,489.6595522730321,482.4508284046108,0,0,0,0,475.20345865901334,490.1715529411762,505.139647223339,486.780482724845,476.5846265354213,0,0,0,0,19.069074520292883,,,,,,,486.780482724845,476.5846265354213,0,0,0,0,486.780482724845,476.5846265354213,0,0,0,0,0
1728653400,490.75,494.1,490.17,493.13,122.94360024800326,98.35488019840261,184.4154003720049,,493.13,20,20,20,35,485.4536650618187,489.5305176470585,493.6073702322983,489.6595522730321,482.4508284046108,0,0,0,0,464.3631660710273,478.87282352941185,493.3824809877964,482.4816951786411,455.82331257257977,0,0,0,0,484.0439497709445,494.8019764705883,505.56000317023205,489.6595522730321,482.4508284046108,0,0,0,0,475.20345865901334,490.1715529411762,505.139647223339,486.780482724845,476.5846265354213,0,0,0,0,19.069074520292883,,,,,,,486.780482724845,476.5846265354213,0,0,0,0,486.780482724845,476.5846265354213,0,0,0,0,0
1728667800,493.1,494.38,492.77,493.31,122.94360024800326,98.35488019840261,184.4154003720049,,493.31,25,35,40,70,486.27328647243263,490.5856752941175,494.89806411580236,490.7297458898405,483.2950549471386,0,0,0,0,464.3631660710273,478.87282352941185,493.3824809877964,483.28728838016673,455.82331257257977,0,0,0,0,484.65269388930494,494.6629223529408,504.6731508165767,490.7297458898405,483.2950549471386,0,0,0,0,476.23119677720587,491.41609411764694,506.600991458088,488.5663856147898,476.5846265354213,0,0,0,0,19.360253358802698,,,,,,,488.5663856147898,476.5846265354213,0,0,0,0,488.5663856147898,476.5846265354213,0,0,0,0,0
1728912600,495.78,498.83,495.26,497.17,128.3046208778064,102.64369670224512,192.45693131670959,,497.17,20,20,20,60,487.2769912388956,491.9809176470587,496.68484405522173,492.5414135478727,483.2950549471386,0,0,0,0,464.3631660710273,478.87282352941185,493.3824809877964,483.28728838016673,455.82331257257977,0,0,0,0,485.34863751156195,494.96822117647014,504.58780484137833,492.5414135478727,483.2950549471386,0,0,0,0,476.23119677720587,491.41609411764694,506.600991458088,490.96235807087623,476.5846265354213,0,0,0,0,19.454516750969173,,,,,,,490.96235807087623,476.5846265354213,0,0,0,0,490.96235807087623,476.5846265354213,0,0,0,0,0
1728927000,497.19,498.57,496.87,497.51,128.3046208778064,102.64369670224512,192.45693131670959,,497.51,40,40,70,70,488.4608897264063,493.59380705882364,498.72672439124096,494.766780048931,488.4854081652001,0,0,0,0,465.416250383719,480.13232941176494,494.8484084398109,488.4746249244405,455.82331257257977,0,0,0,0,486.06557671388765,495.1777317647057,504.28988681552374,494.766780048931,488.4854081652001,0,0,0,0,477.24045824785526,492.4663999999998,507.69234175214433,492.75790392295653,476.5846265354213,0,0,0,0,20.947676339242616,,,,,,,492.75790392295653,476.5846265354213,0,0,0,0,492.75790392295653,476.5846265354213,0,0,0,0,0
1728999000,497.83,498.48,490.56,491.02,134.9736858596773,107.97894868774183,202.46052878951593,,491.02,-10,20,15,15,489.1726572643875,494.3536847058825,494.3536847058825,494.766780048931,488.4854081652001,0,0,0,0,465.416250383719,480.13232941176494,494.8484084398109,488.4746249244405,455.82331257257977,0,0,0,0,486.4335852464501,494.84175999999974,503.2499347535494,494.766780048931,488.4854081652001,0,0,0,0,477.24045824785526,492.4663999999998,507.69234175214433,492.75790392295653,476.5846265354213,0,0,0,0,20.947676339242616,,,,,,,492.75790392295653,476.5846265354213,0,0,0,0,492.75790392295653,476.5846265354213,0,0,0,0,0
1729013400,491.01,491.93,488.67,490.77,134.9736858596773,107.97894868774183,202.46052878951593,,490.77,-10,20,15,0,489.50855700378173,494.7123858823528,494.7123858823528,493.7412945132882,488.4854081652001,0,0,0,0,465.416250383719,480.13232941176494,494.8484084398109,488.4746249244405,455.82331257257977,0,0,0,0,486.7603575177863,494.5091999999995,502.2580424822127,493.7412945132882,488.4854081652001,0,0,0,0,477.9035978521728,492.3504470588233,506.7972962654738,492.75790392295653,476.5846265354213,0,0,0,0,20.947676339242616,,,,,,,492.75790392295653,476.5846265354213,0,0,0,0,492.75790392295653,476.5846265354213,0,0,0,0,0
1729085400,491.18,491.22,487.58,490.07,137.04012213893486,109.63209771114789,205.5601832084023,,490.07,-10,20,15,0,489.76855075265127,494.9875105882354,494.9875105882354,493.7333610854373,488.4854081652001,0,0,0,0,465.416250383719,480.13232941176494,494.8484084398109,488.4746249244405,455.82331257257977,0,0,0,0,487.0042830268222,494.1746870588232,501.34509109082427,493.7333610854373,488.4854081652001,0,0,0,0,477.9035978521728,492.3504470588233,506.7972962654738,492.75790392295653,476.5846265354213,0,0,0,0,20.947676339242616,,,,,,,492.75790392295653,476.5846265354213,0,0,0,0,492.75790392295653,476.5846265354213,0,0,0,0,0
1729099800,490.17,491.69,490.03,490.91,137.04012213893486,109.63209771114789,205.5601832084023,,490.91,-10,20,15,0,490.0710722094833,495.30898823529435,495.30898823529435,493.72014297672905,488.4854081652001,0,0,0,0,466.05839740019405,480.69642352941173,495.3344496586294,488.4746249244405,455.82331257257977,0,0,0,0,487.2166680348222,494.0973741176468,500.97808020047137,493.72014297672905,488.4854081652001,0,0,0,0,478.51120749990474,492.27501176470565,506.03881602950656,492.75790392295653,476.5846265354213,0,0,0,0,20.499825748890554,,,,,,,492.75790392295653,476.5846265354213,0,0,0,0,492.75790392295653,476.5846265354213,0,0,0,0,0
1729171800,496.44,496.49,491.55,494.03,138.19842311319294,110.55873849055436,207.29763466978943,,494.03,10,10,10,10,490.71481218637484,496.04966588235305,501.38451957833126,493.72014297672905,488.4854081652001,0,0,0,0,466.05839740019405,480.69642352941173,495.3344496586294,488.4746249244405,455.82331257257977,0,0,0,0,487.5759795890558,494.36351999999994,501.15106041094407,493.72014297672905,488.4854081652001,0,0,0,0,478.51120749990474,492.27501176470565,506.03881602950656,492.75790392295653,476.5846265354213,0,0,0,0,20.499825748890554,,,,,,,492.75790392295653,476.5846265354213,0,0,0,0,492.75790392295653,476.5846265354213,0,0,0,0,0
1729186200,494.07,494.7,491.2,491.36,138.19842311319294,110.55873849055436,207.29763466978943,,491.36,-10,15,-10,-10,490.75141490841503,495.7317552941175,495.7317552941175,493.72014297672905,488.4854081652001,0,0,0,0,466.05839740019405,480.69642352941173,495.3344496586294,488.4746249244405,455.82331257257977,0,0,0,0,487.7697453013884,494.4156894117652,501.06163352214196,493.72014297672905,488.4854081652001,0,0,0,0,479.232770219526,491.91468235294093,504.59659448635585,492.75790392295653,476.5846265354213,0,0,0,0,20.203932950545873,,,,,,,492.75790392295653,476.5846265354213,0,0,0,0,492.75790392295653,476.5846265354213,0,0,0,0,0
1729258200,494.06,495.58,493.3,494.71,137.78173548497838,110.22538838798272,206.67260322746756,,494.71,10,10,10,10,491.1749210959657,496.07073882352915,500.9665565510926,493.72014297672905,488.4854081652001,0,0,0,0,466.05839740019405,480.69642352941173,495.3344496586294,488.4746249244405,455.82331257257977,0,0,0,0,488.1487856632593,494.80299529411775,501.4572049249762,493.72014297672905,488.4854081652001,0,0,0,0,479.232770219526,491.91468235294093,504.59659448635585,492.75790392295653,476.5846265354213,0,0,0,0,20.203932950545873,,,,,,,492.75790392295653,476.5846265354213,0,0,0,0,492.75790392295653,476.5846265354213,0,0,0,0,0
1729272600,494.73,495.08,493.72,494.52,137.78173548497838,110.22538838798272,206.67260322746756,,494.52,25,10,10,10,491.50806641664906,496.2960047058823,501.08394299511554,493.72014297672905,488.4854081652001,0,0,0,0,466.93220805630045,481.6900941176468,496.4479801789932,488.4746249244405,455.82331257257977,0,0,0,0,488.48710398563094,495.09848000000085,501.70985601437076,493.72014297672905,488.4854081652001,0,0,0,0,479.92558040840225,492.20348235294114,504.48138429748,492.75790392295653,476.5846265354213,0,0,0,0,20.071382709152058,,,,,,,492.75790392295653,476.5846265354213,0,0,0,0,492.75790392295653,476.5846265354213,0,0,0,0,0
1729517400,493.25,496.23,491.31,494.29,141.13885274812142,112.91108219849714,211.70827912218215,,494.29,10,10,10,10,491.5711813647358,496.1420705882353,500.7129598117348,493.72014297672905,488.4854081652001,0,0,0,0,466.93220805630045,481.6900941176468,496.4479801789932,488.4746249244405,455.82331257257977,0,0,0,0,488.7873903862076,495.19507058823535,501.6027507902631,493.72014297672905,488.4854081652001,0,0,0,0,479.92558040840225,492.20348235294114,504.48138429748,492.75790392295653,476.5846265354213,0,0,0,0,20.071382709152058,,,,,,,492.75790392295653,476.5846265354213,0,0,0,0,492.75790392295653,476.5846265354213,0,0,0,0,0
1729531800,494.3,495.53,493.69,495.48,141.13885274812142,112.91108219849714,211.70827912218215,,495.48,10,10,10,15,491.84178933065516,496.0858776470591,500.329965963463,493.72014297672905,488.4854081652001,0,0,0,0,466.93220805630045,481.6900941176468,496.4479801789932,488.4746249244405,455.82331257257977,0,0,0,0,489.12831194813606,495.38196705882353,501.635622169511,493.72014297672905,488.4854081652001,0,0,0,0,480.6223166975551,492.5504705882352,504.4786244789153,492.75790392295653,476.5846265354213,0,0,0,0,19.217871644470424,,,,,,,492.75790392295653,476.5846265354213,0,0,0,0,492.75790392295653,476.5846265354213,0,0,0,0,0
1729603800,492.73,495.5,491.97,495.11,137.6785873700598,110.14286989604784,206.5178810550897,,495.11,10,10,10,10,492.0803632954695,495.8492611764708,499.6181590574721,493.72014297672905,488.4854081652001,0,0,0,0,466.93220805630045,481.6900941176468,496.4479801789932,488.4746249244405,455.82331257257977,0,0,0,0,489.43332460309796,495.49576470588283,501.5582048086677,493.72014297672905,488.4854081652001,0,0,0,0,480.6223166975551,492.5504705882352,504.4786244789153,492.75790392295653,476.5846265354213,0,0,0,0,19.217871644470424,,,,,,,492.75790392295653,476.5846265354213,0,0,0,0,492.75790392295653,476.5846265354213,0,0,0,0,0
1729618200,495.1,497.44,495.07,496.01,137.6785873700598,110.14286989604784,206.5178810550897,,496.01,25,15,50,10,492.3912359538,495.96784470588227,499.54445345796455,493.72014297672905,488.4854081652001,0,0,0,0,467.7299202861307,482.39240000000007,497.0548797138694,488.4746249244405,455.82331257257977,0,0,0,0,489.7707882001242,495.63049411764746,501.49020003517074,493.72014297672905,488.4854081652001,0,0,0,0,481.31181259606456,492.8722823529416,504.4327521098187,492.75790392295653,476.5846265354213,0,0,0,0,19.217871644470424,,,,,,,492.75790392295653,476.5846265354213,0,0,0,0,492.75790392295653,476.5846265354213,0,0,0,0,0
1729690200,493.59,494.24,487.03,487.72,137.76125146301425,110.2090011704114,206.64187719452138,,487.72,-10,-10,15,-10,491.6362452510212,495.1325223529414,495.1325223529414,493.72014297672905,488.4854081652001,0,0,0,0,467.7299202861307,482.39240000000007,497.0548797138694,488.4746249244405,455.82331257257977,0,0,0,0,489.5625322078765,495.09294117647084,495.09294117647084,493.72014297672905,488.4854081652001,0,0,0,0,481.31181259606456,492.8722823529416,504.4327521098187,492.75790392295653,476.5846265354213,0,0,0,0,19.217871644470424,,,,,,,492.75790392295653,476.5846265354213,0,0,0,0,492.75790392295653,476.5846265354213,0,0,0,0,0
1729704600,487.69,488.62,485.05,488.36,137.76125146301425,110.2090011704114,206.64187719452138,,488.36,-10,-10,15,-35,490.6331734455876,493.97903529411775,493.97903529411775,490.7116009004397,488.4854081652001,0,0,0,0,467.7299202861307,482.39240000000007,497.0548797138694,488.4746249244405,455.82331257257977,0,0,0,0,489.46637841412996,494.4618352941178,494.4618352941178,490.7116009004397,488.4854081652001,0,0,0,0,481.554946432065,492.9470823529416,504.33921827381823,492.68344162623816,476.5846265354213,0,0,0,0,19.214942116353626,,,,,,,492.68344162623816,476.5846265354213,0,0,0,0,492.68344162623816,476.5846265354213,0,0,0,0,0
1729776600,492.11,492.46,489.44,491.78,136.15508331091308,108.92406664873047,204.23262496636963,,491.78,-10,10,15,-20,490.41399393677824,493.05910117647034,493.05910117647034,490.7116009004397,488.4854081652001,0,0,0,0,467.7299202861307,482.39240000000007,497.0548797138694,488.4746249244405,455.82331257257977,0,0,0,0,489.6135514409198,494.6137882352939,499.61402502966797,490.7116009004397,488.4854081652001,0,0,0,0,481.554946432065,492.9470823529416,504.33921827381823,492.68344162623816,476.5846265354213,0,0,0,0,19.214942116353626,,,,,,,492.68344162623816,476.5846265354213,0,0,0,0,492.68344162623816,476.5846265354213,0,0,0,0,0
1729791000,491.8,492.99,491.05,492.33,136.15508331091308,108.92406664873047,204.23262496636963,,492.33,-5,10,20,-15,490.1974363442247,492.6131670588232,495.0288977734217,490.7116009004397,488.4854081652001,0,0,0,0,468.2936840484321,482.77077647058826,497.2478688927444,488.4746249244405,455.82331257257977,0,0,0,0,489.74108179243024,494.7191058823531,499.697129972276,490.7116009004397,488.4854081652001,0,0,0,0,481.999822865679,493.27470588235275,504.5495888990265,492.68344162623816,476.5846265354213,0,0,0,0,19.214942116353626,,,,,,,492.68344162623816,476.5846265354213,0,0,0,0,492.68344162623816,476.5846265354213,0,0,0,0,0
1729863000,495.14,500.28,495.12,496.965,139.27807938758238,111.42246351006591,208.91711908137358,,496.965,10,10,10,25,490.5900611763977,493.09340941176436,495.596757647131,493.7536651398245,488.4854081652001,0,0,0,0,468.2936840484321,482.77077647058826,497.2478688927444,488.4746249244405,455.82331257257977,0,0,0,0,490.0808484305809,495.0969294117651,500.11301039294926,493.7536651398245,488.4854081652001,0,0,0,0,481.999822865679,493.27470588235275,504.5495888990265,492.68344162623816,476.5846265354213,0,0,0,0,19.214942116353626,,,,,,,492.68344162623816,476.5846265354213,0,0,0,0,492.68344162623816,476.5846265354213,0,0,0,0,0
1729877400,496.88,497.21,494.44,495.3,139.27807938758238,111.42246351006591,208.91711908137358,,495.3,15,15,15,15,490.8317946339668,493.36584705882325,495.8998994836797,493.7536651398245,488.4854081652001,0,0,0,0,468.2936840484321,482.77077647058826,497.2478688927444,488.4746249244405,455.82331257257977,0,0,0,0,490.3282787778272,495.336470588235,500.34466239864275,493.7536651398245,488.4854081652001,0,0,0,0,482.78929351821114,494.23324705882396,505.6772005994368,492.68344162623816,476.5846265354213,0,0,0,0,19.214942116353626,,,,,,,492.68344162623816,476.5846265354213,0,0,0,0,492.68344162623816,476.5846265354213,0,0,0,0,0
1730122200,498.52,498.52,495.6,496.349,138.8742383566087,111.09939068528698,208.31135753491307,,496.349,10,10,10,20,491.23809770972775,493.8559576470589,496.4738175843901,493.7536651398245,488.4854081652001,0,0,0,0,468.2936840484321,482.77077647058826,497.2478688927444,488.4746249244405,455.82331257257977,0,0,0,0,490.61046876654206,495.6175576470584,500.6246465275747,493.7536651398245,488.4854081652001,0,0,0,0,482.78929351821114,494.23324705882396,505.6772005994368,492.68344162623816,476.5846265354213,0,0,0,0,19.214942116353626,,,,,,,492.68344162623816,476.5846265354213,0,0,0,0,492.68344162623816,476.5846265354213,0,0,0,0,0
1730136600,496.35,496.88,495.1,495.4,138.8742383566087,111.09939068528698,208.31135753491307,,495.4,40,25,30,40,491.5326854862255,494.1908094117644,496.8489333373033,493.7536651398245,488.6981742670451,0,0,0,0,469.12170701381416,483.71209411764727,498.3024812214804,488.6970605363141,455.82331257257977,0,0,0,0,490.8353473816993,495.82641882352954,500.81749026535977,493.7536651398245,488.6981742670451,0,0,0,0,483.56923323470363,495.17322352941176,506.7772138241199,492.68344162623816,476.5846265354213,0,0,0,0,19.275940425824192,,,,,,,492.68344162623816,476.5846265354213,0,0,0,0,492.68344162623816,476.5846265354213,0,0,0,0,0
1730208600,495.72,499.95,493.85,499.4,142.9160523545645,114.33284188365161,214.37407853184675,,499.4,20,10,10,35,492.0567824795749,494.89199058823493,497.72719869689496,494.76135705208236,488.6981742670451,0,0,0,0,469.12170701381416,483.71209411764727,498.3024812214804,488.6970605363141,455.82331257257977,0,0,0,0,491.27487191590393,496.40760941176444,501.54034690762495,494.76135705208236,488.6981742670451,0,0,0,0,483.56923323470363,495.17322352941176,506.7772138241199,492.68344162623816,476.5846265354213,0,0,0,0,19.275940425824192,,,,,,,492.68344162623816,476.5846265354213,0,0,0,0,492.68344162623816,476.5846265354213,0,0,0,0,0
1730223000,499.44,501.35,499.21,500.15,142.9160523545645,114.33284188365161,214.37407853184675,,500.15,25,10,15,40,492.7545777072646,495.89860705882313,499.04263641038165,497.26219051939756,488.6981742670451,0,0,0,0,469.12170701381416,483.71209411764727,498.3024812214804,488.6970605363141,455.82331257257977,0,0,0,0,491.73231273891963,497.01590588235257,502.2994990257855,497.26219051939756,488.6981742670451,0,0,0,0,484.7709376177152,496.6844705882354,508.5980035587556,495.3104522651693,476.5846265354213,0,0,0,0,19.37929342283132,,,,,,,495.3104522651693,476.5846265354213,0,0,0,0,495.3104522651693,476.5846265354213,0,0,0,0,0
1730295000,499.38,500.35,496.59,498.38,148.7884755194072,119.03078041552577,223.1827132791108,,498.38,20,10,10,20,493.35333720007844,496.6548470588231,499.9563569175678,497.26219051939756,488.6981742670451,0,0,0,0,469.12170701381416,483.71209411764727,498.3024812214804,488.6970605363141,455.82331257257977,0,0,0,0,492.10169538251137,497.4639905882348,502.8262857939583,497.26219051939756,488.6981742670451,0,0,0,0,484.7709376177152,496.6844705882354,508.5980035587556,495.3104522651693,476.5846265354213,0,0,0,0,19.37929342283132,,,,,,,495.3104522651693,476.5846265354213,0,0,0,0,495.3104522651693,476.5846265354213,0,0,0,0,0
1730309400,498.42,498.62,495.89,496.37,148.7884755194072,119.03078041552577,223.1827132791108,,496.37,5,30,50,20,493.91801724458224,497.2274870588232,500.5369568730642,497.26219051939756,489.55403801597254,0,0,0,0,469.9438315309544,484.6317176470587,499.31960376316295,489.553077707332,455.82331257257977,0,0,0,0,492.35360429567464,497.73729882352933,503.120993351384,497.26219051939756,489.55403801597254,0,0,0,0,485.7188348778538,497.817364705882,509.91589453391026,495.3104522651693,476.5846265354213,0,0,0,0,19.614038209738645,,,,,,,495.3104522651693,476.5846265354213,0,0,0,0,495.3104522651693,476.5846265354213,0,0,0,0,0
1730381400,492.37,492.39,484.17,485.26,148.0297267588267,118.42378140706137,222.04459013824007,,485.26,-10,-10,15,-55,492.550044411703,496.1884329411767,496.1884329411767,489.3743673064658,489.55403801597254,0,0,0,0,469.9438315309544,484.6317176470587,499.31960376316295,489.553077707332,455.82331257257977,0,0,0,0,491.7601272491206,497.1770305882355,497.1770305882355,489.3743673064658,489.55403801597254,0,0,0,0,485.7188348778538,497.817364705882,509.91589453391026,495.3104522651693,476.5846265354213,0,0,0,0,4.614038209738643,,,,,,,495.3104522651693,476.5846265354213,0,0,1,0,495.3104522651693,476.5846265354213,0,0,0,0,0
1730395800,485.26,486.78,483.75,483.81,148.0297267588267,118.42378140706137,222.04459013824007,,483.81,-10,-10,15,-35,490.58040073577246,494.61803764705854,494.61803764705854,488.9761982131468,489.55403801597254,0,0,0,0,469.9438315309544,484.6317176470587,499.31960376316295,489.553077707332,455.82331257257977,0,0,0,0,491.09608099370035,496.5953505882349,496.5953505882349,488.9761982131468,489.55403801597254,0,0,0,0,485.92697982789144,498.02901176470647,498.02901176470647,491.0879655053753,476.5846265354213,0,0,0,0,4.447915296119536,,,,,,,491.0879655053753,476.5846265354213,0,0,0,0,491.0879655053753,476.5846265354213,0,0,0,0,0
1730467800,485.48,490.75,485.2,489.77,143.75056598141734,115.00045278513387,215.625848972126,,489.77,0,-10,25,-10,489.8053058713029,493.84248941176475,493.84248941176475,488.9761982131468,489.55403801597254,0,0,0,0,469.9438315309544,484.6317176470587,499.31960376316295,489.553077707332,455.82331257257977,0,0,0,0,490.9152106195717,496.3925176470583,496.3925176470583,488.9761982131468,489.55403801597254,0,0,0,0,485.92697982789144,498.02901176470647,498.02901176470647,491.0879655053753,476.5846265354213,0,0,0,0,4.447915296119536,,,,,,,491.0879655053753,476.5846265354213,0,0,0,0,491.0879655053753,476.5846265354213,0,0,0,0,0
1730482200,489.79,489.82,486.81,487.37,143.75056598141734,115.00045278513387,215.625848972126,,487.37,35,-10,20,-15,488.4945970916924,492.64901176470545,492.64901176470545,488.9761982131468,489.55403801597254,0,0,0,0,470.3012119843918,484.98016470588226,499.65911742737273,489.553077707332,459.0090127596479,0,0,0,0,490.5170785896199,495.98646117647,495.98646117647,488.9761982131468,489.55403801597254,0,0,0,0,486.12000715525073,498.20945882352976,498.20945882352976,491.0879655053753,476.5846265354213,0,0,0,0,3.51617054854475,,,,,,,491.0879655053753,476.5846265354213,0,0,0,0,491.0879655053753,476.5846265354213,0,0,0,0,0
1730730600,486.82,489.38,484.25,487.26,140.57738768429215,112.46191014743373,210.86608152643822,,487.26,15,-10,-10,-20,487.31071685439093,491.586051764706,491.586051764706,488.9761982131468,489.55403801597254,0,0,0,0,470.3012119843918,484.98016470588226,499.65911742737273,489.553077707332,459.0090127596479,0,0,0,0,490.08287538998917,495.52882823529376,495.52882823529376,488.9761982131468,489.55403801597254,0,0,0,0,486.12000715525073,498.20945882352976,498.20945882352976,491.0879655053753,476.5846265354213,0,0,0,0,3.51617054854475,,,,,,,491.0879655053753,476.5846265354213,0,0,0,0,491.0879655053753,476.5846265354213,0,0,0,0,0
1730745000,487.22,488.15,485.63,486,140.57738768429215,112.46191014743373,210.86608152643822,,486,20,-5,-5,-5,486.09607599268446,490.5767858823528,490.5767858823528,488.9761982131468,489.55403801597254,0,0,0,0,470.3012119843918,484.98016470588226,499.65911742737273,489.553077707332,459.0090127596479,0,0,0,0,489.59325244992567,495.0673364705882,495.0673364705882,488.9761982131468,489.55403801597254,0,0,0,0,486.35591882149896,498.4560470588233,498.4560470588233,491.0879655053753,476.5846265354213,0,0,0,0,3.47957156286241,,,,,,,491.0879655053753,476.5846265354213,0,0,0,0,491.0879655053753,476.5846265354213,0,0,0,0,0
1730817000,487.61,492.88,487.52,491.68,138.65100688749195,110.92080550999356,207.97651033123793,,491.68,25,-10,0,0,485.7441990648736,490.2272141176472,494.71022917042075,488.9761982131468,489.55403801597254,0,0,0,0,470.3012119843918,484.98016470588226,499.65911742737273,489.553077707332,459.0090127596479,0,0,0,0,489.47336132978097,494.6539623529409,499.8345633761008,488.9761982131468,489.55403801597254,0,0,0,0,486.35591882149896,498.4560470588233,498.4560470588233,491.0879655053753,476.5846265354213,0,0,0,0,3.47957156286241,,,,,,,491.0879655053753,476.5846265354213,0,0,0,0,491.0879655053753,476.5846265354213,0,0,0,0,0
1730831400,491.67,492.4,490.74,492.25,138.65100688749195,110.92080550999356,207.97651033123793,,492.25,20,-10,-5,-5,485.7944492231529,490.26131294117675,494.7281766592006,488.9761982131468,489.55403801597254,0,0,0,0,471.1959415532687,486.0020941176471,500.8082466820255,489.553077707332,459.0090127596479,0,0,0,0,489.37758041670986,494.3735529411763,499.3695254656427,488.9761982131468,489.55403801597254,0,0,0,0,486.8384145792938,498.98350588235303,511.1285971854123,491.0879655053753,476.5846265354213,0,0,0,0,3.47957156286241,,,,,,,491.0879655053753,476.5846265354213,0,0,0,0,491.0879655053753,476.5846265354213,0,0,0,0,0
1730903400,500.56,504.68,499.59,504.67,141.79210849166762,113.4336867933341,212.68816273750144,,504.67,10,10,10,55,487.1256180115576,492.06997647058836,497.0143349296191,499.23868051214885,489.55403801597254,0,0,0,0,471.1959415532687,486.0020941176471,500.8082466820255,489.553077707332,459.0090127596479,0,0,0,0,489.88870264005897,495.06996705882364,500.2512314775883,499.23868051214885,489.55403801597254,0,0,0,0,486.8384145792938,498.98350588235303,511.1285971854123,494.72119571673227,476.5846265354213,0,0,0,0,18.622511688644835,,,,,,,494.72119571673227,476.5846265354213,0,0,0,0,494.72119571673227,476.5846265354213,0,0,0,0,0
1730917800,504.69,506.4,504.35,505.61,141.79210849166762,113.4336867933341,212.68816273750144,,505.61,15,35,40,80,488.44700686615084,493.9548047058828,499.46260254561474,502.0850357477202,492.3749107597736,0,0,0,0,471.1959415532687,486.0020941176471,500.8082466820255,492.3651623043754,459.0090127596479,0,0,0,0,490.41730049597754,495.776451764706,501.13560303343445,502.0850357477202,492.3749107597736,0,0,0,0,488.0217375692825,500.56621176470605,513.1106859601297,499.68253887982286,476.5846265354213,0,0,0,0,19.442659348963495,,,,,,,499.68253887982286,476.5846265354213,0,0,0,0,499.68253887982286,476.5846265354213,0,0,0,0,0
1730989800,508.4,512.98,508.34,512.4,154.79157437421347,123.83325949937078,232.1873615613202,,512.4,10,20,20,60,490.29146492636914,496.88255058823523,503.4736362501013,508.68500531308524,492.3749107597736,0,0,0,0,471.1959415532687,486.0020941176471,500.8082466820255,492.3651623043754,459.0090127596479,0,0,0,0,491.06986370434635,496.90044235294124,502.73102100153613,508.68500531308524,492.3749107597736,0,0,0,0,488.0217375692825,500.56621176470605,513.1106859601297,503.4795003884069,476.5846265354213,0,0,0,0,19.592041062770537,,,,,,,503.4795003884069,476.5846265354213,0,0,0,0,503.4795003884069,476.5846265354213,0,0,0,0,0
1731004200,512.37,514.33,511.88,513.6,154.79157437421347,123.83325949937078,232.1873615613202,,513.6,40,40,40,80,492.2682261068181,499.86890823529416,507.46959036377024,510.1955402954663,501.0059885626469,0,0,0,0,473.4044318351807,488.97738823529454,504.5503446354084,501.00836499692,459.0090127596479,0,0,0,0,491.7665646530843,498.08393882352914,504.401312993974,510.1955402954663,501.0059885626469,0,0,0,0,489.33925283953624,502.4827764705882,515.6263001016401,507.19167893209215,476.5846265354213,0,0,0,0,22.09185435993743,,,,,,,507.19167893209215,476.5846265354213,0,0,0,0,507.19167893209215,476.5846265354213,0,0,0,0,0
1731076200,513,514.23,512.42,514.15,155.51562079997194,124.41249663997756,233.2734311999579,,514.15,20,20,20,60,494.3680491802459,502.80903058823554,511.25001199622517,510.48120566292766,501.0059885626469,0,0,0,0,473.4044318351807,488.97738823529454,504.5503446354084,501.00836499692,459.0090127596479,0,0,0,0,492.5297558012636,499.38767058823487,506.24558537520613,510.48120566292766,501.0059885626469,0,0,0,0,489.33925283953624,502.4827764705882,515.6263001016401,507.9372732940855,476.5846265354213,0,0,0,0,22.1211878581432,,,,,,,507.9372732940855,476.5846265354213,0,0,0,0,507.9372732940855,476.5846265354213,0,0,0,0,0
1731090600,514.15,514.92,513.55,514.16,155.51562079997194,124.41249663997756,233.2734311999579,,514.16,25,35,40,70,496.0019565558397,505.029905882353,514.0578552088663,511.0447130460957,505.42073937960066,0,0,0,0,473.4044318351807,488.97738823529454,504.5503446354084,505.4334817828543,459.0090127596479,0,0,0,0,493.3473898062433,500.70620235294126,508.0650148996392,511.0447130460957,505.42073937960066,0,0,0,0,490.64269702662017,504.31905882352953,517.9954206204388,509.2896109159365,476.5846265354213,0,0,0,0,23.93851246408295,,,,,,,509.2896109159365,476.5846265354213,0,0,0,0,509.2896109159365,476.5846265354213,0,0,0,0,0
1731335400,515.37,515.58,510.91,511.94,164.87157190265765,131.89725752212613,247.30735785398647,,511.94,20,20,20,35,497.3689391234648,506.71944000000013,516.0699408765355,511.0447130460957,505.42073937960066,0,0,0,0,473.4044318351807,488.97738823529454,504.5503446354084,505.4334817828543,459.0090127596479,0,0,0,0,494.0614006837889,501.69595764705866,509.3305146103284,511.0447130460957,505.42073937960066,0,0,0,0,490.64269702662017,504.31905882352953,517.9954206204388,509.2896109159365,476.5846265354213,0,0,0,0,23.93851246408295,,,,,,,509.2896109159365,476.5846265354213,0,0,0,0,509.2896109159365,476.5846265354213,0,0,0,0,0
1731349800,511.91,513.94,511.87,513.8,164.87157190265765,131.89725752212613,247.30735785398647,,513.8,40,20,25,40,498.8523750801085,508.59151529411736,518.3306555081261,511.0447130460957,505.42073937960066,0,0,0,0,475.45353686349006,491.7653647058819,508.07719254827373,505.4334817828543,459.0090127596479,0,0,0,0,494.7913111626089,502.64465411764746,510.497997072686,511.0447130460957,505.42073937960066,0,0,0,0,492.035737832917,506.25414117647034,520.4725445200237,509.2896109159365,476.5846265354213,0,0,0,0,23.93851246408295,,,,,,,509.2896109159365,476.5846265354213,0,0,0,0,509.2896109159365,476.5846265354213,0,0,0,0,0
1731421800,513.75,514.66,509.82,511.45,182.23254585560466,145.78603668448372,273.34881878340695,,511.45,20,20,20,35,500.1315082695726,510.12526117647036,520.1190140833681,511.0447130460957,505.42073937960066,0,0,0,0,475.45353686349006,491.7653647058819,508.07719254827373,505.4334817828543,459.0090127596479,0,0,0,0,495.4683345406232,503.52662117647066,511.58490781231814,511.0447130460957,505.42073937960066,0,0,0,0,492.035737832917,506.25414117647034,520.4725445200237,509.2896109159365,476.5846265354213,0,0,0,0,23.93851246408295,,,,,,,509.2896109159365,476.5846265354213,0,0,0,0,509.2896109159365,476.5846265354213,0,0,0,0,0
1731436200,511.42,513.57,511.39,512.93,182.23254585560466,145.78603668448372,273.34881878340695,,512.93,25,25,55,40,501.71271647538214,512.0355129411765,522.358309406971,511.0447130460957,505.42073937960066,0,0,0,0,475.45353686349006,491.7653647058819,508.07719254827373,505.4334817828543,459.0090127596479,0,0,0,0,496.2300231659183,504.5659764705888,512.9019297752593,511.0447130460957,505.42073937960066,0,0,0,0,493.12585153326563,507.45021176470584,521.774571996146,509.2896109159365,476.5846265354213,0,0,0,0,23.93851246408295,,,,,,,509.2896109159365,476.5846265354213,0,0,0,0,509.2896109159365,476.5846265354213,0,0,0,0,0
1731508200,512.4,514.221,509.96,514.025,180.87196483714288,144.69757186971432,271.30794725571434,,514.025,20,10,35,10,503.067176992018,513.6518352941174,524.2364935962169,511.0447130460957,505.42073937960066,0,0,0,0,475.45353686349006,491.7653647058819,508.07719254827373,505.4334817828543,459.0090127596479,0,0,0,0,497.08728969657335,505.74924941176494,514.4112091269566,511.0447130460957,505.42073937960066,0,0,0,0,493.12585153326563,507.45021176470584,521.774571996146,509.2896109159365,476.5846265354213,0,0,0,0,23.93851246408295,,,,,,,509.2896109159365,476.5846265354213,0,0,0,0,509.2896109159365,476.5846265354213,0,0,0,0,0
1731522600,513.98,514.98,511.45,512.26,180.87196483714288,144.69757186971432,271.30794725571434,,512.26,25,10,40,15,504.3063008460527,515.0954470588235,525.8845932715944,511.0447130460957,505.42073937960066,0,0,0,0,477.14497568695487,494.0533176470589,510.96165960716297,505.4334817828543,459.0090127596479,0,0,0,0,497.88069250666337,506.7837223529416,515.6867521992199,511.0447130460957,505.42073937960066,0,0,0,0,494.13693112865985,508.4267999999997,522.7166688713395,509.2896109159365,476.5846265354213,0,0,0,0,23.47903053907619,,,,,,,509.2896109159365,476.5846265354213,0,0,0,0,509.2896109159365,476.5846265354213,0,0,0,0,0
1731594600,511.91,512.8,508.95,510.87,185.90548046250294,148.72438437000235,278.8582206937544,,510.87,10,10,35,10,505.21105561193093,516.0922705882351,526.9734855645394,511.0447130460957,505.42073937960066,0,0,0,0,477.14497568695487,494.0533176470589,510.96165960716297,505.4334817828543,459.0090127596479,0,0,0,0,498.5897641491391,507.6705952941173,516.7514264390954,511.0447130460957,505.42073937960066,0,0,0,0,494.13693112865985,508.4267999999997,522.7166688713395,509.2896109159365,476.5846265354213,0,0,0,0,23.47903053907619,,,,,,,509.2896109159365,476.5846265354213,0,0,0,0,509.2896109159365,476.5846265354213,0,0,0,0,0
1731609000,510.86,510.95,507.78,508.67,185.90548046250294,148.72438437000235,278.8582206937544,,508.67,-5,10,20,-5,505.90463789510613,516.8388352941175,516.8388352941175,511.0447130460957,505.42073937960066,0,0,0,0,477.14497568695487,494.0533176470589,510.96165960716297,505.4334817828543,459.0090127596479,0,0,0,0,499.13888040700334,508.3169505882351,517.4950207694669,511.0447130460957,505.42073937960066,0,0,0,0,494.9366974378069,509.02265882352987,523.1086202092528,509.2896109159365,476.5846265354213,0,0,0,0,22.066770248055974,,,,,,,509.2896109159365,476.5846265354213,0,0,0,0,509.2896109159365,476.5846265354213,0,0,0,0,0
1731681000,502.94,503.31,495.47,496.14,179.5574833317814,143.64598666542514,269.3362249976721,,496.14,-10,-10,-10,-55,504.93240546107967,515.9096823529411,515.9096823529411,502.0607967950885,505.42073937960066,0,0,0,0,477.14497568695487,494.0533176470589,510.96165960716297,505.4334817828543,459.0090127596479,0,0,0,0,498.81786757967564,507.97339999999997,507.97339999999997,502.0607967950885,505.42073937960066,0,0,0,0,494.9366974378069,509.02265882352987,523.1086202092528,507.9165898196822,476.5846265354213,0,0,0,0,7.0127522539340905,,,,,,,507.9165898196822,476.5846265354213,0,0,1,0,507.9165898196822,476.5846265354213,0,0,0,0,0
1731695400,496.13,496.96,494.48,496.5,179.5574833317814,143.64598666542514,269.3362249976721,,496.5,5,-5,-10,-35,503.7075999813238,514.729776470588,514.729776470588,499.8528827382965,505.42073937960066,0,0,0,0,478.23370898794326,495.29007058823487,512.3464321885265,505.4334817828543,459.043190419673,0,0,0,0,498.52488070239093,507.65791999999965,507.65791999999965,499.8528827382965,505.42073937960066,0,0,0,0,495.13538811106923,508.0713176470593,508.0713176470593,501.41469054684774,476.5846265354213,0,0,0,0,6.023659541071427,,,,,,,501.41469054684774,476.5846265354213,0,0,0,0,501.41469054684774,476.5846265354213,0,0,0,0,0
1731940200,498.13,502.15,496.73,500.33,184.68629130965064,147.74903304772053,277.02943696447596,,500.33,-10,-10,-10,-20,503.1046843726381,514.0751882352938,514.0751882352938,499.8528827382965,505.42073937960066,0,0,0,0,478.23370898794326,495.29007058823487,512.3464321885265,505.4334817828543,459.043190419673,0,0,0,0,498.6498251783162,507.7867223529412,507.7867223529412,499.8528827382965,505.42073937960066,0,0,0,0,495.13538811106923,508.0713176470593,508.0713176470593,501.41469054684774,476.5846265354213,0,0,0,0,6.023659541071427,,,,,,,501.41469054684774,476.5846265354213,0,0,0,0,501.41469054684774,476.5846265354213,0,0,0,0,0
1731954600,500.34,500.73,499,499.99,184.68629130965064,147.74903304772053,277.02943696447596,,499.99,-10,-10,-10,-20,501.9198795401222,512.3550705882353,512.3550705882353,499.8528827382965,505.42073937960066,0,0,0,0,478.23370898794326,495.29007058823487,512.3464321885265,505.4334817828543,459.043190419673,0,0,0,0,498.7556717499779,507.89528941176445,507.89528941176445,499.8528827382965,505.42073937960066,0,0,0,0,495.48658137844734,507.5060000000001,519.5254186215528,501.41469054684774,476.5846265354213,0,0,0,0,6.023659541071427,,,,,,,501.41469054684774,476.5846265354213,0,0,0,0,501.41469054684774,476.5846265354213,0,0,0,0,0
1732026600,497.42,502.51,497.1,502.41,185.93558876543193,148.74847101234556,278.9033831481479,,502.41,-10,10,-10,-20,500.92728034007825,510.67462352941186,510.67462352941186,499.8528827382965,505.42073937960066,0,0,0,0,478.23370898794326,495.29007058823487,512.3464321885265,505.4334817828543,459.043190419673,0,0,0,0,498.82849055140616,507.9263270588234,507.9263270588234,499.8528827382965,505.42073937960066,0,0,0,0,495.48658137844734,507.5060000000001,519.5254186215528,501.41469054684774,476.5846265354213,0,0,0,0,6.023659541071427,,,,,,,501.41469054684774,476.5846265354213,0,0,0,0,501.41469054684774,476.5846265354213,0,0,0,0,0
1732041000,502.42,503.95,502,503.42,185.93558876543193,148.74847101234556,278.9033831481479,,503.42,-10,10,-10,-10,500.14114404724364,509.4935882352946,509.4935882352946,499.8528827382965,505.42073937960066,0,0,0,0,479.62904418748633,496.9732941176473,514.3175440478083,505.4334817828543,459.043190419673,0,0,0,0,498.94387963099706,507.9989882352941,517.0540968395911,499.8528827382965,505.42073937960066,0,0,0,0,495.9901887034379,507.26858823529426,518.5469877671507,501.41469054684774,476.5846265354213,0,0,0,0,6.023659541071427,,,,,,,501.41469054684774,476.5846265354213,0,0,0,0,501.41469054684774,476.5846265354213,0,0,0,0,0
1732113000,503.13,503.21,496.56,500.15,189.84190528302224,151.8735242264178,284.76285792453336,,500.15,-10,-10,-10,-10,498.60769999149016,507.3849058823529,507.3849058823529,499.8528827382965,505.42073937960066,0,0,0,0,479.62904418748633,496.9732941176473,514.3175440478083,505.4334817828543,459.043190419673,0,0,0,0,498.7886391655015,507.7599788235296,507.7599788235296,499.8528827382965,505.42073937960066,0,0,0,0,495.9901887034379,507.26858823529426,518.5469877671507,501.41469054684774,476.5846265354213,0,0,0,0,6.023659541071427,,,,,,,501.41469054684774,476.5846265354213,0,0,0,0,501.41469054684774,476.5846265354213,0,0,0,0,0
1732127400,500.12,503.48,498.47,503.215,189.84190528302224,151.8735242264178,284.76285792453336,,503.215,-10,10,-10,-10,497.4908157722152,505.5894352941173,505.5894352941173,499.8528827382965,505.42073937960066,0,0,0,0,479.62904418748633,496.9732941176473,514.3175440478083,505.4334817828543,459.043190419673,0,0,0,0,498.8529889921788,507.76884,516.6846910078212,499.8528827382965,505.42073937960066,0,0,0,0,496.3712554372896,507.30164705882373,518.2320386803578,501.41469054684774,476.5846265354213,0,0,0,0,6.023659541071427,,,,,,,501.41469054684774,476.5846265354213,0,0,0,0,501.41469054684774,476.5846265354213,0,0,0,0,0
1732199400,506.24,506.96,497.56,505.53,194.17475160292912,155.3398012823433,291.2621274043937,,505.53,-10,10,-10,-10,496.82695040708296,503.9562352941171,511.08552018115125,499.8528827382965,505.42073937960066,0,0,0,0,479.62904418748633,496.9732941176473,514.3175440478083,505.4334817828543,459.043190419673,0,0,0,0,499.12551632278905,508.0533011764709,516.9810860301527,499.8528827382965,505.42073937960066,0,0,0,0,496.3712554372896,507.30164705882373,518.2320386803578,501.41469054684774,476.5846265354213,0,0,0,0,6.023659541071427,,,,,,,501.41469054684774,476.5846265354213,0,0,0,0,501.41469054684774,476.5846265354213,0,0,0,0,0
1732213800,505.55,506.33,504.22,504.99,194.17475160292912,155.3398012823433,291.2621274043937,,504.99,-5,10,-5,10,496.2029458972227,502.68571764705837,509.168489396894,501.64117100862575,505.42073937960066,0,0,0,0,481.39063629777786,499.0320470588234,516.673457819869,505.4334817828543,459.043190419673,0,0,0,0,499.27683643623556,508.1619741176469,517.0471117990583,501.64117100862575,505.42073937960066,0,0,0,0,496.8263028929203,507.57795294117653,518.3296029894327,501.41469054684774,476.5846265354213,0,0,0,0,6.023659541071427,,,,,,,501.41469054684774,476.5846265354213,0,0,0,0,501.41469054684774,476.5846265354213,0,0,0,0,0
1732285800,504.42,506.53,502.78,505.84,202.51568240470368,162.01254592376296,303.7735236070555,,505.84,-10,10,-10,-10,495.46789217988777,501.258070588235,507.04824899658223,501.64117100862575,505.42073937960066,0,0,0,0,481.39063629777786,499.0320470588234,516.673457819869,505.4334817828543,459.043190419673,0,0,0,0,499.54194636017183,508.43857647058803,517.3352065810043,501.64117100862575,505.42073937960066,0,0,0,0,496.8263028929203,507.57795294117653,518.3296029894327,501.41469054684774,476.5846265354213,0,0,0,0,6.023659541071427,,,,,,,501.41469054684774,476.5846265354213,0,0,0,0,501.41469054684774,476.5846265354213,0,0,0,0,0
1732300200,505.77,506.35,504.5,505.81,202.51568240470368,162.01254592376296,303.7735236070555,,505.81,-5,25,-5,10,494.981606270182,500.73764705882337,506.49368784746474,501.92178064289254,505.42073937960066,0,0,0,0,481.39063629777786,499.0320470588234,516.673457819869,505.4334817828543,459.043190419673,0,0,0,0,499.7792636487921,508.6790611764703,517.5788587041485,501.92178064289254,505.42073937960066,0,0,0,0,497.30135885117534,507.9272235294122,518.553088207649,501.41469054684774,478.7884034489866,0,0,0,0,5.939009117247761,,,,,,,501.41469054684774,478.7884034489866,0,0,0,0,501.41469054684774,478.7884034489866,0,0,0,0,0
1732545000,509.9,511.44,504.27,506.41,201.66091694091392,161.32873355273114,302.4913754113709,,506.41,-10,10,-10,15,494.87391838293235,500.6243294117646,506.3747404405969,503.2445105969716,505.42073937960066,0,0,0,0,481.39063629777786,499.0320470588234,516.673457819869,505.4334817828543,459.043190419673,0,0,0,0,500.0285097695526,508.9303694117645,517.8322290539764,503.2445105969716,505.42073937960066,0,0,0,0,497.30135885117534,507.9272235294122,518.553088207649,501.41469054684774,478.7884034489866,0,0,0,0,5.939009117247761,,,,,,,501.41469054684774,478.7884034489866,0,0,0,0,501.41469054684774,478.7884034489866,0,0,0,0,0
1732559400,506.38,506.82,505.35,506.56,201.66091694091392,161.32873355273114,302.4913754113709,,506.56,-5,15,-5,5,495.23713144401466,500.8984470588239,506.5597626736331,503.2445105969716,505.42073937960066,0,0,0,0,483.6695739275344,501.54065882352927,519.4117437195242,505.4334817828543,459.043190419673,0,0,0,0,500.2977682106359,509.21240705882354,518.1270459070112,503.2445105969716,505.42073937960066,0,0,0,0,497.7788435820107,508.1829647058828,518.5870858297549,501.41469054684774,478.7884034489866,0,0,0,0,5.939009117247761,,,,,,,501.41469054684774,478.7884034489866,0,0,0,0,501.41469054684774,478.7884034489866,0,0,0,0,0
1732631400,508.08,510.14,507.63,508.54,191.44976672466856,153.15981337973486,287.1746500870029,,508.54,10,10,10,35,496.18487097274914,501.6878823529412,507.19089373313324,504.81116653976284,505.42073937960066,0,0,0,0,483.6695739275344,501.54065882352927,519.4117437195242,505.4334817828543,459.043190419673,0,0,0,0,500.66038652175786,509.6073152941171,518.5542440664764,504.81116653976284,505.42073937960066,0,0,0,0,497.7788435820107,508.1829647058828,518.5870858297549,503.3358528284411,478.7884034489866,0,0,0,0,6.014244424787355,,,,,,,503.3358528284411,478.7884034489866,0,0,0,0,503.3358528284411,478.7884034489866,0,0,0,0,0
1732645800,508.48,509.71,507.25,509.31,191.44976672466856,153.15981337973486,287.1746500870029,,509.31,15,10,15,60,497.2713535293792,502.6007529411765,507.9301523529738,505.51422012867306,505.42073937960066,0,0,0,0,483.6695739275344,501.54065882352927,519.4117437195242,505.4334817828543,459.043190419673,0,0,0,0,501.0708174709598,510.0664117647055,519.0620060584512,505.51422012867306,505.42073937960066,0,0,0,0,498.3650887044504,508.581435294118,518.7977818837857,503.3358528284411,478.7884034489866,0,0,0,0,21.014244424787357,,,,,,,503.3358528284411,478.7884034489866,0,0,0,0,503.3358528284411,478.7884034489866,0,0,0,0,0
1732717800,508.17,508.23,501.93,504.21,189.0403091012595,151.2322472810076,283.5604636518893,,504.21,-10,10,-10,0,497.63485930653303,502.770183529412,502.770183529412,505.51422012867306,505.42073937960066,0,0,0,0,483.6695739275344,501.54065882352927,519.4117437195242,505.4334817828543,459.043190419673,0,0,0,0,500.9694091905324,509.7666141176467,509.7666141176467,505.51422012867306,505.42073937960066,0,0,0,0,498.3650887044504,508.581435294118,518.7977818837857,503.3358528284411,478.7884034489866,0,0,0,0,21.014244424787357,,,,,,,503.3358528284411,478.7884034489866,0,0,0,0,503.3358528284411,478.7884034489866,0,0,0,0,0
1732732200,504.2,505.65,504.11,505.28,189.0403091012595,151.2322472810076,283.5604636518893,,505.28,-10,10,-10,-10,498.19447694432705,503.1516235294114,503.1516235294114,505.51422012867306,505.42073937960066,0,0,0,0,485.95404685301065,503.9889647058822,522.0238825587537,505.4334817828543,459.043190419673,0,0,0,0,500.9273196179376,509.53669882352904,518.1460780291204,505.51422012867306,505.42073937960066,0,0,0,0,498.7213575787473,508.502258823529,518.2831600683107,503.3358528284411,478.7884034489866,0,0,0,0,21.014244424787357,,,,,,,503.3358528284411,478.7884034489866,0,0,0,0,503.3358528284411,478.7884034489866,0,0,0,0,0
1732890600,505.93,510.33,505.32,509.71,196.9322177582699,157.54577420661593,295.39832663740486,,509.71,55,55,15,40,499.59374649043684,504.3683105882349,509.142874686033,506.4154389281172,505.42073937960066,0,0,0,0,485.95404685301065,503.9889647058822,522.0238825587537,505.4334817828543,472.0803911039821,0,0,0,0,501.19076790285914,509.7477482352938,518.3047285677285,506.4154389281172,505.42073937960066,0,0,0,0,499.3223115655856,509.1649647058823,519.0076178461791,503.3358528284411,484.7522674883447,0,0,0,0,16.9708167605695,,,,,,,503.3358528284411,484.7522674883447,0,0,0,0,503.3358528284411,484.7522674883447,0,0,0,0,0
1733149800,511.02,516.27,510.62,515.13,200.10893918384252,160.08715134707404,300.1634087757638,,515.13,35,35,10,35,501.3541048456771,506.29316235294095,511.2322198602048,511.43407744312145,505.42073937960066,0,0,0,0,485.95404685301065,503.9889647058822,522.0238825587537,505.4334817828543,472.0803911039821,0,0,0,0,501.73223428440764,510.3594564705878,518.9866786567679,511.43407744312145,505.42073937960066,0,0,0,0,499.3223115655856,509.1649647058823,519.0076178461791,506.20442091507704,484.7522674883447,0,0,0,0,17.081771685861767,,,,,,,506.20442091507704,484.7522674883447,0,0,0,0,506.20442091507704,484.7522674883447,0,0,0,0,0
1733164200,515.12,515.83,514.28,515.29,200.10893918384252,160.08715134707404,300.1634087757638,,515.29,40,35,15,40,503.2560311290344,508.3666729411769,513.4773147533194,512.5546637137119,505.42073937960066,0,0,0,0,488.383223955669,506.96164705882336,525.5400701619777,505.4334817828543,472.0803911039821,0,0,0,0,502.34864145196264,511.1153411764702,519.8820409009778,512.5546637137119,505.42073937960066,0,0,0,0,500.12727157820234,510.15974117647073,520.1922107747391,510.06910513542863,484.7522674883447,0,0,0,0,17.23125593584175,,,,,,,510.06910513542863,484.7522674883447,0,0,0,0,510.06910513542863,484.7522674883447,0,0,0,0,0
1733236200,513.93,516.48,513.39,515.69,197.27399221828898,157.8191937746312,295.9109883274335,,515.69,35,35,10,20,505.2070381745876,510.4994658823535,515.7918935901193,512.5546637137119,505.42073937960066,0,0,0,0,488.383223955669,506.96164705882336,525.5400701619777,505.4334817828543,472.0803911039821,0,0,0,0,502.9199774745089,511.79256705882324,520.6651566431376,512.5546637137119,505.42073937960066,0,0,0,0,500.12727157820234,510.15974117647073,520.1922107747391,510.06910513542863,484.7522674883447,0,0,0,0,17.23125593584175,,,,,,,510.06910513542863,484.7522674883447,0,0,0,0,510.06910513542863,484.7522674883447,0,0,0,0,0
1733250600,515.65,517.15,515.33,516.92,197.27399221828898,157.8191937746312,295.9109883274335,,516.92,40,50,30,55,507.11479644793263,512.6617529411759,518.2087094344192,513.5322149710362,507.0051197079376,0,0,0,0,488.383223955669,506.96164705882336,525.5400701619777,507.0219500448122,472.0803911039821,0,0,0,0,503.54774358532654,512.5592823529412,521.5708211205558,513.5322149710362,507.0051197079376,0,0,0,0,500.9716723208224,511.2239058823529,521.4761394438833,511.36422840758905,484.7522674883447,0,0,0,0,17.70195394267035,,,,,,,511.36422840758905,484.7522674883447,0,0,0,0,511.36422840758905,484.7522674883447,0,0,0,0,0
1733322600,520.32,522.23,519.6,521.52,197.25887279887561,157.8070982391005,295.88830919831344,,521.52,10,10,10,35,509.16558887270264,515.4187929411768,521.6719970096509,518.5839506638016,507.0051197079376,0,0,0,0,488.383223955669,506.96164705882336,525.5400701619777,507.0219500448122,472.0803911039821,0,0,0,0,504.3349225276153,513.5968117647061,522.8587010017969,518.5839506638016,507.0051197079376,0,0,0,0,500.9716723208224,511.2239058823529,521.4761394438833,515.5382120927612,484.7522674883447,0,0,0,0,17.863401757040524,,,,,,,515.5382120927612,484.7522674883447,0,0,0,0,515.5382120927612,484.7522674883447,0,0,0,0,0
1733337000,521.5,523.52,520.88,523.25,197.25887279887561,157.8070982391005,295.88830919831344,,523.25,40,40,55,80,511.0942298114741,518.1224447058825,525.1506596002909,520.3846309295025,513.2147540145135,0,0,0,0,491.3198166356994,510.6670117647061,530.0142068937128,513.2153821844685,472.0803911039821,0,0,0,0,505.2642813348757,514.867211764706,524.4701421945363,520.3846309295025,513.2147540145135,0,0,0,0,502.0450606865947,512.797835294118,523.5506099016413,516.9197683718497,484.7522674883447,0,0,0,0,19.556770203014835,,,,,,,516.9197683718497,484.7522674883447,0,0,0,0,516.9197683718497,484.7522674883447,0,0,0,0,0
1733409000,523.31,524.04,521.99,522.42,203.09174077092825,162.47339261674261,304.6376111563924,,522.42,20,20,20,45,512.3425584841822,519.706896470589,527.0712344569957,520.3846309295025,513.2147540145135,0,0,0,0,491.3198166356994,510.6670117647061,530.0142068937128,513.2153821844685,472.0803911039821,0,0,0,0,506.15880808516533,516.0470470588232,525.935286032481,520.3846309295025,513.2147540145135,0,0,0,0,502.0450606865947,512.797835294118,523.5506099016413,518.1662134881461,484.7522674883447,0,0,0,0,19.604982140323862,,,,,,,518.1662134881461,484.7522674883447,0,0,0,0,518.1662134881461,484.7522674883447,0,0,0,0,0
1733423400,522.37,522.98,521.44,521.8,203.09174077092825,162.47339261674261,304.6376111563924,,521.8,25,35,40,55,513.3967701628843,520.8147835294122,528.2327968959402,520.3846309295025,515.303707299191,0,0,0,0,491.3198166356994,510.6670117647061,530.0142068937128,515.3257120284351,472.0803911039821,0,0,0,0,506.9521787935745,517.0555411764703,527.1589035593662,520.3846309295025,515.303707299191,0,0,0,0,503.06033578935336,514.188023529412,525.3157112694707,518.1662134881461,484.7522674883447,0,0,0,0,20.163766693689738,,,,,,,518.1662134881461,484.7522674883447,0,0,0,0,518.1662134881461,484.7522674883447,0,0,0,0,0
1733495400,522.48,526.71,522.36,526.5,199.77442693179782,159.81954154543826,299.6616403976967,,526.5,20,20,20,60,514.7972984038818,522.7094235294119,530.621548654942,522.7797871545073,515.303707299191,0,0,0,0,491.3198166356994,510.6670117647061,530.0142068937128,515.3257120284351,472.0803911039821,0,0,0,0,507.8729920483515,518.293470588235,528.7139491281185,522.7797871545073,515.303707299191,0,0,0,0,503.06033578935336,514.188023529412,525.3157112694707,518.6101024464117,484.7522674883447,0,0,0,0,20.180936119241068,,,,,,,518.6101024464117,484.7522674883447,0,0,0,0,518.6101024464117,484.7522674883447,0,0,0,0,0
1733509800,526.49,526.62,525.37,526.54,199.77442693179782,159.81954154543826,299.6616403976967,,526.54,40,75,40,70,516.1179394717451,524.3646047058827,532.6112699400203,523.8806838219987,516.3198710635346,0,0,0,0,493.7069527434704,513.9834117647063,534.2598707859421,516.3317325978326,472.0803911039821,0,0,0,0,508.66620087704183,519.019211764706,529.3722226523702,523.8806838219987,516.3198710635346,0,0,0,0,504.2829701409314,516.0021411764708,527.7213122120102,521.7986665573824,493.45639123917726,0,0,0,0,22.495191863810977,,,,,,,521.7986665573824,493.45639123917726,0,0,0,0,521.7986665573824,493.45639123917726,0,0,0,0,0
1733754600,525.55,526.38,521.22,523.26,208.3684452473303,166.69475619786425,312.55266787099544,,523.26,20,25,20,45,517.0751320094325,525.4046329411767,533.7341338729209,523.8806838219987,516.3198710635346,0,0,0,0,493.7069527434704,513.9834117647063,534.2598707859421,516.3317325978326,472.0803911039821,0,0,0,0,509.2932519797052,519.3351411764704,529.3770303732356,523.8806838219987,516.3198710635346,0,0,0,0,504.2829701409314,516.0021411764708,527.7213122120102,521.7986665573824,493.45639123917726,0,0,0,0,22.495191863810977,,,,,,,521.7986665573824,493.45639123917726,0,0,0,0,521.7986665573824,493.45639123917726,0,0,0,0,0
1733769000,523.23,523.94,521.32,522.38,208.3684452473303,166.69475619786425,312.55266787099544,,522.38,25,40,55,50,517.8366054508892,526.1752258823528,534.5138463138164,523.8806838219987,516.3198710635346,0,0,0,0,493.7069527434704,513.9834117647063,534.2598707859421,516.3317325978326,472.0803911039821,0,0,0,0,509.8304572136081,519.7283176470587,529.6261780805092,523.8806838219987,516.3198710635346,0,0,0,0,505.28314564334175,517.302023529412,529.3209014154824,521.7986665573824,493.45639123917726,0,0,0,0,22.495191863810977,,,,,,,521.7986665573824,493.45639123917726,0,0,0,0,521.7986665573824,493.45639123917726,0,0,0,0,0
1733841000,523.62,525.36,521.41,522.19,200.3932943353551,160.3146354682841,300.58994150303266,,522.19,20,35,35,20,518.4340010609269,526.4920776470592,534.5501542331915,523.8806838219987,516.3198710635346,0,0,0,0,493.7069527434704,513.9834117647063,534.2598707859421,516.3317325978326,472.0803911039821,0,0,0,0,510.33410174637663,519.9340117647057,529.5339217830348,523.8806838219987,516.3198710635346,0,0,0,0,505.28314564334175,517.302023529412,529.3209014154824,521.7986665573824,493.45639123917726,0,0,0,0,22.495191863810977,,,,,,,521.7986665573824,493.45639123917726,0,0,0,0,521.7986665573824,493.45639123917726,0,0,0,0,0
1733855400,522.2,522.38,519.16,520.57,200.3932943353551,160.3146354682841,300.58994150303266,,520.57,25,35,40,15,518.7192348041887,526.4965176470591,534.2738004899296,523.8806838219987,516.3198710635346,0,0,0,0,495.60585413467453,516.4768470588236,537.3478399829728,516.3317325978326,472.0803911039821,0,0,0,0,510.7329951589284,519.9275882352946,529.1221813116607,523.8806838219987,516.3198710635346,0,0,0,0,506.19490118578256,518.4326588235293,530.6704164612761,521.7986665573824,493.45639123917726,0,0,0,0,22.24282993162346,,,,,,,521.7986665573824,493.45639123917726,0,0,0,0,521.7986665573824,493.45639123917726,0,0,0,0,0
1733927400,525,530.14,524.6,530.12,198.82057274824234,159.05645819859387,298.23085912236354,,530.12,10,10,35,25,519.9592183180392,528.0149223529413,536.0706263878434,526.1486918401883,516.3198710635346,0,0,0,0,495.60585413467453,516.4768470588236,537.3478399829728,516.3317325978326,472.0803911039821,0,0,0,0,511.5673540823446,520.533917647059,529.5004812117733,526.1486918401883,516.3198710635346,0,0,0,0,506.19490118578256,518.4326588235293,530.6704164612761,521.7986665573824,493.45639123917726,0,0,0,0,22.24282993162346,,,,,,,521.7986665573824,493.45639123917726,0,0,0,0,521.7986665573824,493.45639123917726,0,0,0,0,0
1733941800,530.13,530.61,529.59,529.93,198.82057274824234,159.05645819859387,298.23085912236354,,529.93,15,25,55,55,521.1675124945077,529.4548564705887,537.7422004466696,527.5225455152645,518.3104324805341,0,0,0,0,495.60585413467453,516.4768470588236,537.3478399829728,518.317411267288,472.0803911039821,0,0,0,0,512.3186778110495,521.2488823529413,530.1790868948332,527.5225455152645,518.3104324805341,0,0,0,0,507.34576007006984,519.938423529412,532.5310869887543,525.767307206868,493.45639123917726,0,0,0,0,21.935447935499106,,,,,,,525.767307206868,493.45639123917726,0,0,0,0,525.767307206868,493.45639123917726,0,0,0,0,0
1734013800,527.68,528.96,526.04,528.58,208.3473836671383,166.67790693371066,312.52107550070747,,528.58,10,10,10,20,522.0788521465257,530.3404847058822,538.6021172652387,527.5225455152645,518.3104324805341,0,0,0,0,495.60585413467453,516.4768470588236,537.3478399829728,518.317411267288,472.0803911039821,0,0,0,0,512.9895532177231,521.7918235294118,530.5940938411004,527.5225455152645,518.3104324805341,0,0,0,0,507.34576007006984,519.938423529412,532.5310869887543,525.767307206868,493.45639123917726,0,0,0,0,21.935447935499106,,,,,,,525.767307206868,493.45639123917726,0,0,0,0,525.767307206868,493.45639123917726,0,0,0,0,0
1734028200,528.57,528.62,526.5,526.5,208.3473836671383,166.67790693371066,312.52107550070747,,526.5,40,40,40,65,522.6914774016452,530.7713129411763,538.8511484807075,527.5225455152645,519.9104015890673,0,0,0,0,497.880037053302,519.536870588236,541.1937041231699,519.9283104624816,472.0803911039821,0,0,0,0,513.6334088931163,522.5845764705886,531.5357440480608,527.5225455152645,519.9104015890673,0,0,0,0,508.3421374351743,521.0913647058825,533.8405919765906,525.767307206868,493.45639123917726,0,0,0,0,22.02671980764983,,,,,,,525.767307206868,493.45639123917726,0,0,0,0,525.767307206868,493.45639123917726,0,0,0,0,0
1734100200,530.46,533.169,527.301,529.15,206.0131426826641,164.81051414613128,309.01971402399613,,529.15,20,20,20,45,523.4547667468397,531.4534117647061,539.4520567825724,527.5225455152645,519.9104015890673,0,0,0,0,497.880037053302,519.536870588236,541.1937041231699,519.9283104624816,472.0803911039821,0,0,0,0,514.3912645416546,523.5693294117649,532.7473942818752,527.5225455152645,519.9104015890673,0,0,0,0,508.3421374351743,521.0913647058825,533.8405919765906,525.767307206868,493.45639123917726,0,0,0,0,22.02671980764983,,,,,,,525.767307206868,493.45639123917726,0,0,0,0,525.767307206868,493.45639123917726,0,0,0,0,0
1734114600,529.08,531.135,528.85,530.5,206.0131426826641,164.81051414613128,309.01971402399613,,530.5,55,65,40,70,524.305311245829,532.169934117647,540.034556989465,527.9126888152326,521.1507514755626,0,0,0,0,497.880037053302,519.536870588236,541.1937041231699,521.1495025723044,486.2202845965548,0,0,0,0,515.3859160178386,524.8751176470591,534.3643192762797,527.9126888152326,521.1507514755626,0,0,0,0,509.45095152237377,522.4380000000001,535.4250484776264,525.767307206868,502.22192757923597,0,0,0,0,17.828561799959985,,,,,,,525.767307206868,502.22192757923597,0,0,0,0,525.767307206868,502.22192757923597,0,0,0,0,0
1734359400,533.07,538.5,533,538.41,215.17259221337642,172.13807377070114,322.7588883200646,,538.41,35,35,20,60,525.6701801519628,533.867703529412,542.0652269068612,532.9143592335424,521.1507514755626,0,0,0,0,497.880037053302,519.536870588236,541.1937041231699,521.1495025723044,486.2202845965548,0,0,0,0,516.6960156923404,526.800505882353,536.9049960723656,532.9143592335424,521.1507514755626,0,0,0,0,509.45095152237377,522.4380000000001,535.4250484776264,528.899419138528,502.22192757923597,0,0,0,0,17.945496357162007,,,,,,,528.899419138528,502.22192757923597,0,0,0,0,528.899419138528,502.22192757923597,0,0,0,0,0
1734373800,538.41,539.14,537.82,538.19,215.17259221337642,172.13807377070114,322.7588883200646,,538.19,55,50,40,70,527.0348875499012,535.5070023529413,543.9791171559814,535.454047859718,526.6741763701652,0,0,0,0,500.00368366865314,522.5010823529415,544.9984810372298,526.6707523885683,486.2202845965548,0,0,0,0,518.0201464621338,528.6724352941178,539.3247241261018,535.454047859718,526.6741763701652,0,0,0,0,510.83209278113026,524.491905882353,538.1517189835756,533.9180320572045,502.22192757923597,0,0,0,0,19.55229288624865,,,,,,,533.9180320572045,502.22192757923597,0,0,0,0,533.9180320572045,502.22192757923597,0,0,0,0,0
1734445800,536.37,537.48,534.13,535.85,218.50643432547972,174.80514746038378,327.75965148821956,,535.85,25,40,10,35,528.0892861362441,536.0628235294115,544.0363609225789,535.454047859718,526.6741763701652,0,0,0,0,500.00368366865314,522.5010823529415,544.9984810372298,526.6707523885683,486.2202845965548,0,0,0,0,519.246543276626,530.3065058823537,541.3664684880814,535.454047859718,526.6741763701652,0,0,0,0,510.83209278113026,524.491905882353,538.1517189835756,533.9180320572045,502.22192757923597,0,0,0,0,19.55229288624865,,,,,,,533.9180320572045,502.22192757923597,0,0,0,0,533.9180320572045,502.22192757923597,0,0,0,0,0
1734460200,535.84,536.24,534.37,535.86,218.50643432547972,174.80514746038378,327.75965148821956,,535.86,40,60,80,55,528.9799761147866,536.3039058823528,543.6278356499189,535.454047859718,527.9674494865819,0,0,0,0,500.00368366865314,522.5010823529415,544.9984810372298,527.9628415036706,486.2202845965548,0,0,0,0,520.3738900279909,531.801517647059,543.229145266127,535.454047859718,527.9674494865819,0,0,0,0,512.0646287246979,526.0333411764703,540.0020536282428,533.9180320572045,502.22192757923597,0,0,0,0,19.884469770892203,,,,,,,533.9180320572045,502.22192757923597,0,0,0,0,533.9180320572045,502.22192757923597,0,0,0,0,0
1734532200,535.15,536.87,533.47,535.47,218.79674413406653,175.03739530725323,328.1951162010998,,535.47,10,25,45,45,529.7737557663146,536.6960941176468,543.618432468979,535.454047859718,527.9674494865819,0,0,0,0,500.00368366865314,522.5010823529415,544.9984810372298,527.9628415036706,486.2202845965548,0,0,0,0,521.523293792054,533.2843647058825,545.0454356197109,535.454047859718,527.9674494865819,0,0,0,0,512.0646287246979,526.0333411764703,540.0020536282428,533.9180320572045,502.22192757923597,0,0,0,0,19.884469770892203,,,,,,,533.9180320572045,502.22192757923597,0,0,0,0,533.9180320572045,502.22192757923597,0,0,0,0,0
1734546600,535.47,535.81,515.01,516.51,218.79674413406653,175.03739530725323,328.1951162010998,,516.51,-10,10,25,-30,528.0309712486134,534.7382823529412,534.7382823529412,526.6427220936463,527.9674494865819,0,0,0,0,501.2151024934974,523.8175529411766,546.4200033888558,527.9628415036706,486.2202845965548,0,0,0,0,521.4062035412346,533.1500352941179,533.1500352941179,526.6427220936463,527.9674494865819,0,0,0,0,512.3800858540645,526.2355058823533,526.2355058823533,533.9180320572045,502.22192757923597,0,0,0,0,4.569002526296666,,,,,,,533.9180320572045,502.22192757923597,0,0,1,0,533.9180320572045,502.22192757923597,0,0,0,0,0
1734618600,521.19,521.75,515.4,517.79,206.3235733638096,165.0588586910477,309.4853600457144,,517.79,-10,10,15,-35,526.1737223057584,532.7116235294117,532.7116235294117,523.8694899685013,527.9674494865819,0,0,0,0,501.2151024934974,523.8175529411766,546.4200033888558,527.9628415036706,486.2202845965548,0,0,0,0,521.4245271456354,533.1623882352945,533.1623882352945,523.8694899685013,527.9674494865819,0,0,0,0,512.3800858540645,526.2355058823533,526.2355058823533,526.808884139392,502.22192757923597,0,0,0,0,4.3035889389180975,,,,,,,526.808884139392,502.22192757923597,0,0,0,0,526.808884139392,502.22192757923597,0,0,0,0,0
1734633000,517.7,519.48,513.84,514.14,206.3235733638096,165.0588586910477,309.4853600457144,,514.14,-5,10,20,-30,523.6348825035445,530.2091294117649,530.2091294117649,521.0517541054934,527.9674494865819,0,0,0,0,501.2151024934974,523.8175529411766,546.4200033888558,527.9628415036706,486.2202845965548,0,0,0,0,521.1862344227161,532.9236941176472,532.9236941176472,521.0517541054934,527.9674494865819,0,0,0,0,512.5730735917988,526.3491529411768,526.3491529411768,524.5803924151497,502.22192757923597,0,0,0,0,3.9644646598028626,,,,,,,524.5803924151497,502.22192757923597,0,0,0,0,524.5803924151497,502.22192757923597,0,0,0,0,0
1734705000,510.44,524.83,509.29,521.39,200.47081434404146,160.3766514752332,300.7062215160622,,521.39,-10,10,-10,-20,522.3220603296953,528.678447058824,528.678447058824,521.0517541054934,527.9674494865819,0,0,0,0,501.2151024934974,523.8175529411766,546.4200033888558,527.9628415036706,486.2202845965548,0,0,0,0,521.4302555130693,533.1770705882352,533.1770705882352,521.0517541054934,527.9674494865819,0,0,0,0,512.5730735917988,526.3491529411768,526.3491529411768,524.5803924151497,502.22192757923597,0,0,0,0,3.9644646598028626,,,,,,,524.5803924151497,502.22192757923597,0,0,0,0,524.5803924151497,502.22192757923597,0,0,0,0,0
1734719400,521.41,523.37,517.67,518.82,200.47081434404146,160.3766514752332,300.7062215160622,,518.82,-5,15,-5,-15,520.8520732833284,527.2718823529405,527.2718823529405,521.0517541054934,527.9674494865819,0,0,0,0,502.6163128186426,525.4671764705886,548.3180401225346,527.9628415036706,486.2202845965548,0,0,0,0,521.4279847657249,533.153811764706,533.153811764706,521.0517541054934,527.9674494865819,0,0,0,0,513.0056981763706,526.7395764705884,540.4734547648062,524.5803924151497,502.22192757923597,0,0,0,0,6.178253924435702,,,,,,,524.5803924151497,502.22192757923597,0,0,0,0,524.5803924151497,502.22192757923597,0,0,0,0,0
1734964200,519.55,522.29,516.14,521.94,195.68118255611816,156.54494604489454,293.5217738341772,,521.94,-10,10,-10,-20,519.6852821361231,526.165670588235,526.165670588235,521.0517541054934,527.9674494865819,0,0,0,0,502.6163128186426,525.4671764705886,548.3180401225346,527.9628415036706,486.2202845965548,0,0,0,0,521.5697715980551,533.2661058823529,533.2661058823529,521.0517541054934,527.9674494865819,0,0,0,0,513.0056981763706,526.7395764705884,540.4734547648062,524.5803924151497,502.22192757923597,0,0,0,0,6.178253924435702,,,,,,,524.5803924151497,502.22192757923597,0,0,0,0,524.5803924151497,502.22192757923597,0,0,0,0,0
1734978600,521.93,523.3,520.7,522.92,195.68118255611816,156.54494604489454,293.5217738341772,,522.92,-5,10,-5,-15,518.777535668541,525.2693647058821,525.2693647058821,521.0517541054934,527.9674494865819,0,0,0,0,502.6163128186426,525.4671764705886,548.3180401225346,527.9628415036706,486.2202845965548,0,0,0,0,521.5732829697288,532.9220705882351,532.9220705882351,521.0517541054934,527.9674494865819,0,0,0,0,513.6572424629957,527.4263529411771,541.1954634193586,524.5803924151497,502.22192757923597,0,0,0,0,5.326595222941195,,,,,,,524.5803924151497,502.22192757923597,0,0,0,0,524.5803924151497,502.22192757923597,0,0,0,0,0
1735050600,524.83,530.05,524.19,530.05,194.9672774610749,155.97382196885994,292.45091619161235,,530.05,15,10,15,40,518.909186793869,525.3617129411766,531.8142390884842,523.8720415574185,527.9674494865819,0,0,0,0,504.20024419307487,526.989435294118,549.7786263951612,527.9628415036706,486.2202845965548,0,0,0,0,521.9935411180729,533.0830470588235,544.172552999574,523.8720415574185,527.9674494865819,0,0,0,0,514.7191509027547,528.7598117647059,542.8004726266571,524.5803924151497,502.22192757923597,0,0,0,0,5.326595222941195,,,,,,,524.5803924151497,502.22192757923597,0,0,0,0,524.5803924151497,502.22192757923597,0,0,0,0,0
1735223400,528.3,531.24,526.32,530.29,204.54922778421633,163.63938222737306,306.8238416763245,,530.29,10,10,10,35,519.3274804632691,525.809482352941,532.2914842426129,525.0925766489986,527.9674494865819,0,0,0,0,504.20024419307487,526.989435294118,549.7786263951612,527.9628415036706,486.2202845965548,0,0,0,0,522.4071656603918,533.336917647059,544.2666696337261,525.0925766489986,527.9674494865819,0,0,0,0,514.7191509027547,528.7598117647059,542.8004726266571,524.5803924151497,502.22192757923597,0,0,0,0,5.127289092155065,,,,,,,524.5803924151497,502.22192757923597,0,0,0,0,524.5803924151497,502.22192757923597,0,0,0,0,0
1735237800,530.29,530.87,529.31,529.57,204.54922778421633,163.63938222737306,306.8238416763245,,529.57,-5,15,-5,20,519.7826815970219,526.2987576470588,532.8148336970957,525.991048233065,527.9674494865819,0,0,0,0,504.20024419307487,526.989435294118,549.7786263951612,527.9628415036706,486.2202845965548,0,0,0,0,522.7430873499499,533.4507882352939,544.1584891206379,525.991048233065,527.9674494865819,0,0,0,0,515.5942907653274,529.7229411764711,543.8515915876147,524.5803924151497,502.22192757923597,0,0,0,0,5.127289092155065,,,,,,,524.5803924151497,502.22192757923597,0,0,0,0,524.5803924151497,502.22192757923597,0,0,0,0,0
1735309800,526.06,526.45,517.85,519.94,196.89035771559037,157.5122861724723,295.3355365733855,,519.94,-10,10,-10,-15,518.4455252810592,525.0367623529406,525.0367623529406,525.472004329653,527.9674494865819,0,0,0,0,504.20024419307487,526.989435294118,549.7786263951612,527.9628415036706,486.2202845965548,0,0,0,0,522.4062378771965,532.8441176470593,532.8441176470593,525.472004329653,527.9674494865819,0,0,0,0,515.5942907653274,529.7229411764711,543.8515915876147,524.5803924151497,502.22192757923597,0,0,0,0,5.127289092155065,,,,,,,524.5803924151497,502.22192757923597,0,0,0,0,524.5803924151497,502.22192757923597,0,0,0,0,0
1735324200,519.92,522.86,519.72,522.58,196.89035771559037,157.5122861724723,295.3355365733855,,522.58,-5,10,-5,5,517.3038939426718,523.8953317647055,523.8953317647055,525.472004329653,527.9674494865819,0,0,0,0,505.39051162517586,527.3772235294125,549.3639354336491,527.9628415036706,486.2202845965548,0,0,0,0,522.2518493568923,532.4415882352944,532.4415882352944,525.472004329653,527.9674494865819,0,0,0,0,516.0387489237226,530.05065882353,544.0625687233373,524.5803924151497,502.22192757923597,0,0,0,0,5.127289092155065,,,,,,,524.5803924151497,502.22192757923597,0,0,0,0,524.5803924151497,502.22192757923597,0,0,0,0,0
1735569000,515.51,519.36,511.85,518.25,192.40434531556886,153.9234762524551,288.6065179733533,,518.25,-10,10,-10,-35,515.1695492080893,521.9961129411763,521.9961129411763,520.2671660030057,527.9674494865819,0,0,0,0,505.39051162517586,527.3772235294125,549.3639354336491,527.9628415036706,486.2202845965548,0,0,0,0,521.7303103172626,531.5269647058826,531.5269647058826,520.2671660030057,527.9674494865819,0,0,0,0,516.0387489237226,530.05065882353,544.0625687233373,524.5803924151497,502.22192757923597,0,0,0,0,5.127289092155065,,,,,,,524.5803924151497,502.22192757923597,0,0,0,0,524.5803924151497,502.22192757923597,0,0,0,0,0
1735583400,518.23,519.28,515.48,515.55,192.40434531556886,153.9234762524551,288.6065179733533,,515.55,-15,-5,-30,-40,512.8717490952205,519.8843764705883,519.8843764705883,520.2671660030057,527.4625549316007,0,0,0,0,505.39051162517586,527.3772235294125,549.3639354336491,527.4615852158021,486.2202845965548,0,0,0,0,520.9663891053633,530.4827058823529,530.4827058823529,520.2671660030057,527.4625549316007,0,0,0,0,515.9923956452255,529.7778588235296,529.7778588235296,524.5803924151497,502.22192757923597,0,0,0,0,4.99842355945613,,,,,,,524.5803924151497,502.22192757923597,0,0,0,0,524.5803924151497,502.22192757923597,0,0,0,0,0
1735655400,516.9,517.65,510.95,511.18,190.43813769675597,152.35051015740478,285.65720654513393,,511.18,-10,-10,-10,-35,510.4631263200119,517.9726870588232,517.9726870588232,518.6972111262309,527.4625549316007,0,0,0,0,505.39051162517586,527.3772235294125,549.3639354336491,527.4615852158021,486.2202845965548,0,0,0,0,519.7921406912913,529.1627058823528,529.1627058823528,518.6972111262309,527.4625549316007,0,0,0,0,515.9923956452255,529.7778588235296,529.7778588235296,523.5581742848971,502.22192757923597,0,0,0,0,4.9602599730220955,,,,,,,523.5581742848971,502.22192757923597,0,0,0,0,523.5581742848971,502.22192757923597,0,0,0,0,0
1735669800,511.16,513.45,510.27,511.19,190.43813769675597,152.35051015740478,285.65720654513393,,511.19,-20,-20,-35,-60,508.3889833235894,516.284856470588,516.284856470588,517.3066960457859,525.7123724364864,0,0,0,0,505.8450725053105,527.0315058823533,548.2179392593961,525.7000434146734,486.2202845965548,0,0,0,0,518.6057832281203,527.8085882352938,527.8085882352938,517.3066960457859,525.7123724364864,0,0,0,0,515.6333698128316,529.2364470588234,529.2364470588234,519.1633046931188,502.22192757923597,0,0,0,0,4.343315319719772,,,,,,,519.1633046931188,502.22192757923597,0,0,0,0,519.1633046931188,502.22192757923597,0,0,0,0,0
1735828200,514.31,516.62,505.71,507.69,194.13905521216554,155.31124416973245,291.2085828182483,,507.69,-15,-10,-15,-25,505.9486902325697,514.3260847058825,514.3260847058825,517.3066960457859,525.7123724364864,0,0,0,0,505.8450725053105,527.0315058823533,548.2179392593961,525.7000434146734,486.2202845965548,0,0,0,0,517.0556496402249,526.2021176470595,526.2021176470595,517.3066960457859,525.7123724364864,0,0,0,0,515.6333698128316,529.2364470588234,529.2364470588234,519.1633046931188,502.22192757923597,0,0,0,0,4.343315319719772,,,,,,,519.1633046931188,502.22192757923597,0,0,0,0,519.1633046931188,502.22192757923597,0,0,0,0,0
1735842600,507.6,510.76,505.83,510.17,194.13905521216554,155.31124416973245,291.2085828182483,,510.17,-20,-35,-45,-85,503.5303160655755,512.3417599999998,512.3417599999998,514.7850545544484,524.8979172624516,0,0,0,0,505.8450725053105,527.0315058823533,548.2179392593961,524.8743260279109,486.2202845965548,0,0,0,0,515.759111518841,524.7826588235299,524.7826588235299,514.7850545544484,524.8979172624516,0,0,0,0,515.1836117825992,528.6159529411767,528.6159529411767,516.7620331282503,502.22192757923597,0,0,0,0,4.041386371418145,,,,,,,516.7620331282503,502.22192757923597,0,0,0,0,516.7620331282503,502.22192757923597,0,0,0,0,0
1735914600,513.35,518.29,512.53,518.28,199.14153295891572,159.3132263671326,298.7122994383736,,518.28,0,0,-10,-35,502.9721271553926,511.80402352941195,520.6359199034313,514.7850545544484,524.8979172624516,0,0,0,0,505.8450725053105,527.0315058823533,548.2179392593961,524.8743260279109,486.2202845965548,0,0,0,0,515.2126536927597,524.0066588235297,524.0066588235297,514.7850545544484,524.8979172624516,0,0,0,0,515.1836117825992,528.6159529411767,528.6159529411767,516.7620331282503,502.22192757923597,0,0,0,0,4.041386371418145,,,,,,,516.7620331282503,502.22192757923597,0,0,0,0,516.7620331282503,502.22192757923597,0,0,0,0,0
1735929000,518.29,519.66,517.71,518.58,199.14153295891572,159.3132263671326,298.7122994383736,,518.58,-5,0,-15,-40,503.0121789837543,511.74668705882345,520.4811951338926,514.7850545544484,524.8979172624516,0,0,0,0,506.67508427366243,527.2402823529418,547.8054804322211,524.8743260279109,486.2202845965548,0,0,0,0,514.6771255171572,523.232023529412,523.232023529412,514.7850545544484,524.8979172624516,0,0,0,0,515.3241434274039,528.6305647058828,541.9369859843616,516.7620331282503,502.22192757923597,0,0,0,0,4.041386371418145,,,,,,,516.7620331282503,502.22192757923597,0,0,0,0,516.7620331282503,502.22192757923597,0,0,0,0,0
1736173800,524.02,527.9,523.76,525.29,202.41808277826064,161.93446622260853,303.62712416739095,,525.29,-10,10,-10,15,505.29284287508017,513.5416799999999,521.7905171249197,520.01211092968,524.8979172624516,0,0,0,0,506.67508427366243,527.2402823529418,547.8054804322211,524.8743260279109,486.2202845965548,0,0,0,0,514.6553075563147,523.0293176470591,531.4033277378035,520.01211092968,524.8979172624516,0,0,0,0,515.3241434274039,528.6305647058828,541.9369859843616,517.6592832424323,502.22192757923597,0,0,0,0,4.074884390355713,,,,,,,517.6592832424323,502.22192757923597,0,0,0,0,517.6592832424323,502.22192757923597,0,0,0,0,0
1736188200,525.27,525.37,522.03,524.5,202.41808277826064,161.93446622260853,303.62712416739095,,524.5,-10,15,-10,0,507.6352057794184,515.1953317647059,522.7554577499933,520.01211092968,524.8979172624516,0,0,0,0,506.67508427366243,527.2402823529418,547.8054804322211,524.8743260279109,486.2202845965548,0,0,0,0,514.5623397084328,522.7566588235292,530.9509779386256,520.01211092968,524.8979172624516,0,0,0,0,515.7262190946593,528.7507294117655,541.7752397288717,517.6592832424323,502.22192757923597,0,0,0,0,4.074884390355713,,,,,,,517.6592832424323,502.22192757923597,0,0,0,0,517.6592832424323,502.22192757923597,0,0,0,0,0
1736260200,525.59,525.99,515.87,518.8,210.51119557916857,168.40895646333487,315.7667933687529,,518.8,-10,10,-10,0,509.0789129042963,516.0438541176469,516.0438541176469,520.01211092968,524.8979172624516,0,0,0,0,506.67508427366243,527.2402823529418,547.8054804322211,524.8743260279109,486.2202845965548,0,0,0,0,513.9938509156287,521.8016705882355,521.8016705882355,520.01211092968,524.8979172624516,0,0,0,0,515.7262190946593,528.7507294117655,541.7752397288717,517.6592832424323,502.22192757923597,0,0,0,0,4.074884390355713,,,,,,,517.6592832424323,502.22192757923597,0,0,0,0,517.6592832424323,502.22192757923597,0,0,0,0,0
1736274600,518.78,518.78,513.28,515.1,210.51119557916857,168.40895646333487,315.7667933687529,,515.1,-15,-10,-15,-20,509.8575412382596,516.273294117648,516.273294117648,519.734823179758,524.8979172624516,0,0,0,0,507.26925584743657,527.480941176471,547.6926265055054,524.8743260279109,486.2202845965548,0,0,0,0,513.0720695388716,520.5678588235296,520.5678588235296,519.734823179758,524.8979172624516,0,0,0,0,515.4918632260723,528.2173882352942,528.2173882352942,517.6592832424323,502.22192757923597,0,0,0,0,4.1522037099750735,,,,,,,517.6592832424323,502.22192757923597,0,0,0,0,517.6592832424323,502.22192757923597,0,0,0,0,0
1736346600,515.08,516.6,510.57,515.79,199.5798726169782,159.6638980935826,299.3698089254673,,515.79,0,-10,0,10,511.152103289175,516.7949458823533,516.7949458823533,519.734823179758,524.8979172624516,0,0,0,0,507.26925584743657,527.480941176471,547.6926265055054,524.8743260279109,486.2202845965548,0,0,0,0,512.2058982354274,519.5417176470592,519.5417176470592,519.734823179758,524.8979172624516,0,0,0,0,515.4918632260723,528.2173882352942,528.2173882352942,517.6592832424323,502.22192757923597,0,0,0,0,4.1522037099750735,,,,,,,517.6592832424323,502.22192757923597,0,0,0,0,517.6592832424323,502.22192757923597,0,0,0,0,0
1736361000,515.78,516.91,513.34,515.31,199.5798726169782,159.6638980935826,299.3698089254673,,515.31,-15,-10,-15,-15,510.47700865531897,516.1532094117649,516.1532094117649,519.734823179758,524.8979172624516,0,0,0,0,507.26925584743657,527.480941176471,547.6926265055054,524.8743260279109,486.2202845965548,0,0,0,0,511.34858764900923,518.6808000000001,518.6808000000001,519.734823179758,524.8979172624516,0,0,0,0,515.2627910018215,527.757247058824,527.757247058824,517.6592832424323,502.22192757923597,0,0,0,0,4.423923420711285,,,,,,,517.6592832424323,502.22192757923597,0,0,0,0,517.6592832424323,502.22192757923597,0,0,0,0,0
1736519400,511.51,511.57,503.92,509.52,190.22326735740398,152.1786138859232,285.334901036106,,509.52,-10,-10,-10,-35,508.19380323585045,514.3264141176471,514.3264141176471,514.821783446877,524.8979172624516,0,0,0,0,507.26925584743657,527.480941176471,547.6926265055054,524.8743260279109,486.2202845965548,0,0,0,0,509.88667962915906,517.376282352941,517.376282352941,514.821783446877,524.8979172624516,0,0,0,0,515.2627910018215,527.757247058824,527.757247058824,517.6592832424323,502.22192757923597,0,0,0,0,4.423923420711285,,,,,,,517.6592832424323,502.22192757923597,0,0,0,0,517.6592832424323,502.22192757923597,0,0,0,0,0
1736533800,509.53,511.09,506.44,507.215,190.22326735740398,152.1786138859232,285.334901036106,,507.215,-15,-30,-40,-80,505.7854625780552,512.2928541176469,512.2928541176469,512.4077622577663,520.3297789357251,0,0,0,0,507.4358852945287,527.4697882352947,527.4697882352947,520.3223180145942,486.2202845965548,0,0,0,0,508.1896291996039,515.9223647058818,515.9223647058818,512.4077622577663,520.3297789357251,0,0,0,0,514.3527783136138,526.6259764705885,526.6259764705885,517.3189525352883,502.22192757923597,0,0,0,0,3.3683317500431484,,,,,,,517.3189525352883,502.22192757923597,0,0,0,0,517.3189525352883,502.22192757923597,0,0,0,0,0
1736778600,501.2,504.44,499.705,504.23,194.37586744938488,155.5006939595079,291.5638011740773,,504.23,-15,-20,-25,-65,502.9560239690387,510.13137647058795,510.13137647058795,508.6457792393545,520.3297789357251,0,0,0,0,507.4358852945287,527.4697882352947,527.4697882352947,520.3223180145942,486.2202845965548,0,0,0,0,506.20180459232546,514.305811764706,514.305811764706,508.6457792393545,520.3297789357251,0,0,0,0,514.3527783136138,526.6259764705885,526.6259764705885,510.76045592562485,502.22192757923597,0,0,0,0,3.1234762296481566,,,,,,,510.76045592562485,502.22192757923597,0,0,0,0,510.76045592562485,502.22192757923597,0,0,0,0,0
1736793000,504.23,506.02,502.91,505.6,194.37586744938488,155.5006939595079,291.5638011740773,,505.6,-20,-35,-65,-70,500.77867477398587,508.359592941177,508.359592941177,508.6457792393545,514.6797947260304,0,0,0,0,507.4358852945287,527.4697882352947,527.4697882352947,514.6835810135518,486.2202845965548,0,0,0,0,504.58523124840923,513.0094941176476,513.0094941176476,508.6457792393545,514.6797947260304,0,0,0,0,513.3479283762634,525.5307999999998,525.5307999999998,510.76045592562485,502.22192757923597,0,0,0,0,1.6738408535446139,,,,,,,510.76045592562485,502.22192757923597,0,0,0,0,510.76045592562485,502.22192757923597,0,0,0,0,0
1736865000,508.74,510.15,502.03,505.51,194.33439203494245,155.46751362795396,291.5015880524137,,505.51,-15,-20,-25,-50,498.9693049348737,506.85164470588285,506.85164470588285,508.6457792393545,514.6797947260304,0,0,0,0,507.4358852945287,527.4697882352947,527.4697882352947,514.6835810135518,486.2202845965548,0,0,0,0,503.09241761927956,511.8128470588241,511.8128470588241,508.6457792393545,514.6797947260304,0,0,0,0,513.3479283762634,525.5307999999998,525.5307999999998,510.76045592562485,502.22192757923597,0,0,0,0,1.6738408535446139,,,,,,,510.76045592562485,502.22192757923597,0,0,0,0,510.76045592562485,502.22192757923597,0,0,0,0,0
1736879400,505.52,507.28,501.59,505.04,194.33439203494245,155.46751362795396,291.5015880524137,,505.04,-20,-20,-30,-45,497.29857132199874,505.4448023529412,505.4448023529412,508.6457792393545,514.6797947260304,0,0,0,0,507.50802861082286,527.4283294117649,527.4283294117649,514.6835810135518,486.2202845965548,0,0,0,0,501.57557497946806,510.58824705882387,510.58824705882387,508.6457792393545,514.6797947260304,0,0,0,0,512.2314034031308,524.2344470588235,524.2344470588235,510.76045592562485,502.22192757923597,0,0,0,0,1.6738408535446139,,,,,,,510.76045592562485,502.22192757923597,0,0,0,0,510.76045592562485,502.22192757923597,0,0,0,0,0
1736951400,513.03,516.73,511.48,516.24,198.59706725314095,158.87765380251278,297.8956008797114,,516.24,0,-20,-10,-25,498.88932390390573,506.54904705882336,514.208770213741,508.6457792393545,514.6797947260304,0,0,0,0,507.50802861082286,527.4283294117649,527.4283294117649,514.6835810135518,486.2202845965548,0,0,0,0,501.21287207861207,510.24938823529413,519.2859043919763,508.6457792393545,514.6797947260304,0,0,0,0,512.2314034031308,524.2344470588235,524.2344470588235,510.76045592562485,502.22192757923597,0,0,0,0,1.6738408535446139,,,,,,,510.76045592562485,502.22192757923597,0,0,0,0,510.76045592562485,502.22192757923597,0,0,0,0,0
1736965800,516.24,517.85,515.77,516.55,198.59706725314095,158.87765380251278,297.8956008797114,,516.55,-10,-15,-20,-10,500.97560701394906,508.045305882353,515.1150047507568,512.107960435563,514.6797947260304,0,0,0,0,507.50802861082286,527.4283294117649,527.4283294117649,514.6835810135518,486.2202845965548,0,0,0,0,501.11514610225674,510.13568235294167,519.1562186036266,512.107960435563,514.6797947260304,0,0,0,0,512.071156047109,523.3186823529416,534.5662086587741,510.76045592562485,502.22192757923597,0,0,0,0,1.6738408535446139,,,,,,,510.76045592562485,502.22192757923597,0,0,0,0,510.76045592562485,502.22192757923597,0,0,0,0,0
1737037800,518.99,519.04,514.78,515.43,206.85177056219143,165.48141644975317,310.27765584328716,,515.43,-10,-10,-10,0,503.21536855862684,509.5557764705881,515.8961843825494,512.107960435563,514.6797947260304,0,0,0,0,507.50802861082286,527.4283294117649,527.4283294117649,514.6835810135518,486.2202845965548,0,0,0,0,500.94923723686315,509.960023529412,518.9708098219609,512.107960435563,514.6797947260304,0,0,0,0,512.071156047109,523.3186823529416,534.5662086587741,510.76045592562485,502.22192757923597,0,0,0,0,1.6738408535446139,,,,,,,510.76045592562485,502.22192757923597,0,0,0,0,510.76045592562485,502.22192757923597,0,0,0,0,0
1737052200,515.38,516.65,512.95,513.09,206.85177056219143,165.48141644975317,310.27765584328716,,513.09,-15,-10,-15,-5,503.9030500227211,510.10151764705927,516.2999852713974,512.107960435563,514.6797947260304,0,0,0,0,507.9634888195344,527.733247058824,547.5030052981135,514.6835810135518,486.2202845965548,0,0,0,0,500.43726516592847,509.4976117647059,509.4976117647059,512.107960435563,514.6797947260304,0,0,0,0,511.5967054858317,522.1877411764704,522.1877411764704,510.76045592562485,502.22192757923597,0,0,0,0,1.6738408535446139,,,,,,,510.76045592562485,502.22192757923597,0,0,0,0,510.76045592562485,502.22192757923597,0,0,0,0,0
1737124200,522.91,523.46,518.92,523,205.8706379514365,164.6965103611492,308.80595692715474,,523,10,10,10,55,505.8890127469855,512.129729411765,518.3704460765445,516.493131709845,514.6797947260304,0,0,0,0,507.9634888195344,527.733247058824,547.5030052981135,514.6835810135518,486.2202845965548,0,0,0,0,500.72976894242476,509.7934117647058,518.8570545869868,516.493131709845,514.6797947260304,0,0,0,0,511.5967054858317,522.1877411764704,522.1877411764704,512.653553261064,502.22192757923597,0,0,0,0,16.744517924955208,,,,,,,512.653553261064,502.22192757923597,0,0,0,0,512.653553261064,502.22192757923597,0,0,0,0,0
1737138600,522.98,523.14,521.26,521.74,205.8706379514365,164.6965103611492,308.80595692715474,,521.74,10,10,10,35,507.1780735549024,513.578764705882,519.9794558568616,517.333720708999,514.6797947260304,0,0,0,0,507.9634888195344,527.733247058824,547.5030052981135,514.6835810135518,486.2202845965548,0,0,0,0,500.9203453667055,509.9823176470583,519.0442899274111,517.333720708999,514.6797947260304,0,0,0,0,511.78885462601676,521.612070588235,531.4352865504533,515.3068708852737,502.22192757923597,0,0,0,0,17.54572924571504,,,,,,,515.3068708852737,502.22192757923597,0,0,0,0,515.3068708852737,502.22192757923597,0,0,0,0,0
1737469800,524.55,525.97,520.06,525.51,210.34823493250875,168.278587946007,315.52235239876313,,525.51,10,10,10,35,508.60575872335954,515.2954000000002,521.9850412766409,518.0239224480655,514.6797947260304,0,0,0,0,507.9634888195344,527.733247058824,547.5030052981135,514.6835810135518,486.2202845965548,0,0,0,0,501.3087161732216,510.4002117647055,519.4917073561893,518.0239224480655,514.6797947260304,0,0,0,0,511.78885462601676,521.612070588235,531.4352865504533,515.3068708852737,502.22192757923597,0,0,0,0,17.54572924571504,,,,,,,515.3068708852737,502.22192757923597,0,0,0,0,515.3068708852737,502.22192757923597,0,0,0,0,0
1737484200,525.52,525.81,524.22,524.7,210.34823493250875,168.278587946007,315.52235239876313,,524.7,10,15,10,35,509.762621734755,516.7497294117649,523.7368370887747,520.6179739475666,514.6797947260304,0,0,0,0,509.04209957395966,528.8778352941183,548.713571014277,514.6835810135518,486.2202845965548,0,0,0,0,502.11899016444073,511.1255882352942,520.1321863061476,520.6179739475666,514.6797947260304,0,0,0,0,512.0921470453475,521.4379294117647,530.7837117781819,518.5813835694452,502.22192757923597,0,0,0,0,18.537761431473943,,,,,,,518.5813835694452,502.22192757923597,0,0,0,0,518.5813835694452,502.22192757923597,0,0,0,0,0
1737556200,529.57,533.83,529.26,531.99,218.50035305485798,174.8002824438864,327.75052958228696,,531.99,10,10,10,35,511.4609555387522,519.2174235294115,526.9738915200707,528.026263250708,514.6797947260304,0,0,0,0,509.04209957395966,528.8778352941183,548.713571014277,514.6835810135518,486.2202845965548,0,0,0,0,503.36688588687974,512.4221647058824,521.4774435248851,528.026263250708,514.6797947260304,0,0,0,0,512.0921470453475,521.4379294117647,530.7837117781819,523.3719990287705,502.22192757923597,0,0,0,0,18.716614713120386,,,,,,,523.3719990287705,502.22192757923597,0,0,0,0,523.3719990287705,502.22192757923597,0,0,0,0,0
1737570600,531.99,532.79,531.12,531.51,218.50035305485798,174.8002824438864,327.75052958228696,,531.51,5,35,50,70,512.9742322353794,521.2399882352944,529.5057442352094,528.1343873042289,520.5453734633373,0,0,0,0,509.04209957395966,528.8778352941183,548.713571014277,520.5727379391717,486.2202845965548,0,0,0,0,504.5047512858488,513.6226235294117,522.7404957729747,528.1343873042289,520.5453734633373,0,0,0,0,512.7630176475641,522.2429176470588,531.7228176465535,525.5332848124298,502.22192757923597,0,0,0,0,20.31131896927257,,,,,,,525.5332848124298,502.22192757923597,0,0,0,0,525.5332848124298,502.22192757923597,0,0,0,0,0
1737642600,529.04,531.08,528.45,530.66,213.65709176412338,170.9256734112987,320.48563764618507,,530.66,10,20,20,45,514.2560701525671,522.8473764705881,531.4386827886091,528.1343873042289,520.5453734633373,0,0,0,0,509.04209957395966,528.8778352941183,548.713571014277,520.5727379391717,486.2202845965548,0,0,0,0,505.47486847922437,514.666988235294,523.8591079913635,528.1343873042289,520.5453734633373,0,0,0,0,512.7630176475641,522.2429176470588,531.7228176465535,525.5332848124298,502.22192757923597,0,0,0,0,20.31131896927257,,,,,,,525.5332848124298,502.22192757923597,0,0,0,0,525.5332848124298,502.22192757923597,0,0,0,0,0
1737657000,530.7,532.75,529.87,532.73,213.65709176412338,170.9256734112987,320.48563764618507,,532.73,15,20,25,50,516.0177935253342,525.0670941176473,534.1163947099604,528.1343873042289,520.5453734633373,0,0,0,0,510.3877598075267,530.3552000000004,550.3226401924741,520.5727379391717,486.2202845965548,0,0,0,0,506.69511431728307,515.9682941176468,525.2414739180105,528.1343873042289,520.5453734633373,0,0,0,0,513.6535969119316,523.3930352941176,533.1324736763036,525.5332848124298,502.22192757923597,0,0,0,0,20.31131896927257,,,,,,,525.5332848124298,502.22192757923597,0,0,0,0,525.5332848124298,502.22192757923597,0,0,0,0,0
1737729000,533.02,533.79,529.73,530.32,213.9708178505024,171.17665428040195,320.95622677575363,,530.32,10,20,20,60,517.7498956817418,527.1725294117653,536.5951631417887,528.1625375068978,520.5453734633373,0,0,0,0,510.3877598075267,530.3552000000004,550.3226401924741,520.5727379391717,486.2202845965548,0,0,0,0,507.8587069307581,517.128047058824,526.3973871868899,528.1625375068978,520.5453734633373,0,0,0,0,513.6535969119316,523.3930352941176,533.1324736763036,525.5332848124298,502.22192757923597,0,0,0,0,20.31131896927257,,,,,,,525.5332848124298,502.22192757923597,0,0,0,0,525.5332848124298,502.22192757923597,0,0,0,0,0
1737743400,530.26,530.61,528.15,529.65,213.9708178505024,171.17665428040195,320.95622677575363,,529.65,15,25,25,40,519.9544577846968,529.4780117647052,539.0015657447136,528.1625375068978,520.5453734633373,0,0,0,0,510.3877598075267,530.3552000000004,550.3226401924741,520.5727379391717,486.2202845965548,0,0,0,0,509.54393959737394,518.5526000000002,527.5612604026264,528.1625375068978,520.5453734633373,0,0,0,0,514.3919749942232,524.2884941176467,534.1850132410701,525.5332848124298,502.22192757923597,0,0,0,0,20.31131896927257,,,,,,,525.5332848124298,502.22192757923597,0,0,0,0,525.5332848124298,502.22192757923597,0,0,0,0,0
1737988200,511,517.999,510.52,511.41,211.3389776927927,169.07118215423418,317.00846653918904,,511.41,-10,-10,-10,-55,519.449479705419,528.9780588235294,528.9780588235294,518.6443489904716,520.5453734633373,0,0,0,0,510.3877598075267,530.3552000000004,550.3226401924741,520.5727379391717,486.2202845965548,0,0,0,0,509.84935940295884,518.5726823529412,518.5726823529412,518.6443489904716,520.5453734633373,0,0,0,0,514.3919749942232,524.2884941176467,534.1850132410701,523.9627029625649,502.22192757923597,0,0,0,0,5.252682720897453,,,,,,,523.9627029625649,502.22192757923597,0,0,1,0,523.9627029625649,502.22192757923597,0,0,0,0,0
1738002600,511.4,514.2,510.15,514.01,211.3389776927927,169.07118215423418,317.00846653918904,,514.01,-15,-10,-15,-30,518.7408484155313,528.3174000000001,528.3174000000001,518.0741070377026,520.5453734633373,0,0,0,0,510.7009799358003,530.4541176470593,550.2072553583183,520.5727379391717,486.2202845965548,0,0,0,0,510.31232668805353,518.7640588235289,518.7640588235289,518.0741070377026,520.5453734633373,0,0,0,0,514.0439428694073,523.9381882352938,523.9381882352938,520.0270098938104,502.22192757923597,0,0,0,0,5.105747191031517,,,,,,,520.0270098938104,502.22192757923597,0,0,0,0,520.0270098938104,502.22192757923597,0,0,0,0,0
1738074600,515.22,521.98,511.78,521.24,210.16863433568085,168.1349074685447,315.2529515035213,,521.24,0,-10,0,-20,518.7583510805825,528.3260352941179,528.3260352941179,518.0741070377026,520.5453734633373,0,0,0,0,510.7009799358003,530.4541176470593,550.2072553583183,520.5727379391717,486.2202845965548,0,0,0,0,511.44586331299666,519.5686117647059,527.6913602164151,518.0741070377026,520.5453734633373,0,0,0,0,514.0439428694073,523.9381882352938,523.9381882352938,520.0270098938104,502.22192757923597,0,0,0,0,5.105747191031517,,,,,,,520.0270098938104,502.22192757923597,0,0,0,0,520.0270098938104,502.22192757923597,0,0,0,0,0
1738089000,521.28,523,520.32,521.87,210.16863433568085,168.1349074685447,315.2529515035213,,521.87,-5,-10,-5,-15,519.1735159252434,528.7600352941179,528.7600352941179,518.0741070377026,520.5453734633373,0,0,0,0,510.7009799358003,530.4541176470593,550.2072553583183,520.5727379391717,486.2202845965548,0,0,0,0,512.650636194461,520.4408823529412,528.2311285114215,518.0741070377026,520.5453734633373,0,0,0,0,514.242054278166,524.1399294117643,534.0378045453626,520.0270098938104,502.22192757923597,0,0,0,0,5.105747191031517,,,,,,,520.0270098938104,502.22192757923597,0,0,0,0,520.0270098938104,502.22192757923597,0,0,0,0,0
1738161000,522.46,522.61,516.91,519.93,208.6558286478331,166.92466291826648,312.9837429717496,,519.93,-10,-10,-10,-20,519.1793730450108,528.7491411764712,528.7491411764712,518.0741070377026,520.5453734633373,0,0,0,0,510.7009799358003,530.4541176470593,550.2072553583183,520.5727379391717,486.2202845965548,0,0,0,0,512.6513338164261,520.4361176470586,520.4361176470586,518.0741070377026,520.5453734633373,0,0,0,0,514.242054278166,524.1399294117643,534.0378045453626,520.0270098938104,502.22192757923597,0,0,0,0,5.105747191031517,,,,,,,520.0270098938104,502.22192757923597,0,0,0,0,520.0270098938104,502.22192757923597,0,0,0,0,0
1738175400,519.95,522.47,517.34,520.9,208.6558286478331,166.92466291826648,312.9837429717496,,520.9,-5,-5,-5,-5,518.9957077565135,528.3054941176471,528.3054941176471,518.0741070377026,520.5453734633373,0,0,0,0,511.2877255190169,530.3513882352943,549.4150509515717,520.5727379391717,486.2202845965548,0,0,0,0,512.7615424860882,520.5498235294115,528.3381045727348,518.0741070377026,520.5453734633373,0,0,0,0,514.3341180062461,524.2182352941169,534.1023525819877,520.0270098938104,502.22192757923597,0,0,0,0,4.197338423618645,,,,,,,520.0270098938104,502.22192757923597,0,0,0,0,520.0270098938104,502.22192757923597,0,0,0,0,0
1738247400,523.71,526.09,518.21,521.35,213.5932152320214,170.87457218561713,320.3898228480321,,521.35,-10,-10,-10,-10,518.6838916197121,527.6808705882352,527.6808705882352,518.0741070377026,520.5453734633373,0,0,0,0,511.2877255190169,530.3513882352943,549.4150509515717,520.5727379391717,486.2202845965548,0,0,0,0,512.780336121069,520.5451529411766,528.3099697612843,518.0741070377026,520.5453734633373,0,0,0,0,514.3341180062461,524.2182352941169,534.1023525819877,520.0270098938104,502.22192757923597,0,0,0,0,4.197338423618645,,,,,,,520.0270098938104,502.22192757923597,0,0,0,0,520.0270098938104,502.22192757923597,0,0,0,0,0
1738261800,521.35,524.92,520.7,523.16,213.5932152320214,170.87457218561713,320.3898228480321,,523.16,-5,-10,-5,-5,518.6126471551414,526.9413647058825,535.2700822566236,518.0741070377026,520.5453734633373,0,0,0,0,511.2877255190169,530.3513882352943,549.4150509515717,520.5727379391717,486.2202845965548,0,0,0,0,513.1747814734293,520.954058823529,528.7333361736286,518.0741070377026,520.5453734633373,0,0,0,0,514.4715106538839,524.3063294117649,534.1411481696458,520.0270098938104,502.22192757923597,0,0,0,0,4.197338423618645,,,,,,,520.0270098938104,502.22192757923597,0,0,0,0,520.0270098938104,502.22192757923597,0,0,0,0,0
1738333800,526.92,531.5,526.73,527.91,215.79348288339196,172.63478630671358,323.6902243250879,,527.91,10,10,10,55,519.1235702654677,526.9810588235293,534.838547381591,523.5268036538995,520.5453734633373,0,0,0,0,511.2877255190169,530.3513882352943,549.4150509515717,520.5727379391717,486.2202845965548,0,0,0,0,513.7490156083348,521.6248235294121,529.5006314504893,523.5268036538995,520.5453734633373,0,0,0,0,514.4715106538839,524.3063294117649,534.1411481696458,520.7051911863122,502.22192757923597,0,0,0,0,19.22265770686002,,,,,,,520.7051911863122,502.22192757923597,0,0,0,0,520.7051911863122,502.22192757923597,0,0,0,0,0
1738348200,527.87,528.19,521.18,522.3,215.79348288339196,172.63478630671358,323.6902243250879,,522.3,-15,-10,-15,-5,518.6116004455052,525.729835294118,525.729835294118,523.5268036538995,520.5453734633373,0,0,0,0,512.0976559859447,529.7435294117647,547.3894028375847,520.5727379391717,486.2202845965548,0,0,0,0,514.0850174953398,521.9634,529.8417825046602,523.5268036538995,520.5453734633373,0,0,0,0,514.4389397681161,523.8168235294111,533.194707290706,520.7051911863122,502.22192757923597,0,0,0,0,19.22265770686002,,,,,,,520.7051911863122,502.22192757923597,0,0,0,0,520.7051911863122,502.22192757923597,0,0,0,0,0
1738593000,513.47,519.62,511.05,518.29,201.015707335026,160.8125658680208,301.523561002539,,518.29,-10,-10,-10,0,517.4915642006464,523.6464705882352,523.6464705882352,523.5268036538995,520.5453734633373,0,0,0,0,512.0976559859447,529.7435294117647,547.3894028375847,520.5727379391717,486.2202845965548,0,0,0,0,514.1663997293734,522.028964705882,522.028964705882,523.5268036538995,520.5453734633373,0,0,0,0,514.4389397681161,523.8168235294111,533.194707290706,520.7051911863122,502.22192757923597,0,0,0,0,19.22265770686002,,,,,,,520.7051911863122,502.22192757923597,0,0,0,0,520.7051911863122,502.22192757923597,0,0,0,0,0
1738607400,518.34,520.84,517.92,518.15,201.015707335026,160.8125658680208,301.523561002539,,518.15,-15,-5,-15,-5,516.4281213460556,522.4673411764709,522.4673411764709,523.5268036538995,520.5453734633373,0,0,0,0,512.0976559859447,529.7435294117647,547.3894028375847,520.5727379391717,486.2202845965548,0,0,0,0,514.670168593766,522.3797529411763,522.3797529411763,523.5268036538995,520.5453734633373,0,0,0,0,514.0697437891914,523.0802352941172,523.0802352941172,520.7051911863122,502.22192757923597,0,0,0,0,19.22265770686002,,,,,,,520.7051911863122,502.22192757923597,0,0,0,0,520.7051911863122,502.22192757923597,0,0,0,0,0
1738679400,518.63,525.1,518.26,523.68,208.6280184708444,166.90241477667553,312.94202770626663,,523.68,10,-10,10,20,516.2937147562828,522.2239764705879,528.154238184893,523.5268036538995,520.5453734633373,0,0,0,0,512.0976559859447,529.7435294117647,547.3894028375847,520.5727379391717,486.2202845965548,0,0,0,0,515.627673819364,523.1975294117648,530.7673850041656,523.5268036538995,520.5453734633373,0,0,0,0,514.0697437891914,523.0802352941172,523.0802352941172,520.7051911863122,502.22192757923597,0,0,0,0,19.22265770686002,,,,,,,520.7051911863122,502.22192757923597,0,0,0,0,520.7051911863122,502.22192757923597,0,0,0,0,0
1738693800,523.65,524.96,523.11,524.55,208.6280184708444,166.90241477667553,312.94202770626663,,524.55,10,-10,10,10,516.0524588261263,521.8137647058824,527.5750705856384,523.5268036538995,520.5453734633373,0,0,0,0,512.8824063392619,529.5305647058819,546.178723072502,520.5727379391717,486.2202845965548,0,0,0,0,516.6101961837244,524.0696117647055,531.5290273456867,523.5268036538995,520.5453734633373,0,0,0,0,514.1500297170763,522.9325176470585,531.7150055770406,520.7051911863122,502.22192757923597,0,0,0,0,19.22265770686002,,,,,,,520.7051911863122,502.22192757923597,0,0,0,0,520.7051911863122,502.22192757923597,0,0,0,0,0
1738765800,521.82,526.36,520.62,525.11,201.39425811395895,161.11540649116716,302.09138717093845,,525.11,10,-10,10,10,515.7525147941618,521.1925411764707,526.6325675587797,523.5268036538995,520.5453734633373,0,0,0,0,512.8824063392619,529.5305647058819,546.178723072502,520.5727379391717,486.2202845965548,0,0,0,0,517.1008520692844,524.6117882352942,532.1227244013039,523.5268036538995,520.5453734633373,0,0,0,0,514.1500297170763,522.9325176470585,531.7150055770406,520.7051911863122,502.22192757923597,0,0,0,0,19.22265770686002,,,,,,,520.7051911863122,502.22192757923597,0,0,0,0,520.7051911863122,502.22192757923597,0,0,0,0,0
1738780200,525.11,527.01,524.89,526.85,201.39425811395895,161.11540649116716,302.09138717093845,,526.85,10,10,10,10,516.072851222435,521.5355294117645,526.998207601094,523.5268036538995,520.5453734633373,0,0,0,0,512.8824063392619,529.5305647058819,546.178723072502,520.5727379391717,486.2202845965548,0,0,0,0,517.8056261651018,525.3825058823527,532.9593855996036,523.5268036538995,520.5453734633373,0,0,0,0,514.3571790871472,522.9085647058828,531.4599503246184,520.7051911863122,502.22192757923597,0,0,0,0,19.22265770686002,,,,,,,520.7051911863122,502.22192757923597,0,0,0,0,520.7051911863122,502.22192757923597,0,0,0,0,0
1738852200,527.36,529.02,526.39,528.58,198.82605990269116,159.06084792215293,298.2390898540367,,528.58,10,10,10,10,516.5017843735629,522.0074823529416,527.5131803323202,523.5268036538995,520.5453734633373,0,0,0,0,512.8824063392619,529.5305647058819,546.178723072502,520.5727379391717,486.2202845965548,0,0,0,0,518.4089441826121,526.1043058823525,533.7996675820929,523.5268036538995,520.5453734633373,0,0,0,0,514.3571790871472,522.9085647058828,531.4599503246184,520.9457912607079,502.22192757923597,0,0,0,0,19.231640292341034,,,,,,,520.9457912607079,502.22192757923597,0,0,0,0,520.9457912607079,502.22192757923597,0,0,0,0,0
1738866600,528.6,529.81,525.75,529.6,198.82605990269116,159.06084792215293,298.2390898540367,,529.6,15,15,15,30,517.0975624159196,522.6659058823524,528.2342493487852,524.193428943669,520.5453734633373,0,0,0,0,513.7943194373661,530.1434823529412,546.4926452685163,520.5727379391717,486.2202845965548,0,0,0,0,518.9582315140003,526.7730000000006,534.5877684860009,524.193428943669,520.5453734633373,0,0,0,0,514.704653172021,523.1148235294119,531.5249938868027,520.9457912607079,502.22192757923597,0,0,0,0,19.231640292341034,,,,,,,520.9457912607079,502.22192757923597,0,0,0,0,520.9457912607079,502.22192757923597,0,0,0,0,0
1738938600,530.14,532.09,522.9,525.91,198.67989707406096,158.94391765924877,298.01984561109145,,525.91,10,-10,10,10,517.279356450881,522.8500705882356,528.4207847255901,524.193428943669,520.5453734633373,0,0,0,0,513.7943194373661,530.1434823529412,546.4926452685163,520.5727379391717,486.2202845965548,0,0,0,0,519.1711869633747,526.9473176470585,534.7234483307424,524.193428943669,520.5453734633373,0,0,0,0,514.704653172021,523.1148235294119,531.5249938868027,520.9457912607079,502.22192757923597,0,0,0,0,19.231640292341034,,,,,,,520.9457912607079,502.22192757923597,0,0,0,0,520.9457912607079,502.22192757923597,0,0,0,0,0
1738953000,525.87,526.27,522.18,522.92,198.67989707406096,158.94391765924877,298.01984561109145,,522.92,5,-10,5,5,517.9297427562407,523.2611529411764,523.2611529411764,524.193428943669,520.5453734633373,0,0,0,0,513.7943194373661,530.1434823529412,546.4926452685163,520.5727379391717,486.2202845965548,0,0,0,0,519.1633173290207,526.8552117647058,526.8552117647058,524.193428943669,520.5453734633373,0,0,0,0,514.6057452679147,522.7768705882355,530.9479959085563,520.9457912607079,502.22192757923597,0,0,0,0,19.231640292341034,,,,,,,520.9457912607079,502.22192757923597,0,0,0,0,520.9457912607079,502.22192757923597,0,0,0,0,0
1739197800,527.22,530.36,526.75,529.65,198.50380836556417,158.80304669245135,297.75571254834625,,529.65,10,10,10,25,519.5192331564258,524.7405411764703,529.9618491965148,524.8647239120925,520.5453734633373,0,0,0,0,513.7943194373661,530.1434823529412,546.4926452685163,520.5727379391717,486.2202845965548,0,0,0,0,519.5122434636078,527.1180705882356,534.7238977128634,524.8647239120925,520.5453734633373,0,0,0,0,514.6057452679147,522.7768705882355,530.9479959085563,521.1015179663963,502.22192757923597,0,0,0,0,19.237454207607,,,,,,,521.1015179663963,502.22192757923597,0,0,0,0,521.1015179663963,502.22192757923597,0,0,0,0,0
1739212200,529.66,530.14,528.94,529.22,198.50380836556417,158.80304669245135,297.75571254834625,,529.22,10,10,10,25,520.9567708231218,526.1257647058819,531.294758588642,525.718672204086,520.5453734633373,0,0,0,0,514.6409812008376,530.5973647058822,546.5537482109269,520.5727379391717,486.2202845965548,0,0,0,0,519.8336554925178,527.3950705882352,534.9564856839526,525.718672204086,520.5453734633373,0,0,0,0,514.8974870412092,522.9221176470587,530.9467482529083,523.6092666830823,502.22192757923597,0,0,0,0,19.331078730662988,,,,,,,523.6092666830823,502.22192757923597,0,0,0,0,523.6092666830823,502.22192757923597,0,0,0,0,0
1739284200,525.96,529.91,525.85,527.61,200.53392402386706,160.42713921909365,300.8008860358006,,527.61,10,-10,10,10,522.4452970517366,527.4321647058821,532.4190323600276,525.718672204086,520.5453734633373,0,0,0,0,514.6409812008376,530.5973647058822,546.5537482109269,520.5727379391717,486.2202845965548,0,0,0,0,520.214009249862,527.8266352941176,535.4392613383733,525.718672204086,520.5453734633373,0,0,0,0,514.8974870412092,522.9221176470587,530.9467482529083,523.6092666830823,502.22192757923597,0,0,0,0,19.331078730662988,,,,,,,523.6092666830823,502.22192757923597,0,0,0,0,523.6092666830823,502.22192757923597,0,0,0,0,0
1739298600,527.62,529.17,527.37,527.97,200.53392402386706,160.42713921909365,300.8008860358006,,527.97,10,-5,10,10,523.9076096978783,528.7387294117647,533.569849125651,525.718672204086,520.5453734633373,0,0,0,0,514.6409812008376,530.5973647058822,546.5537482109269,520.5727379391717,486.2202845965548,0,0,0,0,520.6088806972872,528.2761999999999,535.9435193027126,525.718672204086,520.5453734633373,0,0,0,0,515.1082328009893,523.0250117647058,530.9417907284223,523.6092666830823,502.22192757923597,0,0,0,0,19.331078730662988,,,,,,,523.6092666830823,502.22192757923597,0,0,0,0,523.6092666830823,502.22192757923597,0,0,0,0,0
1739370600,522.3,528.89,521.95,528.26,197.0677245408511,157.6541796326809,295.60158681127666,,528.26,10,-10,10,10,524.9095213791918,529.6609411764705,534.4123609737492,525.718672204086,520.5453734633373,0,0,0,0,514.6409812008376,530.5973647058822,546.5537482109269,520.5727379391717,486.2202845965548,0,0,0,0,521.2839960654426,528.9945882352941,536.7051804051457,525.718672204086,520.5453734633373,0,0,0,0,515.1082328009893,523.0250117647058,530.9417907284223,523.6092666830823,502.22192757923597,0,0,0,0,19.331078730662988,,,,,,,523.6092666830823,502.22192757923597,0,0,0,0,523.6092666830823,502.22192757923597,0,0,0,0,0
1739385000,528.275,529.185,527.29,528.31,197.0677245408511,157.6541796326809,295.60158681127666,,528.31,10,-10,10,10,525.2447168465453,529.487788235294,533.7308596240428,525.718672204086,520.5453734633373,0,0,0,0,515.4104184252687,530.7736941176471,546.1369698100254,520.5727379391717,486.2202845965548,0,0,0,0,521.9168168423331,529.6782705882357,537.4397243341383,525.718672204086,520.5453734633373,0,0,0,0,515.300858647435,522.9476235294113,530.5943884113876,523.6092666830823,502.22192757923597,0,0,0,0,19.331078730662988,,,,,,,523.6092666830823,502.22192757923597,0,0,0,0,523.6092666830823,502.22192757923597,0,0,0,0,0
1739457000,530.01,534.57,529.19,531.8,201.3886652434865,161.11093219478923,302.0829978652298,,531.8,10,10,10,25,525.9460446242759,529.8401647058819,533.7342847874878,527.3016370496863,520.5453734633373,0,0,0,0,515.4104184252687,530.7736941176471,546.1369698100254,520.5727379391717,486.2202845965548,0,0,0,0,522.5052715432848,530.3959764705878,538.2866813978908,527.3016370496863,520.5453734633373,0,0,0,0,515.300858647435,522.9476235294113,530.5943884113876,524.1910613408136,502.22192757923597,0,0,0,0,19.35279950634684,,,,,,,524.1910613408136,502.22192757923597,0,0,0,0,524.1910613408136,502.22192757923597,0,0,0,0,0
1739471400,531.795,536.22,531.03,535.89,201.3886652434865,161.11093219478923,302.0829978652298,,535.89,15,25,30,55,526.7730068471748,531.0061411764707,535.2392755057666,531.469319701005,521.1121273375793,0,1,0,0,515.4104184252687,530.7736941176471,546.1369698100254,521.1252435803552,486.2202845965548,0,0,0,0,523.1668973778476,531.2526705882345,539.3384437986215,531.469319701005,521.1121273375793,0,0,0,0,515.8716251698859,523.5838352941178,531.2960454183496,526.0174141021839,502.22192757923597,0,0,0,0,19.56302570846547,,,,,,,526.0174141021839,502.22192757923597,0,0,0,0,526.0174141021839,502.22192757923597,0,0,0,0,0
1739543400,536.09,537.67,535.67,537.29,198.78882269009412,159.0310581520753,298.1832340351412,,537.29,10,10,10,35,527.7626193075372,532.4984470588236,537.2342748101099,532.6950256605605,521.1121273375793,0,0,0,0,515.4104184252687,530.7736941176471,546.1369698100254,521.1252435803552,486.2202845965548,0,0,0,0,523.8818464227784,532.196752941176,540.5116594595736,532.6950256605605,521.1121273375793,0,0,0,0,515.8716251698859,523.5838352941178,531.2960454183496,530.8725988091708,502.22192757923597,0,0,0,0,19.74428962438965,,,,,,,530.8725988091708,502.22192757923597,0,0,0,0,530.8725988091708,502.22192757923597,0,0,0,0,0
1739557800,537.235,538.84,537.23,538.12,198.78882269009412,159.0310581520753,298.1832340351412,,538.12,35,55,45,85,528.6992203252663,533.7905411764707,538.8818620276751,535.0519864114017,527.9426896706092,0,0,0,0,516.575911820019,532.0210588235292,547.4662058270394,527.9548690389012,486.363032792714,0,0,0,0,524.5985174719145,533.1354941176468,541.672470763379,535.0519864114017,527.9426896706092,0,0,0,0,516.5881127806713,524.5551999999997,532.5222872193281,532.6602703228015,503.48006385976754,0,0,0,0,21.47729535646771,,,,,,,532.6602703228015,503.48006385976754,0,0,0,0,532.6602703228015,503.48006385976754,0,0,0,0,0
1739889000,539.73,540,536.59,537.46,197.05258440388607,157.64206752310886,295.5788766058291,,537.46,15,20,25,50,529.6341464808423,535.0401176470588,540.4460888132752,535.0519864114017,527.9426896706092,0,0,0,0,516.575911820019,532.0210588235292,547.4662058270394,527.9548690389012,486.363032792714,0,0,0,0,525.1766151240336,533.7377176470592,542.2988201700848,535.0519864114017,527.9426896706092,0,0,0,0,516.5881127806713,524.5551999999997,532.5222872193281,532.6602703228015,503.48006385976754,0,0,0,0,21.47729535646771,,,,,,,532.6602703228015,503.48006385976754,0,0,0,0,532.6602703228015,503.48006385976754,0,0,0,0,0
1739903400,537.47,539.32,536.04,539.32,197.05258440388607,157.64206752310886,295.5788766058291,,539.32,20,35,45,60,530.5401651057649,536.1949411764707,541.8497172471765,535.0519864114017,528.5817832655657,0,0,0,0,516.575911820019,532.0210588235292,547.4662058270394,528.5930926789796,486.363032792714,0,0,0,0,525.7994286167983,534.3264235294114,542.8534184420245,535.0519864114017,528.5817832655657,0,0,0,0,517.3687691384446,525.6307058823529,533.8926426262612,532.6602703228015,503.48006385976754,0,0,0,0,21.64132500023343,,,,,,,532.6602703228015,503.48006385976754,0,0,0,0,532.6602703228015,503.48006385976754,0,0,0,0,0
1739975400,538.57,539.76,536.49,539.5,196.78012756939174,157.4241020555134,295.1701913540876,,539.5,15,20,25,55,531.5453610110043,537.5133176470591,543.481274283114,535.7758335717409,528.5817832655657,0,0,0,0,516.575911820019,532.0210588235292,547.4662058270394,528.5930926789796,486.363032792714,0,0,0,0,526.41910745054,534.7341647058828,543.0492219612256,535.7758335717409,528.5817832655657,0,0,0,0,517.3687691384446,525.6307058823529,533.8926426262612,532.6602703228015,503.48006385976754,0,0,0,0,21.64132500023343,,,,,,,532.6602703228015,503.48006385976754,0,0,0,0,532.6602703228015,503.48006385976754,0,0,0,0,0
1739989800,539.51,540.79,538.54,539.59,196.78012756939174,157.4241020555134,295.1701913540876,,539.59,45,35,45,75,532.8232878636969,539.1226117647057,545.4219356657144,536.3749279266541,529.2237987465968,0,0,0,0,517.763430870017,533.3609176470584,548.9584044240997,529.2678717733382,486.363032792714,0,0,0,0,527.0120005455155,535.1207058823526,543.2294112191896,536.3749279266541,529.2237987465968,0,0,0,0,518.3419187847538,526.9205176470585,535.4991165093633,534.3679295264872,503.48006385976754,0,0,0,0,21.87834434269231,,,,,,,534.3679295264872,503.48006385976754,0,0,0,0,534.3679295264872,503.48006385976754,0,0,0,0,0
1740061800,538.71,539.1,532.46,534.74,198.72921822131357,158.98337457705088,298.0938273319704,,534.74,10,10,0,0,533.1750435879617,539.3863058823525,545.5975681767434,536.3749279266541,529.2237987465968,0,0,0,0,517.763430870017,533.3609176470584,548.9584044240997,529.2678717733382,486.363032792714,0,0,0,0,527.3523084667441,535.047082352942,542.7418562391398,536.3749279266541,529.2237987465968,0,0,0,0,518.3419187847538,526.9205176470585,535.4991165093633,534.3679295264872,503.48006385976754,0,0,0,0,21.87834434269231,,,,,,,534.3679295264872,503.48006385976754,0,0,0,0,534.3679295264872,503.48006385976754,0,0,0,0,0
1740076200,534.71,537.24,534.58,537.18,198.72921822131357,158.98337457705088,298.0938273319704,,537.18,25,-5,55,15,533.6060132444229,539.4861647058824,545.3663161673419,536.3749279266541,529.2237987465968,0,0,0,0,517.763430870017,533.3609176470584,548.9584044240997,529.2678717733382,486.363032792714,0,0,0,0,527.8300609886666,535.0753411764703,542.320621364274,536.3749279266541,529.2237987465968,0,0,0,0,519.14417108737,527.9362588235292,536.7283465596885,534.3679295264872,503.48006385976754,0,0,0,0,21.87834434269231,,,,,,,534.3679295264872,503.48006385976754,0,0,0,0,534.3679295264872,503.48006385976754,0,0,0,0,0
1740148200,538.39,538.39,528.61,528.93,202.3148067817031,161.8518454253625,303.4722101725547,,528.93,10,-10,25,0,533.2494819376112,538.6388470588232,538.6388470588232,536.3749279266541,529.2237987465968,0,0,0,0,517.763430870017,533.3609176470584,548.9584044240997,529.2678717733382,486.363032792714,0,0,0,0,527.7386468309835,534.8353882352937,534.8353882352937,536.3749279266541,529.2237987465968,0,0,0,0,519.14417108737,527.9362588235292,536.7283465596885,534.3679295264872,503.48006385976754,0,0,0,0,21.87834434269231,,,,,,,534.3679295264872,503.48006385976754,0,0,0,0,534.3679295264872,503.48006385976754,0,0,0,0,0
1740162600,529,530.201,525.7,526.09,202.3148067817031,161.8518454253625,303.4722101725547,,526.09,0,30,15,-35,532.0739435511431,537.3726823529418,537.3726823529418,530.0032663881981,529.2237987465968,0,0,0,0,518.2564639580779,533.6937882352937,549.1311125125095,529.2678717733382,486.363032792714,0,0,0,0,527.4152223078405,534.357458823529,534.357458823529,530.0032663881981,529.2237987465968,0,0,0,0,519.447051492308,528.2367529411764,528.2367529411764,534.3679295264872,507.4807735840699,0,0,0,0,21.636236415014064,,,,,,,534.3679295264872,507.4807735840699,0,0,0,0,534.3679295264872,507.4807735840699,0,0,0,0,0
1740407400,527.88,529.03,520.19,525.34,198.06330299462573,158.45064239570058,297.0949544919386,,525.34,-10,15,15,-55,530.5435787173283,535.8128235294117,535.8128235294117,529.015775610232,529.2237987465968,0,0,0,0,518.2564639580779,533.6937882352937,549.1311125125095,529.2678717733382,486.363032792714,0,0,0,0,527.0091454909997,533.7540470588235,533.7540470588235,529.015775610232,529.2237987465968,0,0,0,0,519.447051492308,528.2367529411764,528.2367529411764,533.9733022779236,507.4807735840699,0,0,0,0,6.621656038188535,,,,,,,533.9733022779236,507.4807735840699,0,0,1,0,533.9733022779236,507.4807735840699,0,0,0,0,0
1740421800,525.37,525.53,519.535,519.81,198.06330299462573,158.45064239570058,297.0949544919386,,519.81,-15,15,10,-40,528.2291396490173,533.7046117647053,533.7046117647053,526.4035003986183,529.2237987465968,0,0,0,0,518.2564639580779,533.6937882352937,549.1311125125095,529.2678717733382,486.363032792714,0,0,0,0,526.0805463712545,532.6043294117641,532.6043294117641,526.4035003986183,529.2237987465968,0,0,0,0,519.0880109586449,527.8919999999998,527.8919999999998,530.5484235437862,507.4807735840699,0,0,0,0,5.4655413141907445,,,,,,,530.5484235437862,507.4807735840699,0,0,0,0,530.5484235437862,507.4807735840699,0,0,0,0,0
1740493800,519.17,519.31,509.42,513.85,188.19475347995413,150.55580278396332,282.2921302199312,,513.85,-10,15,-10,-35,523.9184979250982,530.4798823529412,530.4798823529412,520.5220488130944,529.2237987465968,0,0,0,0,518.2564639580779,533.6937882352937,549.1311125125095,529.2678717733382,486.363032792714,0,0,0,0,524.6031627603367,531.3724235294119,531.3724235294119,520.5220488130944,529.2237987465968,0,0,0,0,519.0880109586449,527.8919999999998,527.8919999999998,524.7121075763729,507.4807735840699,0,0,0,0,5.249905707710236,,,,,,,524.7121075763729,507.4807735840699,0,0,0,0,524.7121075763729,507.4807735840699,0,0,0,0,0
1740508200,513.89,516.04,512.57,513.23,188.19475347995413,150.55580278396332,282.2921302199312,,513.23,-15,0,-30,-55,520.5254446014549,527.8133882352938,527.8133882352938,519.1650829051681,527.262883069514,0,0,0,0,517.8236664639862,532.8937411764713,532.8937411764713,527.2406480185778,486.363032792714,0,0,0,0,523.055106849791,530.063505882353,530.063505882353,519.1650829051681,527.262883069514,0,0,0,0,518.0613705407011,526.9733647058824,526.9733647058824,521.3040998923462,507.4807735840699,0,0,0,0,4.504555439657673,,,,,,,521.3040998923462,507.4807735840699,0,0,0,0,521.3040998923462,507.4807735840699,0,0,0,0,0
1740580200,515.56,519.7,513.94,513.97,182.15360614445473,145.72288491556378,273.2304092166821,,513.97,-15,-10,-15,-25,517.8641138659821,525.6313647058821,525.6313647058821,519.1650829051681,527.262883069514,0,0,0,0,517.8236664639862,532.8937411764713,532.8937411764713,527.2406480185778,486.363032792714,0,0,0,0,521.7404904021672,528.9828705882353,528.9828705882353,519.1650829051681,527.262883069514,0,0,0,0,518.0613705407011,526.9733647058824,526.9733647058824,521.3040998923462,507.4807735840699,0,0,0,0,4.504555439657673,,,,,,,521.3040998923462,507.4807735840699,0,0,0,0,521.3040998923462,507.4807735840699,0,0,0,0,0
1740594600,513.9,515.23,511.4,514.5,182.15360614445473,145.72288491556378,273.2304092166821,,514.5,-20,-10,-20,-45,514.6321125687095,522.9349411764707,522.9349411764707,518.8623167429499,527.262883069514,0,0,0,0,517.8236664639862,532.8937411764713,532.8937411764713,527.2406480185778,486.363032792714,0,0,0,0,520.4971922880918,527.9381411764709,527.9381411764709,518.8623167429499,527.262883069514,0,0,0,0,517.5923319347884,526.5409411764705,526.5409411764705,520.4716473561557,507.4807735840699,0,0,0,0,4.369743789587342,,,,,,,520.4716473561557,507.4807735840699,0,0,0,0,520.4716473561557,507.4807735840699,0,0,0,0,0
1740666600,518.13,519.07,507.33,512.16,172.67521170203668,138.14016936162935,259.012817553055,,512.16,-15,-10,-15,-40,510.9292742223253,519.814023529412,519.814023529412,517.1873140977627,527.262883069514,0,0,0,0,517.8236664639862,532.8937411764713,532.8937411764713,527.2406480185778,486.363032792714,0,0,0,0,519.3569383709374,527.0273176470588,527.0273176470588,517.1873140977627,527.262883069514,0,0,0,0,517.5923319347884,526.5409411764705,526.5409411764705,520.4716473561557,507.4807735840699,0,0,0,0,4.369743789587342,,,,,,,520.4716473561557,507.4807735840699,0,0,0,0,520.4716473561557,507.4807735840699,0,0,0,0,0
1740681000,512.23,512.58,500.05,500.32,172.67521170203668,138.14016936162935,259.012817553055,,500.32,-20,-10,-20,-45,505.39448601048923,515.7459294117643,515.7459294117643,508.4084494006219,527.262883069514,0,0,0,1,516.2285043729089,530.7761882352938,530.7761882352938,527.2406480185778,486.363032792714,0,0,0,0,516.778515414349,525.2246117647055,525.2246117647055,508.4084494006219,527.262883069514,0,0,0,0,515.4088840811785,524.8982823529411,524.8982823529411,518.7732571591343,507.4807735840699,0,0,0,0,4.30699300600741,,,,,,,518.7732571591343,507.4807735840699,0,0,0,0,518.7732571591343,507.4807735840699,0,0,0,0,0
1740753000,500.13,504.68,496.93,500.14,173.62579749271714,138.9006379941737,260.43869623907574,,500.14,-15,-15,-15,-25,500.26251440258784,511.84129411764667,511.84129411764667,508.4084494006219,527.262883069514,0,0,0,0,516.2285043729089,530.7761882352938,530.7761882352938,527.2406480185778,486.363032792714,0,0,0,0,514.3124848385431,523.4473176470594,523.4473176470594,508.4084494006219,527.262883069514,0,0,0,0,515.4088840811785,524.8982823529411,524.8982823529411,510.984453076339,507.4807735840699,0,0,0,0,4.0192184061521115,,,,,,,510.984453076339,507.4807735840699,0,0,0,0,510.984453076339,507.4807735840699,0,0,0,0,0
1740767400,500.14,508.78,498.83,508.17,173.62579749271714,138.9006379941737,260.43869623907574,,508.17,-20,-45,-65,-70,496.7499168909073,508.9623999999994,508.9623999999994,508.4084494006219,517.7580415101028,0,0,0,0,516.2285043729089,530.7761882352938,530.7761882352938,517.7488679653118,486.363032792714,0,0,0,0,513.0840086934488,522.4481411764705,522.4481411764705,508.4084494006219,517.7580415101028,0,0,0,0,514.4597712049228,524.0919529411768,524.0919529411768,510.984453076339,507.4807735840699,0,0,0,0,1.57973919687611,,,,,,,510.984453076339,507.4807735840699,0,0,0,0,510.984453076339,507.4807735840699,0,0,0,0,0
1741012200,511.52,513.05,502.25,502.41,193.80774275484512,155.0461942038761,290.7116141322677,,502.41,-15,-25,-25,-50,493.229969690753,506.0704470588235,506.0704470588235,508.4084494006219,517.7580415101028,0,0,0,0,516.2285043729089,530.7761882352938,530.7761882352938,517.7488679653118,486.363032792714,0,0,0,0,511.14057626928275,520.9631058823529,520.9631058823529,508.4084494006219,517.7580415101028,0,0,0,0,514.4597712049228,524.0919529411768,524.0919529411768,510.984453076339,507.4807735840699,0,0,0,0,1.57973919687611,,,,,,,510.984453076339,507.4807735840699,0,0,0,0,510.984453076339,507.4807735840699,0,0,0,0,0
1741026600,502.42,505.75,493.59,497.27,193.80774275484512,155.0461942038761,290.7116141322677,,497.27,-20,-25,-30,-70,487.99150920651886,501.9499058823531,501.9499058823531,503.286844058831,517.7580415101028,0,0,0,0,514.3070122176107,528.580305882353,528.580305882353,517.7488679653118,486.363032792714,0,0,0,0,508.64561093442853,519.1178352941176,519.1178352941176,503.286844058831,517.7580415101028,0,0,0,0,512.7995345846061,522.7803999999999,522.7803999999999,510.984453076339,507.4807735840699,0,0,0,0,1.57973919687611,,,,,,,510.984453076339,507.4807735840699,0,0,1,0,510.984453076339,507.4807735840699,0,0,0,0,0
1741098600,494.17,497.95,487.74,495.1,177.04853410454618,141.63882728363694,265.57280115681925,,495.1,-15,-25,-25,-55,482.48786378616853,497.66089411764705,497.66089411764705,502.4299266260573,517.7580415101028,0,0,0,0,514.3070122176107,528.580305882353,528.580305882353,517.7488679653118,486.363032792714,0,0,0,0,505.3759518766392,516.4506588235292,516.4506588235292,502.4299266260573,517.7580415101028,0,0,0,0,512.7995345846061,522.7803999999999,522.7803999999999,505.4071624925374,507.4807735840699,0,0,0,0,-6.126326143703647,,,,,,,505.4071624925374,507.4807735840699,0,0,0,0,505.4071624925374,507.4807735840699,0,0,0,0,0
1741113000,495.02,503.74,493.75,495.5,177.04853410454618,141.63882728363694,265.57280115681925,,495.5,-20,-40,-45,-60,479.3916228942205,495.0469647058826,495.0469647058826,502.4299266260573,513.9151990571805,0,0,0,0,514.3070122176107,528.580305882353,528.580305882353,513.9069320721311,486.363032792714,0,0,0,0,502.2944381508444,513.9569176470591,513.9569176470591,502.4299266260573,513.9151990571805,0,0,0,0,510.9563957016396,521.3543294117645,521.3543294117645,505.4071624925374,507.4807735840699,0,0,0,0,-6.801131141024291,,,,,,,505.4071624925374,507.4807735840699,0,0,0,0,505.4071624925374,507.4807735840699,0,0,0,0,0
1741185000,496.18,500.24,491.26,498.28,179.12318922110956,143.29855137688764,268.68478383166433,,498.28,-15,-25,-25,-50,476.4875840498646,492.54247058823574,492.54247058823574,502.4299266260573,513.9151990571805,0,0,0,0,514.3070122176107,528.580305882353,528.580305882353,513.9069320721311,486.363032792714,0,0,0,0,499.86217147756935,512.0117882352941,512.0117882352941,502.4299266260573,513.9151990571805,0,0,0,0,510.9563957016396,521.3543294117645,521.3543294117645,505.4071624925374,507.4807735840699,0,0,0,0,-6.801131141024291,,,,,,,505.4071624925374,507.4807735840699,0,0,0,0,505.4071624925374,507.4807735840699,0,0,0,0,0
1741199400,498.19,503.62,496.94,502.08,179.12318922110956,143.29855137688764,268.68478383166433,,502.08,-45,-30,-30,-55,475.6346358197227,491.5456941176471,491.5456941176471,502.4299266260573,513.9151990571805,0,0,0,0,512.8599451534545,526.8258588235294,526.8258588235294,513.9069320721311,486.363032792714,0,0,0,0,497.9701910386619,510.4409411764708,510.4409411764708,502.4299266260573,513.9151990571805,0,0,0,0,509.04734591665255,519.7513647058825,519.7513647058825,505.4071624925374,507.4807735840699,0,0,0,0,-6.801131141024291,,,,,,,505.4071624925374,507.4807735840699,0,0,0,0,505.4071624925374,507.4807735840699,0,0,0,0,0
1741271400,493.69,498.59,488.37,489.41,186.17585101309186,148.94068081047348,279.26377651963776,,489.41,-25,-25,-25,-40,473.4164582278561,489.46703529411775,489.46703529411775,502.4299266260573,513.9151990571805,0,0,0,0,512.8599451534545,526.8258588235294,526.8258588235294,513.9069320721311,486.363032792714,0,0,0,0,494.5881459246343,507.8552705882353,507.8552705882353,502.4299266260573,513.9151990571805,0,0,0,0,509.04734591665255,519.7513647058825,519.7513647058825,505.4071624925374,507.4807735840699,0,0,0,0,-6.801131141024291,,,,,,,505.4071624925374,507.4807735840699,0,0,0,0,505.4071624925374,507.4807735840699,0,0,0,0,0
1741285800,489.44,491.15,486.2,488.35,186.17585101309186,148.94068081047348,279.26377651963776,,488.35,-30,-40,-45,-75,470.95206599923813,487.16917647058875,487.16917647058875,496.36687224840847,509.3032583707322,0,0,0,0,512.8599451534545,526.8258588235294,526.8258588235294,509.31046693974565,486.363032792714,0,0,0,0,491.25816460839644,505.29790588235267,505.29790588235267,496.36687224840847,509.3032583707322,0,0,0,0,505.4369326904049,517.0181176470588,517.0181176470588,499.01654017548805,507.4807735840699,0,0,0,0,-8.218582784678981,,,,,,,499.01654017548805,507.4807735840699,0,0,0,0,499.01654017548805,507.4807735840699,0,1,0,0,0
1741357800,487.16,492.16,480.6,487.61,184.79876310148222,147.8390104811858,277.19814465222333,,487.61,-25,-25,-25,-65,468.594572763972,484.8997411764705,484.8997411764705,496.1942929080665,509.3032583707322,0,0,0,0,512.8599451534545,526.8258588235294,526.8258588235294,509.31046693974565,486.363032792714,0,0,0,0,488.0032186336076,502.77767058823554,502.77767058823554,496.1942929080665,509.3032583707322,0,0,0,0,505.4369326904049,517.0181176470588,517.0181176470588,499.01654017548805,507.4807735840699,0,0,0,0,-8.218582784678981,,,,,,,499.01654017548805,507.4807735840699,0,0,0,0,499.01654017548805,507.4807735840699,0,0,0,0,0
1741372200,487.7,493.28,487.3,491.81,184.79876310148222,147.8390104811858,277.19814465222333,,491.81,-45,-60,-45,-60,468.4427355098028,484.1637176470591,484.1637176470591,496.1942929080665,504.14802562996556,0,0,0,0,510.38999298240793,524.3795529411767,524.3795529411767,504.1404335869066,486.363032792714,0,0,0,0,485.45887474081746,500.73534117647097,500.73534117647097,496.1942929080665,504.14802562996556,0,0,0,0,502.5798051821586,514.8043294117651,514.8043294117651,499.01654017548805,507.4807735840699,0,0,0,0,-8.083643797821315,,,,,,,499.01654017548805,507.4807735840699,0,0,0,0,499.01654017548805,507.4807735840699,0,0,0,0,0
1741613400,483.45,483.96,473.12,474.36,165.5180906634345,132.4144725307476,248.27713599515175,,474.36,-25,-25,-25,-65,465.5939934898875,481.4429882352943,481.4429882352943,486.3832332816349,504.14802562996556,0,0,0,0,510.38999298240793,524.3795529411767,524.3795529411767,504.1404335869066,486.363032792714,0,0,0,0,481.1421125941571,497.6018352941179,497.6018352941179,486.3832332816349,504.14802562996556,0,0,0,0,502.5798051821586,514.8043294117651,514.8043294117651,492.70199299035977,507.4807735840699,0,0,0,0,-8.31694871474452,,,,,,,492.70199299035977,507.4807735840699,0,0,0,0,492.70199299035977,507.4807735840699,0,0,0,0,0
1741627800,474.37,475.43,468.66,473.33,165.5180906634345,132.4144725307476,248.27713599515175,,473.33,-30,-45,-60,-85,462.3798862016653,478.5219764705881,478.5219764705881,481.6508594758038,495.7138809421109,0,0,0,0,510.38999298240793,524.3795529411767,524.3795529411767,495.69825975927046,486.363032792714,0,0,0,0,476.6900144174335,494.2899529411763,494.2899529411763,481.6508594758038,495.7138809421109,0,0,0,0,497.508757526509,511.3422117647058,511.3422117647058,484.03113634819124,507.4807735840699,0,0,0,0,-10.807032963097527,,,,,,,484.03113634819124,507.4807735840699,0,0,0,0,484.03113634819124,507.4807735840699,0,0,0,0,0
1741699800,472.35,477.08,467.12,467.21,161.06756015777506,128.85404812622005,241.6013402366626,,467.21,-25,-25,-25,-50,459.7058342377254,475.8515764705884,475.8515764705884,481.6508594758038,495.7138809421109,0,0,0,0,510.38999298240793,524.3795529411767,524.3795529411767,495.69825975927046,486.363032792714,0,0,0,0,471.52172015379796,490.4576941176469,490.4576941176469,481.6508594758038,495.7138809421109,0,0,0,0,497.508757526509,511.3422117647058,511.3422117647058,484.03113634819124,507.4807735840699,0,0,0,0,-10.807032963097527,,,,,,,484.03113634819124,507.4807735840699,0,0,0,0,484.03113634819124,507.4807735840699,0,0,0,0,0
1741714200,467.11,478.8,467.01,471.62,161.06756015777506,128.85404812622005,241.6013402366626,,471.62,-45,-40,-45,-60,458.037581577791,473.9381176470585,473.9381176470585,481.6508594758038,490.5525323033887,0,0,0,0,505.57225467564956,520.5638352941174,520.5638352941174,490.5419554907512,486.363032792714,0,0,0,0,467.15141809994697,487.08244705882373,487.08244705882373,481.6508594758038,490.5525323033887,0,0,0,0,493.0059774550253,508.1939294117644,508.1939294117644,484.03113634819124,507.4807735840699,0,0,0,0,-11.539804200931817,,,,,,,484.03113634819124,507.4807735840699,0,0,0,0,484.03113634819124,507.4807735840699,0,0,0,0,0
1741786200,479.16,481.06,471.795,479.27,170.06966912378158,136.05573529902526,255.10450368567237,,479.27,-25,-25,-25,-50,457.1841635301177,472.70176470588217,472.70176470588217,481.6508594758038,490.5525323033887,0,0,0,0,505.57225467564956,520.5638352941174,520.5638352941174,490.5419554907512,486.363032792714,0,0,0,0,464.1175779533393,484.63188235294115,484.63188235294115,481.6508594758038,490.5525323033887,0,0,0,0,493.0059774550253,508.1939294117644,508.1939294117644,484.03113634819124,507.4807735840699,0,0,0,0,-11.539804200931817,,,,,,,484.03113634819124,507.4807735840699,0,0,0,0,484.03113634819124,507.4807735840699,0,0,0,0,0
1741800600,479.2,479.68,475.16,477.08,170.06966912378158,136.05573529902526,255.10450368567237,,477.08,-30,-25,-30,-45,456.8076366620837,471.7967058823528,471.7967058823528,481.6508594758038,490.5525323033887,0,0,0,0,505.57225467564956,520.5638352941174,520.5638352941174,490.5419554907512,486.363032792714,0,0,0,0,461.04223626804867,482.1505647058826,482.1505647058826,481.6508594758038,490.5525323033887,0,0,0,0,489.5008586453055,505.5816470588243,505.5816470588243,484.03113634819124,507.4807735840699,0,0,0,0,-11.539804200931817,,,,,,,484.03113634819124,507.4807735840699,0,0,0,0,484.03113634819124,507.4807735840699,0,0,0,0,0
1741872600,476.25,476.33,466.66,467.62,171.6743459039902,137.33947672319218,257.5115188559853,,467.62,-25,-25,-25,-55,454.9094867611073,469.8354352941172,469.8354352941172,478.4025122041086,490.5525323033887,0,0,0,0,505.57225467564956,520.5638352941174,520.5638352941174,490.5419554907512,486.363032792714,0,0,0,0,457.0841492008732,479.06880000000035,479.06880000000035,478.4025122041086,490.5525323033887,0,0,0,0,489.5008586453055,505.5816470588243,505.5816470588243,484.03113634819124,507.4807735840699,0,0,0,0,-11.539804200931817,,,,,,,484.03113634819124,507.4807735840699,0,0,0,0,484.03113634819124,507.4807735840699,0,0,0,0,0
1741887000,467.56,471.93,466.43,468.37,171.6743459039902,137.33947672319218,257.5115188559853,,468.37,-45,-45,-75,-75,452.30980772088526,467.5130588235293,467.5130588235293,475.38634980864464,487.78608448608514,0,0,0,0,500.3530001297651,516.292329411765,516.292329411765,487.8412779486579,486.363032792714,0,0,0,0,453.5320110342339,476.2501411764705,476.2501411764705,475.38634980864464,487.78608448608514,0,0,0,0,484.7689229547367,502.14550588235346,502.14550588235346,480.4632385203652,507.4807735840699,0,0,0,0,-11.656926732352604,,,,,,,480.4632385203652,507.4807735840699,0,0,0,0,480.4632385203652,507.4807735840699,0,0,0,0,0
1741959000,473.73,479.65,473.13,478.38,166.32121673228457,133.05697338582766,249.48182509842684,,478.38,-25,-25,-40,-50,452.5437626109803,467.26261176470604,467.26261176470604,475.38634980864464,487.78608448608514,0,0,0,0,500.3530001297651,516.292329411765,516.292329411765,487.8412779486579,486.363032792714,0,0,0,0,451.3874960880208,474.4155294117651,474.4155294117651,475.38634980864464,487.78608448608514,0,0,0,0,484.7689229547367,502.14550588235346,502.14550588235346,480.4632385203652,507.4807735840699,0,0,0,0,-11.656926732352604,,,,,,,480.4632385203652,507.4807735840699,0,0,0,0,480.4632385203652,507.4807735840699,0,0,0,0,0
1741973400,478.3,480.559,477.39,479.69,166.32121673228457,133.05697338582766,249.48182509842684,,479.69,-30,-55,-45,-55,453.7945688491551,467.67312941176453,467.67312941176453,475.38634980864464,487.78608448608514,0,0,0,0,500.3530001297651,516.292329411765,516.292329411765,487.8412779486579,486.363032792714,0,0,0,0,449.60234254151794,472.84155294117664,472.84155294117664,475.38634980864464,487.78608448608514,0,0,0,0,481.3754505664133,499.4379058823533,499.4379058823533,480.4632385203652,504.51244950284206,0,0,0,0,-10.755234144229009,,,,,,,480.4632385203652,504.51244950284206,0,0,0,0,480.4632385203652,504.51244950284206,0,0,0,0,0
1742218200,479.65,483.15,477.8,481,169.4345227413605,135.5476181930884,254.15178411204073,,481,-25,-40,-40,-50,455.35450559787466,468.3579529411765,481.36140028447835,475.38634980864464,487.78608448608514,0,0,0,0,500.3530001297651,516.292329411765,516.292329411765,487.8412779486579,486.363032792714,0,0,0,0,447.9022560972722,471.33912941176504,471.33912941176504,475.38634980864464,487.78608448608514,0,0,0,0,481.3754505664133,499.4379058823533,499.4379058823533,480.4632385203652,504.51244950284206,0,0,0,0,-10.755234144229009,,,,,,,480.4632385203652,504.51244950284206,0,0,0,0,480.4632385203652,504.51244950284206,0,0,0,0,0
1742232600,481.03,485.84,480.75,482.74,169.4345227413605,135.5476181930884,254.15178411204073,,482.74,-25,-40,-40,-25,457.71892819324484,469.76381176470557,481.8086953361663,477.377214420216,487.78608448608514,0,0,0,0,497.0613792232065,513.3367764705883,513.3367764705883,487.8412779486579,486.363032792714,0,0,0,0,446.35325605300505,469.9578823529409,469.9578823529409,477.377214420216,487.78608448608514,0,0,0,0,478.2939652316635,496.881176470588,496.881176470588,480.4632385203652,504.51244950284206,0,0,0,0,-9.45340198515831,,,,,,,480.4632385203652,504.51244950284206,0,0,0,0,480.4632385203652,504.51244950284206,0,0,0,0,0
1742304600,479.41,479.51,472.41,474.66,172.40981402389272,137.9278512191142,258.61472103583907,,474.66,-10,-40,-10,-10,457.2425650162998,469.1196941176472,469.1196941176472,477.377214420216,487.78608448608514,0,0,0,0,497.0613792232065,513.3367764705883,513.3367764705883,487.8412779486579,486.363032792714,0,0,0,0,444.49346285296207,468.31298823529437,468.31298823529437,477.377214420216,487.78608448608514,0,0,0,0,478.2939652316635,496.881176470588,496.881176470588,480.4632385203652,504.51244950284206,0,0,0,0,-9.45340198515831,,,,,,,480.4632385203652,504.51244950284206,0,0,0,0,480.4632385203652,504.51244950284206,0,0,0,0,0
1742319000,474.7,476.64,473.69,474.72,172.40981402389272,137.9278512191142,258.61472103583907,,474.72,-15,-45,-15,-15,457.1230159785397,468.75011764705897,468.75011764705897,477.377214420216,487.78608448608514,0,0,0,0,497.0613792232065,513.3367764705883,513.3367764705883,487.8412779486579,486.363032792714,0,0,0,0,442.7956351956888,466.78494117647006,466.78494117647006,477.377214420216,487.78608448608514,0,0,0,0,474.340364065049,493.71237647058854,493.71237647058854,480.4632385203652,504.51244950284206,0,0,0,0,-8.658269966348476,,,,,,,480.4632385203652,504.51244950284206,0,0,0,0,480.4632385203652,504.51244950284206,0,0,0,0,0
1742391000,476.81,480.39,474.86,477.29,169.70561331019934,135.76449064815947,254.558419965299,,477.29,-10,-15,-10,-10,458.8005267307713,469.581905882353,469.581905882353,477.377214420216,487.78608448608514,0,0,0,0,497.0613792232065,513.3367764705883,513.3367764705883,487.8412779486579,486.363032792714,0,0,0,0,441.43905937736304,465.5202823529407,465.5202823529407,477.377214420216,487.78608448608514,0,0,0,0,474.340364065049,493.71237647058854,493.71237647058854,480.4632385203652,504.51244950284206,0,0,0,0,-8.658269966348476,,,,,,,480.4632385203652,504.51244950284206,0,0,0,0,480.4632385203652,504.51244950284206,0,0,0,0,0
1742405400,477.31,485.34,476.56,480.79,169.70561331019934,135.76449064815947,254.558419965299,,480.79,-15,-15,-15,-15,461.1677135230595,470.9960470588239,480.82438059458826,477.377214420216,487.78608448608514,0,0,0,0,493.6253879708598,510.32237647058736,510.32237647058736,487.8412779486579,486.363032792714,0,0,0,0,440.6067941829037,464.6601882352939,464.6601882352939,477.377214420216,487.78608448608514,0,0,0,0,471.5913902042365,491.4546117647061,491.4546117647061,480.4632385203652,504.51244950284206,0,0,0,0,-8.658269966348476,,,,,,,480.4632385203652,504.51244950284206,0,0,0,0,480.4632385203652,504.51244950284206,0,0,0,0,0
1742477400,476.88,484.54,476.2,478.06,178.29845555357196,142.63876444285756,267.4476833303579,,478.06,-10,-15,-10,-10,462.42785565786875,471.8492705882349,471.8492705882349,477.377214420216,487.78608448608514,0,0,0,0,493.6253879708598,510.32237647058736,510.32237647058736,487.8412779486579,486.363032792714,0,0,0,0,439.67669403192167,463.7107294117641,463.7107294117641,477.377214420216,487.78608448608514,0,0,0,0,471.5913902042365,491.4546117647061,491.4546117647061,480.4632385203652,504.51244950284206,0,0,0,0,-8.658269966348476,,,,,,,480.4632385203652,504.51244950284206,0,0,0,0,480.4632385203652,504.51244950284206,0,0,0,0,0
1742491800,478.07,480.2,477.25,479.34,178.29845555357196,142.63876444285756,267.4476833303579,,479.34,-15,-15,-15,-15,463.0917737358215,472.2595999999998,481.4274262641781,477.377214420216,487.78608448608514,0,0,0,0,493.6253879708598,510.32237647058736,510.32237647058736,487.8412779486579,486.363032792714,0,0,0,0,439.03330034053295,462.9807764705878,462.9807764705878,477.377214420216,487.78608448608514,0,0,0,0,469.09274928080566,489.3973647058824,489.3973647058824,480.4632385203652,504.51244950284206,0,0,0,0,-8.241809828549874,,,,,,,480.4632385203652,504.51244950284206,0,0,0,0,480.4632385203652,504.51244950284206,0,0,0,0,0
1742563800,474.17,479.75,472.9,477.94,172.90218106187422,138.32174484949937,259.3532715928113,,477.94,-10,-15,-10,-10,464.6273843295566,473.0575999999996,473.0575999999996,477.377214420216,487.78608448608514,0,0,0,0,493.6253879708598,510.32237647058736,510.32237647058736,487.8412779486579,486.363032792714,0,0,0,0,438.63884947786016,462.396941176471,462.396941176471,477.377214420216,487.78608448608514,0,0,0,0,469.09274928080566,489.3973647058824,489.3973647058824,480.4632385203652,504.51244950284206,0,0,0,0,-8.241809828549874,,,,,,,480.4632385203652,504.51244950284206,0,0,0,0,480.4632385203652,504.51244950284206,0,0,0,0,0
1742578200,478,481.6,477.47,481.04,172.90218106187422,138.32174484949937,259.3532715928113,,481.04,-15,-20,-15,-15,466.45124533628865,474.24967058823495,482.04809584018125,477.377214420216,487.78608448608514,0,0,0,0,490.1615099878008,507.1939529411763,507.1939529411763,487.8412779486579,486.363032792714,0,0,0,0,438.9994707919987,462.34414117647,462.34414117647,477.377214420216,487.78608448608514,0,0,0,0,466.45914551678425,487.1949411764708,487.1949411764708,480.4632385203652,504.51244950284206,0,0,0,0,-8.241809828549874,,,,,,,480.4632385203652,504.51244950284206,0,0,0,0,480.4632385203652,504.51244950284206,0,0,0,0,0
1742823000,487.76,490.72,487.12,489.69,176.7152099048162,141.37216792385297,265.0728148572243,,489.69,10,-15,10,35,471.0727332112069,477.7020470588236,484.3313609064403,484.24832108483406,487.78608448608514,0,0,0,0,490.1615099878008,507.1939529411763,507.1939529411763,487.8412779486579,486.363032792714,0,0,0,0,440.4201775027116,463.1480470588232,485.87591661493474,484.24832108483406,487.78608448608514,0,0,0,0,466.45914551678425,487.1949411764708,487.1949411764708,480.4632385203652,504.51244950284206,0,0,0,0,-8.241809828549874,,,,,,,480.4632385203652,504.51244950284206,0,0,0,0,480.4632385203652,504.51244950284206,0,0,0,0,0
1742837400,489.72,491.51,489,490.47,176.7152099048162,141.37216792385297,265.0728148572243,,490.47,5,-15,5,30,474.1567864796476,480.57581176470575,486.9948370497639,485.9378380782498,487.78608448608514,0,0,0,0,490.1615099878008,507.1939529411763,507.1939529411763,487.8412779486579,486.363032792714,0,0,0,0,442.1404783024095,464.15771764705875,486.174956991708,485.9378380782498,487.78608448608514,0,0,0,0,464.93015438524986,485.8394117647058,485.8394117647058,482.0598508020671,504.51244950284206,0,0,0,0,-8.18247238244441,,,,,,,482.0598508020671,504.51244950284206,0,0,0,0,482.0598508020671,504.51244950284206,0,0,0,0,0
1742909400,491.39,493.62,490.44,491.54,179.70259318256223,143.76207454604977,269.55388977384337,,491.54,10,-15,10,35,476.70831811819187,483.3934588235294,490.0785995288669,487.28114609808273,487.78608448608514,0,0,0,0,490.1615099878008,507.1939529411763,507.1939529411763,487.8412779486579,486.363032792714,0,0,0,0,444.07540727034296,465.33618823529423,486.5969692002455,487.28114609808273,487.78608448608514,0,0,0,0,464.93015438524986,485.8394117647058,485.8394117647058,483.7684328876337,504.51244950284206,0,0,0,0,-8.118973624116558,,,,,,,483.7684328876337,504.51244950284206,0,0,0,0,483.7684328876337,504.51244950284206,0,0,0,0,0
1742923800,491.54,493.57,491.39,493.45,179.70259318256223,143.76207454604977,269.55388977384337,,493.45,10,-15,10,55,478.895678812246,485.99112941176446,493.08658001128293,488.54288107436724,487.78608448608514,0,0,0,0,488.1253042667186,505.1956470588233,505.1956470588233,487.8412779486579,486.363032792714,0,0,0,0,446.4941053693012,466.8454117647058,487.1967181601103,488.54288107436724,487.78608448608514,0,0,0,0,463.40111080988845,484.4360000000001,484.4360000000001,485.0392591099456,504.51244950284206,0,0,0,0,6.928256115589229,,,,,,,485.0392591099456,504.51244950284206,0,0,0,0,485.0392591099456,504.51244950284206,0,0,0,0,0
1742995800,492.3,493.16,484.48,484.68,179.55735785927615,143.64588628742092,269.3360367889142,,484.68,15,-15,15,25,481.26980351807475,488.0785176470586,488.0785176470586,488.54288107436724,487.78608448608514,0,0,0,0,488.1253042667186,505.1956470588233,505.1956470588233,487.8412779486579,486.363032792714,0,0,0,0,448.3940464042572,467.7887999999999,467.7887999999999,488.54288107436724,487.78608448608514,0,0,0,0,463.40111080988845,484.4360000000001,484.4360000000001,485.0392591099456,504.51244950284206,0,0,0,0,6.928256115589229,,,,,,,485.0392591099456,504.51244950284206,0,0,0,0,485.0392591099456,504.51244950284206,0,0,0,0,0
1743010200,484.67,485.3,482.82,484.39,179.55735785927615,143.64588628742092,269.3360367889142,,484.39,10,-20,10,20,481.68307573336364,488.50670588235323,488.50670588235323,488.54288107436724,487.78608448608514,0,0,0,0,488.1253042667186,505.1956470588233,505.1956470588233,487.8412779486579,486.363032792714,0,0,0,0,450.52108855960967,468.8422588235286,468.8422588235286,488.54288107436724,487.78608448608514,0,0,0,0,460.9677659180851,482.29465882352997,482.29465882352997,485.0392591099456,504.51244950284206,0,0,0,0,6.928256115589229,,,,,,,485.0392591099456,504.51244950284206,0,0,0,0,485.0392591099456,504.51244950284206,0,0,0,0,0
1743082200,482.41,486.57,480.25,482.03,178.5063637976873,142.80509103814984,267.75954569653095,,482.03,-20,-15,-20,-10,481.8256346406439,488.559035294118,488.559035294118,488.54288107436724,487.78608448608514,0,0,0,0,488.1253042667186,505.1956470588233,505.1956470588233,487.8412779486579,486.363032792714,0,0,0,0,452.26082278765466,469.6483529411764,469.6483529411764,488.54288107436724,487.78608448608514,0,0,0,0,460.9677659180851,482.29465882352997,482.29465882352997,485.0392591099456,504.51244950284206,0,0,0,0,6.928256115589229,,,,,,,485.0392591099456,504.51244950284206,0,0,0,0,485.0392591099456,504.51244950284206,0,0,0,0,0
1743096600,481.91,484.89,481.13,481.61,178.5063637976873,142.80509103814984,267.75954569653095,,481.61,5,-15,5,-10,481.7786583736296,488.1932470588231,488.1932470588231,488.1149918106204,487.78608448608514,0,0,0,0,484.8764942132799,502.32176470588246,502.32176470588246,487.8412779486579,486.363032792714,0,0,0,0,454.440795338792,470.6434588235287,470.6434588235287,488.1149918106204,487.78608448608514,0,0,0,0,458.2984897763828,479.96964705882397,479.96964705882397,485.0392591099456,504.51244950284206,0,0,0,0,6.928256115589229,,,,,,,485.0392591099456,504.51244950284206,0,0,0,0,485.0392591099456,504.51244950284206,0,0,0,0,0
1743168600,479.81,480.5,468.49,468.8,179.16787677159556,143.33430141727646,268.75181515739337,,468.8,-20,-15,-20,-65,479.53464205776044,486.1013882352939,486.1013882352939,477.3233347754839,487.78608448608514,0,0,0,0,484.8764942132799,502.32176470588246,502.32176470588246,487.8412779486579,486.363032792714,0,0,0,0,454.88816770118615,470.44465882352904,470.44465882352904,477.3233347754839,487.78608448608514,0,0,0,0,458.2984897763828,479.96964705882397,479.96964705882397,485.0392591099456,504.51244950284206,0,0,0,0,-8.071743884410772,,,,,,,485.0392591099456,504.51244950284206,0,0,0,0,485.0392591099456,504.51244950284206,0,0,0,0,0
1743183000,468.77,470.4,468.05,468.97,179.16787677159556,143.33430141727646,268.75181515739337,,468.97,-15,-15,-15,-40,477.1766309648284,484.0760235294118,484.0760235294118,473.4077223319223,487.78608448608514,0,0,0,0,484.8764942132799,502.32176470588246,502.32176470588246,487.8412779486579,486.363032792714,0,0,0,0,455.35773835115003,470.2869411764699,470.2869411764699,473.4077223319223,487.78608448608514,0,0,0,0,454.8322206504845,477.1800705882358,477.1800705882358,476.67624118867116,504.51244950284206,0,0,0,0,-8.382552044206266,,,,,,,476.67624118867116,504.51244950284206,0,0,0,0,476.67624118867116,504.51244950284206,0,0,0,0,0
1743427800,461.92,465.34,457.34,463.84,168.94820691422683,135.15856553138147,253.42231037134025,,463.84,-10,-15,-10,-35,473.6022166174129,481.24741176470604,481.24741176470604,467.96002787964215,487.78608448608514,0,0,0,0,484.8764942132799,502.32176470588246,502.32176470588246,487.8412779486579,486.363032792714,0,0,0,0,455.4615076645424,469.835294117647,469.835294117647,467.96002787964215,487.78608448608514,0,0,0,0,454.8322206504845,477.1800705882358,477.1800705882358,471.99865253233753,504.51244950284206,0,0,0,0,-8.556392724238409,,,,,,,471.99865253233753,504.51244950284206,0,0,0,0,471.99865253233753,504.51244950284206,0,0,0,0,0
1743442200,463.86,469.86,462.97,468.97,168.94820691422683,135.15856553138147,253.42231037134025,,468.97,-30,-45,-40,-65,470.9123048001712,478.6330352941171,478.6330352941171,467.96002787964215,480.29810640341924,0,0,0,0,480.0184874675374,498.1384941176472,498.1384941176472,480.2765019819679,486.363032792714,0,0,0,0,455.87531195776637,469.7054823529413,469.7054823529413,467.96002787964215,480.29810640341924,0,0,0,0,451.36609285672006,474.3565176470592,474.3565176470592,471.99865253233753,504.51244950284206,0,0,0,0,-18.00061325927084,,,,,,,471.99865253233753,504.51244950284206,0,0,0,0,471.99865253233753,504.51244950284206,0,0,0,0,0
1743514200,467.3,473.63,464.43,470.76,169.35807541804644,135.48646033443717,254.03711312706966,,470.76,-10,-25,-20,-45,468.8896144846988,476.4730588235296,476.4730588235296,467.96002787964215,480.29810640341924,0,0,0,0,480.0184874675374,498.1384941176472,498.1384941176472,480.2765019819679,486.363032792714,0,0,0,0,456.1700329630704,469.5958823529411,469.5958823529411,467.96002787964215,480.29810640341924,0,0,0,0,451.36609285672006,474.3565176470592,474.3565176470592,471.99865253233753,504.51244950284206,0,0,0,0,-18.00061325927084,,,,,,,471.99865253233753,504.51244950284206,0,0,0,0,471.99865253233753,504.51244950284206,0,0,0,0,0
1743528600,470.74,473.17,467.4,472.63,169.35807541804644,135.48646033443717,254.03711312706966,,472.63,5,-25,-5,-30,467.30460464762365,475.07199999999966,475.07199999999966,467.96002787964215,480.29810640341924,0,0,0,0,480.0184874675374,498.1384941176472,498.1384941176472,480.2765019819679,486.363032792714,0,0,0,0,456.7660484340438,469.70807058823533,469.70807058823533,467.96002787964215,480.29810640341924,0,0,0,0,448.8912480899796,472.2767764705887,472.2767764705887,471.99865253233753,504.51244950284206,0,0,0,0,-18.00061325927084,,,,,,,471.99865253233753,504.51244950284206,0,0,0,0,471.99865253233753,504.51244950284206,0,0,0,0,0
1743600600,466.12,479.55,465.89,478.18,174.79344024609694,139.83475219687756,262.1901603691454,,478.18,10,-25,0,-15,466.8564724746804,474.6488705882353,482.4412687017902,467.96002787964215,480.29810640341924,0,0,0,0,480.0184874675374,498.1384941176472,498.1384941176472,480.2765019819679,486.363032792714,0,0,0,0,458.10221521808165,470.37632941176474,470.37632941176474,467.96002787964215,480.29810640341924,0,0,0,0,448.8912480899796,472.2767764705887,472.2767764705887,471.99865253233753,504.51244950284206,0,0,0,0,-18.00061325927084,,,,,,,471.99865253233753,504.51244950284206,0,0,0,0,471.99865253233753,504.51244950284206,0,0,0,0,0
1743615000,478.155,478.25,472.68,476.18,174.79344024609694,139.83475219687756,262.1901603691454,,476.18,-10,-25,-5,-5,466.3302263553911,474.1525411764703,481.9748559975495,469.30090808374615,480.29810640341924,0,0,0,0,476.1751476001332,494.7513647058828,494.7513647058828,480.2765019819679,486.363032792714,0,0,0,0,459.47898169498575,470.9947058823525,470.9947058823525,469.30090808374615,480.29810640341924,0,0,0,0,447.10556100759567,470.70270588235337,470.70270588235337,471.99865253233753,504.51244950284206,0,0,0,0,-18.00061325927084,,,,,,,471.99865253233753,504.51244950284206,0,0,0,0,471.99865253233753,504.51244950284206,0,0,0,0,0
1743687000,456.44,460.07,451.57,454.49,169.3046106758672,135.44368854069376,253.9569160138008,,454.49,-20,-15,-20,-45,461.64780673486064,470.7726588235286,470.7726588235286,464.11829864207607,480.29810640341924,0,0,0,0,476.1751476001332,494.7513647058828,494.7513647058828,480.2765019819679,486.363032792714,0,0,0,0,458.4816461010768,469.9254823529412,469.9254823529412,464.11829864207607,480.29810640341924,0,0,0,0,447.10556100759567,470.70270588235337,470.70270588235337,468.46543442530316,504.51244950284206,0,0,0,0,-18.131923873255047,,,,,,,468.46543442530316,504.51244950284206,0,0,0,0,468.46543442530316,504.51244950284206,0,0,0,0,0
1743701400,454.38,455.81,450.14,450.71,169.3046106758672,135.44368854069376,253.9569160138008,,450.71,-15,-45,-55,-80,455.91462949505404,466.41400000000004,466.41400000000004,458.2571044413819,471.76109685434113,0,0,0,0,476.1751476001332,494.7513647058828,494.7513647058828,471.742673051889,486.363032792714,0,0,0,0,456.270314460701,468.2248470588231,468.2248470588231,458.2571044413819,471.76109685434113,0,0,0,0,443.0470356594665,467.53228235294165,467.53228235294165,464.01076053778155,504.51244950284206,0,0,0,0,-20.490756528832318,,,,,,,464.01076053778155,504.51244950284206,0,0,0,0,464.01076053778155,504.51244950284206,0,0,0,0,0
1743773400,438.14,440.37,425.27,427.6,170.65631336574796,136.52505069259837,255.98447004862194,,427.6,-10,-25,-20,-60,445.1760425483211,459.1071764705876,459.1071764705876,442.10852372751805,471.76109685434113,0,0,0,0,476.1751476001332,494.7513647058828,494.7513647058828,471.742673051889,486.363032792714,0,0,0,0,451.0324989707831,464.83931764705864,464.83931764705864,442.10852372751805,471.76109685434113,0,0,0,0,443.0470356594665,467.53228235294165,467.53228235294165,449.80213478508284,504.51244950284206,0,0,0,0,-21.018814326267503,,,,,,,449.80213478508284,504.51244950284206,0,0,0,0,449.80213478508284,504.51244950284206,0,0,0,0,0
1743787800,427.58,432.34,423.07,423.24,170.65631336574796,136.52505069259837,255.98447004862194,,423.24,-60,-55,-40,-80,434.87869235468185,451.81214117647045,451.81214117647045,438.76617607117623,453.22530422188817,0,0,0,0,465.8688354402263,488.10265882352985,488.10265882352985,453.18319640532553,486.363032792714,0,0,0,0,446.28027576988814,461.6071294117643,461.6071294117643,438.76617607117623,453.22530422188817,0,0,0,0,435.81020471661725,462.4239529411765,462.4239529411765,441.7605537290055,502.5941149991778,0,0,0,0,-26.02497654416923,,,,,,,441.7605537290055,502.5941149991778,0,0,0,0,441.7605537290055,502.5941149991778,0,0,0,0,0
1744032600,408.66,443.14,402.39,425.74,160.68034605489115,128.5442768439129,241.0205190823367,,425.74,-25,-25,-25,-65,424.6690191217565,444.42421176470606,444.42421176470606,435.9032334491265,453.22530422188817,0,0,0,0,465.8688354402263,488.10265882352985,488.10265882352985,453.18319640532553,486.363032792714,0,0,0,0,441.95740099446874,458.53849411764713,458.53849411764713,435.9032334491265,453.22530422188817,0,0,0,0,435.81020471661725,462.4239529411765,462.4239529411765,441.7605537290055,502.5941149991778,0,0,0,0,-26.02497654416923,,,,,,,441.7605537290055,502.5941149991778,0,0,0,0,441.7605537290055,502.5941149991778,0,0,0,0,0
1744047000,425.7,430.17,420.15,423.89,160.68034605489115,128.5442768439129,241.0205190823367,,423.89,-30,-25,-30,-70,416.0903876590628,437.86277647058773,437.86277647058773,435.8457472086856,453.22530422188817,0,0,0,0,465.8688354402263,488.10265882352985,488.10265882352985,453.18319640532553,486.363032792714,0,0,0,0,437.4379269818505,455.3010117647053,455.3010117647053,435.8457472086856,453.22530422188817,0,0,0,0,429.10542456790785,457.53317647058856,457.53317647058856,441.71134479694865,502.5941149991778,0,0,0,0,-24.860280033495595,,,,,,,441.71134479694865,502.5941149991778,0,0,0,0,441.71134479694865,502.5941149991778,0,0,0,0,0
1744119000,438.1,443.13,422.52,422.7,162.18323906100557,129.74659124880446,243.27485859150835,,422.7,-25,-25,-25,-50,409.5852552336101,432.6156235294114,432.6156235294114,435.8457472086856,453.22530422188817,0,0,0,0,465.8688354402263,488.10265882352985,488.10265882352985,453.18319640532553,486.363032792714,0,0,0,0,432.9965393119484,452.05698823529394,452.05698823529394,435.8457472086856,453.22530422188817,0,0,0,0,429.10542456790785,457.53317647058856,457.53317647058856,441.71134479694865,502.5941149991778,0,0,0,0,-24.860280033495595,,,,,,,441.71134479694865,502.5941149991778,0,0,0,0,441.71134479694865,502.5941149991778,0,0,0,0,0
1744133400,422.59,428.78,409.8,416.26,162.18323906100557,129.74659124880446,243.27485859150835,,416.26,-45,-30,-60,-60,401.00963737365055,425.8836705882351,425.8836705882351,427.66469611691144,453.22530422188817,0,0,0,0,455.4775708068339,481.1665176470587,481.1665176470587,453.18319640532553,486.363032792714,0,0,0,0,428.09205933242015,448.4992705882351,448.4992705882351,427.66469611691144,453.22530422188817,0,0,0,0,421.05767403426887,451.682423529412,451.682423529412,441.45416974838935,502.5941149991778,0,0,0,0,-24.869874320449185,,,,,,,441.45416974838935,502.5941149991778,0,0,0,0,441.45416974838935,502.5941149991778,0,0,0,0,0
1744205400,415.56,453.51,415.43,444.18,156.289696973048,125.0317575784384,234.434545459572,,444.18,-10,-15,-25,-10,396.84142431399107,422.35839999999916,447.87537568600726,427.66469611691144,453.22530422188817,0,0,0,0,455.4775708068339,481.1665176470587,481.1665176470587,453.18319640532553,486.363032792714,0,0,0,0,426.9953141716916,447.4071058823526,447.4071058823526,427.66469611691144,453.22530422188817,0,0,0,0,421.05767403426887,451.682423529412,451.682423529412,441.45416974838935,502.5941149991778,0,0,0,0,-24.869874320449185,,,,,,,441.45416974838935,502.5941149991778,0,0,0,0,441.45416974838935,502.5941149991778,0,0,0,0,0
1744219800,444.19,467.92,443.43,465.04,156.289696973048,125.0317575784384,234.434545459572,,465.04,-5,-15,-20,30,400.0407717221208,424.9201647058819,449.79955768964305,448.86242201699537,453.22530422188817,0,0,0,0,455.4775708068339,481.1665176470587,481.1665176470587,453.18319640532553,486.363032792714,0,0,0,0,428.28531041742576,448.2139529411764,468.142595464927,448.86242201699537,453.22530422188817,0,0,0,0,419.5199865610026,450.24430588235293,450.24430588235293,441.45416974838935,502.5941149991778,0,0,0,0,-24.869874320449185,,,,,,,441.45416974838935,502.5941149991778,0,0,0,0,441.45416974838935,502.5941149991778,0,0,0,0,0
1744291800,453.61,455.53,432.64,441.42,169.3364304173616,135.4691443338893,254.00464562604242,,441.42,-30,-15,-45,-10,400.366895361746,424.70992941176496,424.70992941176496,448.86242201699537,453.22530422188817,0,0,0,0,455.4775708068339,481.1665176470587,481.1665176470587,453.18319640532553,486.363032792714,0,0,0,0,426.64009880714093,446.7671294117644,446.7671294117644,448.86242201699537,453.22530422188817,0,0,0,0,419.5199865610026,450.24430588235293,450.24430588235293,441.45416974838935,502.5941149991778,0,0,0,0,-24.869874320449185,,,,,,,441.45416974838935,502.5941149991778,0,0,0,0,441.45416974838935,502.5941149991778,0,0,0,0,0
1744306200,441.41,450.82,440.38,446.13,169.3364304173616,135.4691443338893,254.00464562604242,,446.13,-25,-15,-40,-5,401.8086920882184,425.3141411764705,448.81959026472265,448.86242201699537,453.22530422188817,0,0,0,0,449.7212450733491,476.73557647058874,476.73557647058874,453.18319640532553,486.363032792714,0,0,0,0,425.57033400822104,445.75654117647053,445.75654117647053,448.86242201699537,453.22530422188817,0,0,0,0,416.0653600625194,447.3593411764707,447.3593411764707,441.45416974838935,502.5941149991778,0,0,0,0,-23.55390841308818,,,,,,,441.45416974838935,502.5941149991778,0,0,0,0,441.45416974838935,502.5941149991778,0,0,0,0,0
1744378200,444.65,453.7,441.36,450.23,163.1779405688403,130.54235245507226,244.76691085326047,,450.23,10,-15,10,20,404.37312100509763,426.7839294117643,449.19473781843095,448.86242201699537,453.22530422188817,0,0,0,0,449.7212450733491,476.73557647058874,476.73557647058874,453.18319640532553,486.363032792714,0,0,0,0,424.98726160407955,445.1340470588236,445.1340470588236,448.86242201699537,453.22530422188817,0,0,0,0,416.0653600625194,447.3593411764707,447.3593411764707,441.45416974838935,502.5941149991778,0,0,0,0,-23.55390841308818,,,,,,,441.45416974838935,502.5941149991778,0,0,0,0,441.45416974838935,502.5941149991778,0,0,0,0,0
1744392600,450.29,455.77,449.11,454.24,163.1779405688403,130.54235245507226,244.76691085326047,,454.24,5,-60,5,15,407.7382597704094,429.2225647058819,450.7068696413544,448.86242201699537,453.22530422188817,0,0,0,0,449.7212450733491,476.73557647058874,476.73557647058874,453.18319640532553,486.363032792714,0,0,0,0,425.15402318506835,445.0788705882352,445.0788705882352,448.86242201699537,453.22530422188817,0,0,0,0,413.85670855819893,445.3770823529412,445.3770823529412,441.45416974838935,493.8931067849508,0,0,0,0,-20.401790490461195,,,,,,,441.45416974838935,493.8931067849508,0,0,0,0,441.45416974838935,493.8931067849508,0,0,0,0,0
1744637400,464.46,465.01,452.63,455.72,171.8741480406726,137.49931843253808,257.8112220610089,,455.72,10,-40,10,10,411.45174572609756,432.0714823529412,452.6912189797848,448.86242201699537,453.22530422188817,0,0,0,0,449.7212450733491,476.73557647058874,476.73557647058874,453.18319640532553,486.363032792714,0,0,0,0,424.5760252203442,444.5290117647058,464.48199830906736,448.86242201699537,453.22530422188817,0,0,0,0,413.85670855819893,445.3770823529412,445.3770823529412,441.45416974838935,493.8931067849508,0,0,0,0,-20.401790490461195,,,,,,,441.45416974838935,493.8931067849508,0,0,0,0,441.45416974838935,493.8931067849508,0,0,0,0,0
1744651800,455.64,461.14,454.75,457.41,171.8741480406726,137.49931843253808,257.8112220610089,,457.41,10,-40,10,10,415.7502854042262,435.4503529411762,455.15042047812625,448.86242201699537,453.22530422188817,0,0,0,0,444.909554614807,472.7103058823533,472.7103058823533,453.18319640532553,486.363032792714,0,0,0,0,424.1468179768707,444.11303529411754,464.0792526113644,448.86242201699537,453.22530422188817,0,0,0,0,412.1345474775395,443.76510588235294,443.76510588235294,441.45416974838935,493.8931067849508,0,0,0,0,-20.401790490461195,,,,,,,441.45416974838935,493.8931067849508,0,0,0,0,441.45416974838935,493.8931067849508,0,0,0,0,0
1744723800,458.54,462.36,456.73,457.13,173.58761112327406,138.87008889861926,260.3814166849111,,457.13,15,-40,15,15,420.25137933788767,438.9604235294116,457.6694677209356,448.86242201699537,453.22530422188817,0,0,0,0,444.909554614807,472.7103058823533,472.7103058823533,453.18319640532553,486.363032792714,0,0,0,0,423.46373551924256,443.4679764705878,463.47221742193307,448.86242201699537,453.22530422188817,0,0,0,0,412.1345474775395,443.76510588235294,443.76510588235294,443.05708824462675,493.8931067849508,0,0,0,0,-20.340937805150205,,,,,,,443.05708824462675,493.8931067849508,0,0,0,0,443.05708824462675,493.8931067849508,0,0,0,0,0
1744738200,457.11,458.93,456.15,457.98,173.58761112327406,138.87008889861926,260.3814166849111,,457.98,10,-40,10,25,423.3207226923777,441.6571764705879,459.9936302487981,448.88493130900923,453.22530422188817,0,0,0,0,444.909554614807,472.7103058823533,472.7103058823533,453.18319640532553,486.363032792714,0,0,0,0,423.07249472489116,443.08903529411776,463.10557586334437,448.88493130900923,453.22530422188817,0,0,0,0,410.42341063553044,442.17802352941146,442.17802352941146,443.25515337001053,493.8931067849508,0,0,0,0,-20.33341852405491,,,,,,,443.25515337001053,493.8931067849508,0,0,0,0,443.25515337001053,493.8931067849508,0,0,0,0,0
1744810200,448.99,452.62,447.24,449.2,171.64404467939096,137.31523574351277,257.46606701908644,,449.2,15,-15,15,15,425.2533180899264,443.19875294117605,443.19875294117605,448.88493130900923,453.22530422188817,0,0,0,0,444.909554614807,472.7103058823533,472.7103058823533,453.18319640532553,486.363032792714,0,0,0,0,422.31898086881483,442.3664470588234,442.3664470588234,448.88493130900923,453.22530422188817,0,0,0,0,410.42341063553044,442.17802352941146,442.17802352941146,443.25515337001053,493.8931067849508,0,0,0,0,-20.33341852405491,,,,,,,443.25515337001053,493.8931067849508,0,0,0,0,443.25515337001053,493.8931067849508,0,0,0,0,0
1744824600,449.2,449.26,437.75,444.21,171.64404467939096,137.31523574351277,257.46606701908644,,444.21,10,-20,10,10,425.192807331136,443.00616470588244,443.00616470588244,448.88493130900923,453.22530422188817,0,0,0,0,438.97646056331445,468.0199058823531,468.0199058823531,453.18319640532553,486.363032792714,0,0,0,0,421.0616473759417,441.2395529411767,441.2395529411767,448.88493130900923,453.22530422188817,0,0,0,0,407.87841239468526,439.91449411764734,439.91449411764734,443.25515337001053,493.8931067849508,0,0,0,0,-20.33341852405491,,,,,,,443.25515337001053,493.8931067849508,0,0,0,0,443.25515337001053,493.8931067849508,0,0,0,0,0
1744896600,447.17,447.38,441.36,443.97,172.45192527939534,137.96154022351627,258.677887919093,,443.97,15,-15,15,15,426.36628577295727,443.7711058823526,443.7711058823526,448.88493130900923,453.22530422188817,0,0,0,0,438.97646056331445,468.0199058823531,468.0199058823531,453.18319640532553,486.363032792714,0,0,0,0,419.4219928095906,439.7929647058827,439.7929647058827,448.88493130900923,453.22530422188817,0,0,0,0,407.87841239468526,439.91449411764734,439.91449411764734,443.25515337001053,493.8931067849508,0,0,0,0,-20.33341852405491,,,,,,,443.25515337001053,493.8931067849508,0,0,0,0,443.25515337001053,493.8931067849508,0,0,0,0,0
1744911000,444,447.74,443,444.02,172.45192527939534,137.96154022351627,258.677887919093,,444.02,10,-55,10,10,428.3609628339172,445.1086588235291,445.1086588235291,448.88493130900923,453.22530422188817,0,0,0,0,438.97646056331445,468.0199058823531,468.0199058823531,453.18319640532553,486.363032792714,0,0,0,0,417.8888936178063,438.4359058823531,438.4359058823531,448.88493130900923,453.22530422188817,0,0,0,0,405.74793484732925,437.9288705882351,437.9288705882351,443.25515337001053,491.2007420145972,0,0,0,0,-20.241183262055014,,,,,,,443.25515337001053,491.2007420145972,0,0,0,0,443.25515337001053,491.2007420145972,0,0,0,0,0
1745242200,438.19,439.06,428.72,429.07,174.8495032301664,139.87960258413312,262.2742548452496,,429.07,-20,-40,-20,-45,428.34234841213566,444.61515294117623,444.61515294117623,439.41607905038205,453.22530422188817,0,0,0,0,438.97646056331445,468.0199058823531,468.0199058823531,453.18319640532553,486.363032792714,0,0,0,0,415.39511814753433,436.37571764705854,436.37571764705854,439.41607905038205,453.22530422188817,0,0,0,0,405.74793484732925,437.9288705882351,437.9288705882351,443.25515337001053,491.2007420145972,0,0,0,0,-20.241183262055014,,,,,,,443.25515337001053,491.2007420145972,0,0,0,0,443.25515337001053,491.2007420145972,0,0,0,0,0
1745256600,429.09,433.97,427.96,433.18,174.8495032301664,139.87960258413312,262.2742548452496,,433.18,-15,-40,-15,-40,429.9509612731559,445.1062588235298,445.1062588235298,437.49064483249765,453.22530422188817,0,0,0,0,432.0251512244011,462.670235294118,462.670235294118,453.18319640532553,486.363032792714,0,0,0,0,413.5817571907515,434.8030823529412,434.8030823529412,437.49064483249765,453.22530422188817,0,0,0,0,402.9070316147438,435.3946117647064,435.3946117647064,443.25515337001053,491.2007420145972,0,0,0,0,-20.241183262055014,,,,,,,443.25515337001053,491.2007420145972,0,0,0,0,443.25515337001053,491.2007420145972,0,0,0,0,0
1745328600,438.82,447.57,437.65,441.42,179.74236852628397,143.79389482102718,269.61355278942597,,441.42,10,-40,10,0,433.95554326824856,447.6212235294116,447.6212235294116,437.49064483249765,453.22530422188817,0,0,0,0,432.0251512244011,462.670235294118,462.670235294118,453.18319640532553,486.363032792714,0,0,0,0,412.81730529005085,434.0320941176469,434.0320941176469,437.49064483249765,453.22530422188817,0,0,0,0,402.9070316147438,435.3946117647064,435.3946117647064,443.25515337001053,491.2007420145972,0,0,0,0,-20.241183262055014,,,,,,,443.25515337001053,491.2007420145972,0,0,0,0,443.25515337001053,491.2007420145972,0,0,0,0,0
1745343000,441.4,444.98,440.29,444.4,179.74236852628397,143.79389482102718,269.61355278942597,,444.4,5,-45,5,-5,435.35070993664925,448.79268235294103,462.2346547692328,437.49064483249765,453.22530422188817,0,0,0,0,432.0251512244011,462.670235294118,462.670235294118,453.18319640532553,486.363032792714,0,0,0,0,412.5605725211702,433.6552235294117,433.6552235294117,437.49064483249765,453.22530422188817,0,0,0,0,401.16509953660113,433.7030352941177,433.7030352941177,443.25515337001053,491.2007420145972,0,0,0,0,-20.241183262055014,,,,,,,443.25515337001053,491.2007420145972,0,0,0,0,443.25515337001053,491.2007420145972,0,0,0,0,0
1745415000,458.17,463.38,453.3,457.43,192.14493899119256,153.71595119295407,288.2174084867888,,457.43,10,-15,10,25,438.3274362903031,451.9976705882353,465.66790488616743,449.0645694869773,453.22530422188817,0,0,0,0,432.0251512244011,462.670235294118,462.670235294118,453.18319640532553,486.363032792714,0,0,0,0,413.06636367919236,434.05710588235286,455.04784808551335,449.0645694869773,453.22530422188817,0,0,0,0,401.16509953660113,433.7030352941177,433.7030352941177,443.25515337001053,491.2007420145972,0,0,0,0,-20.241183262055014,,,,,,,443.25515337001053,491.2007420145972,0,0,0,0,443.25515337001053,491.2007420145972,0,0,0,0,0
1745429400,457.54,458.4,452.88,454.38,192.14493899119256,153.71595119295407,288.2174084867888,,454.38,10,-15,10,20,439.2870792810259,452.94082352941194,466.594567777798,449.0645694869773,453.22530422188817,0,0,0,0,427.88662720774835,459.2196000000004,459.2196000000004,453.18319640532553,486.363032792714,0,0,0,0,413.37588504098284,434.26510588235266,455.1543267237225,449.0645694869773,453.22530422188817,0,0,0,0,401.0955253636908,433.23190588235286,433.23190588235286,443.25515337001053,491.2007420145972,0,0,0,0,-20.241183262055014,,,,,,,443.25515337001053,491.2007420145972,0,0,0,0,443.25515337001053,491.2007420145972,0,0,0,0,0
1745501400,456.48,466.17,455.83,465.54,192.74081488519303,154.19265190815443,289.11122232778956,,465.54,15,0,15,60,441.0254021817709,454.83818823529407,468.6509742888172,455.61634409867963,453.22530422188817,0,0,0,0,427.88662720774835,459.2196000000004,459.2196000000004,453.18319640532553,486.363032792714,0,0,0,0,414.74118425372563,435.49030588235246,456.2394275109793,455.61634409867963,453.22530422188817,0,0,0,0,401.0955253636908,433.23190588235286,433.23190588235286,444.4899362939094,491.2007420145972,0,0,0,0,-5.194049416678179,,,,,,,444.4899362939094,491.2007420145972,0,0,1,0,444.4899362939094,491.2007420145972,0,0,0,0,0
1745515800,465.55,467.65,464.78,467.21,192.74081488519303,154.19265190815443,289.11122232778956,,467.21,20,-10,20,45,442.69475250060816,456.2091764705883,469.7236004405685,458.91353139120844,453.22530422188817,0,0,0,0,427.88662720774835,459.2196000000004,459.2196000000004,453.18319640532553,486.363032792714,0,0,0,0,416.464289558358,437.0128235294116,457.5613575004652,458.91353139120844,453.22530422188817,0,0,0,0,402.34518174532997,433.8792235294112,465.41326531349245,454.04494084434447,491.2007420145972,0,0,0,0,-4.829318014632916,,,,,,,454.04494084434447,491.2007420145972,0,0,0,0,454.04494084434447,491.2007420145972,0,0,0,0,0
1745587800,466.98,473.09,465.4,472.92,193.34429578032538,154.67543662426033,290.01644367048806,,472.92,15,-10,15,40,444.5542887675276,457.97211764705884,471.38994652659005,461.13682043425626,453.22530422188817,0,0,0,0,427.88662720774835,459.2196000000004,459.2196000000004,453.18319640532553,486.363032792714,0,0,0,0,418.4377832973789,438.90145882352954,459.36513434968015,461.13682043425626,453.22530422188817,0,0,0,0,402.34518174532997,433.8792235294112,465.41326531349245,454.8824450697484,491.2007420145972,0,0,0,0,-4.79734899894715,,,,,,,454.8824450697484,491.2007420145972,0,0,0,0,454.8824450697484,491.2007420145972,0,0,0,0,0
1745602200,472.93,472.97,468.75,472.57,193.34429578032538,154.67543662426033,290.01644367048806,,472.57,20,-15,20,45,446.49529890632266,460.0283764705882,473.5614540348538,464.80419721116994,453.22530422188817,0,0,0,0,425.66955799835966,457.2374352941175,457.2374352941175,453.18319640532553,486.363032792714,0,0,0,0,420.4787314293036,440.8262117647055,461.17369210010736,464.80419721116994,453.22530422188817,0,0,0,0,404.2576862945128,435.0861647058822,465.9146431172516,458.68227042190927,491.2007420145972,0,0,0,0,-4.652302953086539,,,,,,,458.68227042190927,491.2007420145972,0,0,0,0,458.68227042190927,491.2007420145972,0,0,0,0,0
1745847000,473.03,474.8,466.02,466.41,192.83600257962777,154.26880206370222,289.25400386944165,,466.41,15,-10,15,25,447.79605467244835,459.905435294118,472.0148159157876,464.80419721116994,453.22530422188817,0,0,0,0,425.66955799835966,457.2374352941175,457.2374352941175,453.18319640532553,486.363032792714,0,0,0,0,422.04341586891167,442.2325882352944,462.4217606016771,464.80419721116994,453.22530422188817,0,0,0,0,404.2576862945128,435.0861647058822,465.9146431172516,458.68227042190927,491.2007420145972,0,0,0,0,-4.652302953086539,,,,,,,458.68227042190927,491.2007420145972,0,0,0,0,458.68227042190927,491.2007420145972,0,0,0,0,0
1745861400,466.41,473.73,466.15,472.48,192.83600257962777,154.26880206370222,289.25400386944165,,472.48,20,-10,20,45,449.56844349409323,461.37009411764717,473.1717447412011,466.2968158201849,453.22530422188817,0,0,0,0,425.66955799835966,457.2374352941175,457.2374352941175,453.18319640532553,486.363032792714,0,0,0,0,424.23144091202,444.2614117647057,464.29138261739143,466.2968158201849,453.22530422188817,0,0,0,0,406.9208300498347,436.7166117647056,466.5123934795765,458.68227042190927,491.2007420145972,0,0,0,0,-4.652302953086539,,,,,,,458.68227042190927,491.2007420145972,0,0,0,0,458.68227042190927,491.2007420145972,0,0,0,0,0
1745933400,470.15,474.65,469.59,473.32,195.49238019600992,156.39390415680793,293.2385702940149,,473.32,15,-10,15,25,452.9602992137604,465.23122352941203,477.5021478450637,466.2968158201849,453.22530422188817,0,0,0,0,425.66955799835966,457.2374352941175,457.2374352941175,453.18319640532553,486.363032792714,0,0,0,0,427.08274632267455,446.7216000000003,466.36045367732606,466.2968158201849,453.22530422188817,0,0,0,0,406.9208300498347,436.7166117647056,466.5123934795765,460.12427773940766,491.2007420145972,0,0,0,0,-4.59725898655627,,,,,,,460.12427773940766,491.2007420145972,0,0,0,0,460.12427773940766,491.2007420145972,0,0,0,0,0
1745947800,473.39,476.43,473.2,475.42,195.49238019600992,156.39390415680793,293.2385702940149,,475.42,20,5,35,60,454.92202594499906,467.6991294117649,480.4762328785307,469.8549488921361,454.5227563905725,0,0,0,0,424.29209150530966,455.9625176470589,487.6329437888082,454.56129445585225,486.363032792714,0,0,0,0,430.16970938401903,449.41456470588287,468.6594200277467,469.8549488921361,454.5227563905725,0,0,0,0,410.26026461160376,438.82870588235295,467.39714715310214,464.17968647230714,491.2007420145972,0,0,0,0,-4.088272353635051,,,,,,,464.17968647230714,491.2007420145972,0,0,0,0,464.17968647230714,491.2007420145972,0,0,0,0,0
1746019800,467.13,471.31,462.44,470.91,193.9021214909281,155.1216971927425,290.8531822363922,,470.91,15,-10,15,25,456.26335678218476,469.2034588235298,482.1435608648748,469.8549488921361,454.5227563905725,0,0,0,0,424.29209150530966,455.9625176470589,487.6329437888082,454.56129445585225,486.363032792714,0,0,0,0,433.1141987764949,451.83555294117673,470.55690710585856,469.8549488921361,454.5227563905725,0,0,0,0,410.26026461160376,438.82870588235295,467.39714715310214,464.17968647230714,491.2007420145972,0,0,0,0,-4.088272353635051,,,,,,,464.17968647230714,491.2007420145972,0,0,0,0,464.17968647230714,491.2007420145972,0,0,0,0,0
1746034200,470.86,477.2,470.68,475.36,193.9021214909281,155.1216971927425,290.8531822363922,,475.36,20,-15,20,30,457.8960377596836,471.13105882352966,484.3660798873757,469.8549488921361,454.5227563905725,0,0,0,0,424.29209150530966,455.9625176470589,487.6329437888082,454.56129445585225,486.363032792714,0,0,0,0,436.54791365617973,454.72701176470616,472.9061098732326,469.8549488921361,454.5227563905725,0,0,0,0,413.9598237553042,441.1322823529407,468.3047409505772,464.17968647230714,491.2007420145972,0,0,0,0,-4.088272353635051,,,,,,,464.17968647230714,491.2007420145972,0,0,0,0,464.17968647230714,491.2007420145972,0,0,0,0,0
1746106200,483.41,487.19,480.84,484.18,193.73199738648478,154.98559790918785,290.5979960797272,,484.18,15,10,15,40,460.87109214050315,475.1733176470594,489.4755431536156,476.46196244723484,454.5227563905725,0,0,0,0,424.29209150530966,455.9625176470589,487.6329437888082,454.56129445585225,486.363032792714,0,0,0,0,439.83131798429946,457.99508235294127,476.1588467215831,476.46196244723484,454.5227563905725,0,0,0,0,413.9598237553042,441.1322823529407,468.3047409505772,471.5409588847153,491.2007420145972,0,0,0,0,-3.8072795823974395,,,,,,,471.5409588847153,491.2007420145972,0,0,0,0,471.5409588847153,491.2007420145972,0,0,0,0,0
1746120600,484.19,485.33,480.74,481.24,193.73199738648478,154.98559790918785,290.5979960797272,,481.24,20,35,65,75,463.694864210575,478.77567058823524,493.85647696589547,477.45539370100374,465.9322746428916,0,0,0,0,424.006883412788,455.57748235294116,487.1480812930943,465.957595729791,486.363032792714,0,0,0,0,442.9520810421816,461.0244470588238,479.096813075466,477.45539370100374,465.9322746428916,0,0,0,0,418.42805851899465,444.07439999999957,469.7207414810045,471.7773189643785,491.2007420145972,0,0,0,0,-0.869297730949086,,,,,,,471.7773189643785,491.2007420145972,0,0,0,0,471.7773189643785,491.2007420145972,0,0,0,0,0
1746192600,486.65,490.67,484.84,489.31,198.5486680547248,158.83893444377986,297.8230020820872,,489.31,15,20,25,65,467.0386891920931,483.15468235294117,499.27067551378923,482.0811370120646,465.9322746428916,0,0,0,0,424.006883412788,455.57748235294116,487.1480812930943,465.957595729791,486.363032792714,0,0,0,0,446.28813595213677,464.5934352941178,482.8987346360988,482.0811370120646,465.9322746428916,0,0,0,0,418.42805851899465,444.07439999999957,469.7207414810045,475.84393903835144,491.2007420145972,0,0,0,0,-0.7140676592796769,,,,,,,475.84393903835144,491.2007420145972,0,0,0,0,475.84393903835144,491.2007420145972,0,0,0,0,0
1746207000,489.32,490.91,487.97,488.86,198.5486680547248,158.83893444377986,297.8230020820872,,488.86,20,40,45,75,470.2809167780754,487.32948235294106,504.37804792780673,483.57319865406,470.4206835969708,0,0,0,0,424.006883412788,455.57748235294116,487.1480812930943,470.42276746337734,486.363032792714,0,0,0,0,449.56372970943715,468.0935529411765,486.6233761729158,483.57319865406,470.4206835969708,0,0,0,0,423.45999325015026,447.61618823529386,471.77238322043746,479.40651482132637,491.2007420145972,0,0,0,0,0.5695144416933394,,,,,,,479.40651482132637,491.2007420145972,0,0,0,0,479.40651482132637,491.2007420145972,0,0,0,0,0
1746451800,484.6,487.95,484.1,487.58,193.94619164512758,155.1569533161021,290.9192874676914,,487.58,15,25,25,40,473.14870984337216,490.8756470588236,508.602584274275,483.57319865406,470.4206835969708,0,0,0,0,424.006883412788,455.57748235294116,487.1480812930943,470.42276746337734,486.363032792714,0,0,0,0,452.0098847313178,470.96482352941194,489.9197623275061,483.57319865406,470.4206835969708,0,0,0,0,423.45999325015026,447.61618823529386,471.77238322043746,479.40651482132637,491.2007420145972,0,0,0,0,0.5695144416933394,,,,,,,479.40651482132637,491.2007420145972,0,0,0,0,479.40651482132637,491.2007420145972,0,0,0,0,0
1746466200,487.57,489.04,485.5,485.94,193.94619164512758,155.1569533161021,290.9192874676914,,485.94,35,20,30,45,475.3340631965525,493.4442117647055,511.55436033285855,483.57319865406,470.4206835969708,0,0,0,0,424.393770024086,455.74908235294095,487.1043946817959,470.42276746337734,486.363032792714,0,0,0,0,454.359512490223,473.6713647058825,492.98321692154207,483.57319865406,470.4206835969708,0,0,0,0,427.53948823901317,450.6006823529415,473.6618764668698,479.40651482132637,491.2007420145972,0,0,0,0,0.5695144416933394,,,,,,,479.40651482132637,491.2007420145972,0,0,0,0,479.40651482132637,491.2007420145972,0,0,0,0,0
1746538200,479.56,485.04,478.2,481.63,194.87173977952784,155.89739182362229,292.30760966929176,,481.63,15,20,25,50,476.4715633388396,494.2473647058824,512.0231660729252,483.57319865406,470.4206835969708,0,0,0,0,424.393770024086,455.74908235294095,487.1043946817959,470.42276746337734,486.363032792714,0,0,0,0,456.21089165766745,475.7981176470587,495.38534363644993,483.57319865406,470.4206835969708,0,0,0,0,427.53948823901317,450.6006823529415,473.6618764668698,479.40651482132637,491.2007420145972,0,0,0,0,0.5695144416933394,,,,,,,479.40651482132637,491.2007420145972,0,0,0,0,479.40651482132637,491.2007420145972,0,0,0,0,0
1746552600,481.68,483.8,480.54,481.38,194.87173977952784,155.89739182362229,292.30760966929176,,481.38,20,20,30,45,477.4309751449354,494.85910588235305,512.2872366197707,483.57319865406,470.4206835969708,0,0,0,0,424.393770024086,455.74908235294095,487.1043946817959,470.42276746337734,486.363032792714,0,0,0,0,458.2649346197395,478.06879999999984,497.8726653802602,483.57319865406,470.4206835969708,0,0,0,0,430.95934056376046,453.08028235294057,475.2012241421207,479.40651482132637,491.2007420145972,0,0,0,0,0.3570037309264828,,,,,,,479.40651482132637,491.2007420145972,0,0,0,0,479.40651482132637,491.2007420145972,0,0,0,0,0
1746624600,482.08,484.01,479.44,482.08,199.23102612423918,159.38482089939134,298.84653918635877,,482.08,15,10,15,15,478.0393612011258,494.9620705882352,511.88477997534454,483.57319865406,470.4206835969708,0,0,0,0,424.393770024086,455.74908235294095,487.1043946817959,470.42276746337734,486.363032792714,0,0,0,0,460.42540071283514,480.4362352941177,500.44706987540025,483.57319865406,470.4206835969708,0,0,0,0,430.95934056376046,453.08028235294057,475.2012241421207,479.40651482132637,491.2007420145972,0,0,0,0,0.3570037309264828,,,,,,,479.40651482132637,491.2007420145972,0,0,0,0,479.40651482132637,491.2007420145972,0,0,0,0,0
1746639000,482.07,485.8,476.8,483.3,199.23102612423918,159.38482089939134,298.84653918635877,,483.3,20,10,20,20,478.5142176341352,493.6273176470583,508.7404176599814,483.57319865406,470.4206835969708,0,0,0,0,424.3375847981141,455.5766823529411,486.81577990776805,470.42276746337734,486.363032792714,0,0,0,0,462.72859494728914,482.94656470588257,503.164534464476,483.57319865406,470.4206835969708,0,0,0,0,434.1306492741789,455.53512941176456,476.9396095493502,479.40651482132637,491.2007420145972,0,0,0,0,0.3570037309264828,,,,,,,479.40651482132637,491.2007420145972,0,0,0,0,479.40651482132637,491.2007420145972,0,0,0,0,0
1746711000,488.53,492.69,484.19,491.845,199.6516703703567,159.72133629628536,299.47750555553506,,491.845,15,10,15,15,480.0667368443472,493.26831764705844,506.4698984497697,483.57319865406,470.4206835969708,0,0,0,0,424.3375847981141,455.5766823529411,486.81577990776805,470.42276746337734,486.363032792714,0,0,0,0,465.74649692094033,486.3172823529409,506.8880677849414,483.57319865406,470.4206835969708,0,0,0,0,434.1306492741789,455.53512941176456,476.9396095493502,479.40651482132637,491.2007420145972,0,0,0,0,0.3570037309264828,,,,,,,479.40651482132637,491.2007420145972,0,0,0,0,479.40651482132637,491.2007420145972,0,0,0,0,0
1746725400,491.79,492.56,487.99,488.24,199.6516703703567,159.72133629628536,299.47750555553506,,488.24,20,20,35,50,481.29077069398693,493.26871764705896,505.246664600131,485.80090946269644,471.4289546077958,0,0,0,0,424.3375847981141,455.5766823529411,486.81577990776805,471.4444054956664,486.363032792714,0,0,0,0,468.45410028835494,489.29592941176435,510.13775853517376,485.80090946269644,471.4289546077958,0,0,0,0,437.8337363800462,458.49767058823517,479.1616047964241,480.5724339247355,491.2007420145972,0,0,0,0,-1.0932959710192351,,,,,,,480.5724339247355,491.2007420145972,0,0,1,0,480.5724339247355,491.2007420145972,0,0,0,0,0
1746797400,490.21,491.53,486.185,487.32,212.75955206296385,170.2076416503711,319.1393280944458,,487.32,15,10,15,15,482.2527869111516,492.4671882352939,502.68158955943625,485.80090946269644,471.4289546077958,0,0,0,0,424.3375847981141,455.5766823529411,486.81577990776805,471.4444054956664,486.363032792714,0,0,0,0,470.10568949094926,491.3071647058823,512.5086399208154,485.80090946269644,471.4289546077958,0,0,0,0,437.8337363800462,458.49767058823517,479.1616047964241,480.5724339247355,491.2007420145972,0,0,0,0,-1.0932959710192351,,,,,,,480.5724339247355,491.2007420145972,0,0,0,0,480.5724339247355,491.2007420145972,0,0,0,0,0
1746811800,487.319,489.2,486.9,488.06,212.75955206296385,170.2076416503711,319.1393280944458,,488.06,35,35,45,60,482.9354728113615,492.52290588235246,502.11033895334344,485.80090946269644,473.9822435643818,0,0,0,0,425.12207785248637,456.09065882352945,487.05923979457253,473.9680193888331,486.363032792714,0,0,0,0,471.62101643967793,493.1474117647059,514.6738070897339,485.80090946269644,473.9822435643818,0,0,0,0,440.53401197542735,460.9255764705883,481.3171409657492,480.5724339247355,491.2007420145972,0,0,0,0,-1.133258184556579,,,,,,,480.5724339247355,491.2007420145972,0,0,0,0,480.5724339247355,491.2007420145972,0,0,0,0,0
1747056600,507,507.37,501.5,506.569,214.5271121010166,171.6216896808133,321.79066815152487,,506.569,15,20,25,65,484.97798689131645,494.6104047058817,504.24282252044696,498.141691468348,473.9822435643818,0,0,0,0,425.12207785248637,456.09065882352945,487.05923979457253,473.9680193888331,486.363032792714,0,0,0,0,473.46265241015107,495.4125458823523,517.3624393545535,498.141691468348,473.9822435643818,0,0,0,0,440.53401197542735,460.9255764705883,481.3171409657492,493.700051870497,491.2007420145972,0,0,0,0,6.867846181600331,,,,,,,493.700051870497,491.2007420145972,0,0,0,0,493.700051870497,491.2007420145972,0,0,0,0,1
1747071000,506.54,507.89,505.56,507.79,214.5271121010166,171.6216896808133,321.79066815152487,,507.79,20,35,45,75,486.96165860777523,497.32170352941193,507.68174845104863,501.2129992206089,488.716726166926,0,0,0,0,425.12207785248637,456.09065882352945,487.05923979457253,488.7392322896307,486.363032792714,0,0,0,0,475.2611391778743,497.4122776470587,519.563416116243,501.2129992206089,488.716726166926,0,0,0,0,444.86201825020083,465.24204705882346,485.6220758674461,498.1507624511758,491.2007420145972,0,0,0,0,18.33408214182166,,,18.33408214182166,,,,498.1507624511758,491.2007420145972,0,0,0,0,498.1507624511758,491.2007420145972,0,0,0,0,0
1747143000,509.17,517.18,508.42,516.67,211.769999812341,169.41599984987283,317.65499971851153,,516.67,15,20,25,65,489.4009625546293,501.2056847058827,513.010406857136,510.480174667521,488.716726166926,0,0,0,0,425.12207785248637,456.09065882352945,487.05923979457253,488.7392322896307,486.363032792714,0,0,0,0,477.31930147224364,500.00257411764665,522.6858467630497,510.480174667521,488.716726166926,0,0,0,0,444.86201825020083,465.24204705882346,485.6220758674461,500.86927941894896,491.2007420145972,0,0,0,0,18.43785273658235,,,,,,,500.86927941894896,491.2007420145972,0,0,0,0,500.86927941894896,491.2007420145972,0,0,0,0,0
1747157400,516.69,517.38,515.26,515.59,211.769999812341,169.41599984987283,317.65499971851153,,515.59,45,65,45,85,491.95364862091265,504.96100705882344,517.9683654967342,511.2087336198409,495.88696001214555,0,0,0,0,428.7961216965315,459.306705882353,489.81729006817454,495.8857156975143,486.363032792714,0,0,0,0,479.27507176553326,502.2210588235296,525.1670458815258,511.2087336198409,495.88696001214555,0,0,0,0,448.71053564442303,469.7154588235293,490.7203820026355,508.09718803188116,491.2007420145972,0,0,0,0,20.550470080744986,,,,,,,508.09718803188116,491.2007420145972,0,0,0,0,508.09718803188116,491.2007420145972,0,0,0,0,0
1747229400,516.77,519.22,515.75,516.74,214.50285572617736,171.6022845809419,321.75428358926604,,516.74,25,25,25,65,494.55313159377107,508.6054588235291,522.6577860532872,511.8051267357109,495.88696001214555,0,0,0,0,428.7961216965315,459.306705882353,489.81729006817454,495.8857156975143,486.363032792714,0,0,0,0,481.20577531918605,504.2654729411763,527.3251705631666,511.8051267357109,495.88696001214555,0,0,0,0,448.71053564442303,469.7154588235293,490.7203820026355,508.83953174388967,491.2007420145972,0,0,0,0,20.57880665153898,,,,,,,508.83953174388967,491.2007420145972,0,0,0,0,508.83953174388967,491.2007420145972,0,0,0,0,0
1747243800,516.75,518.92,516.62,518.69,214.50285572617736,171.6022845809419,321.75428358926604,,518.69,30,40,45,75,496.9442998363822,511.5229694117648,526.1016389871475,513.2708490731385,503.85232715413514,0,0,0,0,428.7961216965315,459.306705882353,489.81729006817454,503.85173600483466,486.363032792714,0,0,0,0,483.1745407934106,505.98242823529415,528.7903156771778,513.2708490731385,503.85232715413514,0,0,0,0,452.5577567714092,474.3251764705883,496.09259616976743,510.0388509050404,491.2007420145972,0,0,0,0,22.67193099094375,,,,,,,510.0388509050404,491.2007420145972,0,0,0,0,510.0388509050404,491.2007420145972,0,0,0,0,0
1747315800,516.52,521.93,515.17,521.7,213.2434186293415,170.5947349034732,319.8651279440123,,521.7,25,25,25,55,499.4424619838894,514.7195388235292,529.996615663169,514.6875688436755,503.85232715413514,0,0,0,0,428.7961216965315,459.306705882353,489.81729006817454,503.85173600483466,486.363032792714,0,0,0,0,485.2752407618507,508.80888941176494,532.3425380616792,514.6875688436755,503.85232715413514,0,0,0,0,452.5577567714092,474.3251764705883,496.09259616976743,510.0388509050404,491.2007420145972,0,0,0,0,22.67193099094375,,,,,,,510.0388509050404,491.2007420145972,0,0,0,0,510.0388509050404,491.2007420145972,0,0,0,0,0
1747330200,521.71,521.72,516.49,519.29,213.2434186293415,170.5947349034732,319.8651279440123,,519.29,65,25,30,45,501.5875941219649,517.2080847058825,532.8285752898,514.6875688436755,503.85232715413514,0,0,0,0,431.440779274119,461.9920705882354,492.54336190235176,503.85173600483466,486.363032792714,0,0,0,0,487.71726794726516,512.1002211764709,536.4831744056766,514.6875688436755,503.85232715413514,0,0,0,0,456.81630447749654,479.18312941176424,501.54995434603194,510.0388509050404,491.2007420145972,0,0,0,0,22.514388482045188,,,,,,,510.0388509050404,491.2007420145972,0,0,0,0,510.0388509050404,491.2007420145972,0,0,0,0,0
1747402200,520.66,520.72,517.1,520.41,213.8001073438554,171.04008587508432,320.70016101578307,,520.41,25,25,25,55,503.7359673862686,519.7003247058826,535.6646820254966,515.3070609575234,503.85232715413514,0,0,0,0,431.440779274119,461.9920705882354,492.54336190235176,503.85173600483466,486.363032792714,0,0,0,0,489.62648974412826,514.4060705882347,539.185651432341,515.3070609575234,503.85232715413514,0,0,0,0,456.81630447749654,479.18312941176424,501.54995434603194,510.80896335217705,491.2007420145972,0,0,0,0,22.543785034510865,,,,,,,510.80896335217705,491.2007420145972,0,0,0,0,510.80896335217705,491.2007420145972,0,0,0,0,0
1747416600,520.43,521.7,519.84,521.53,213.8001073438554,171.04008587508432,320.70016101578307,,521.53,30,45,75,75,505.72191037465416,521.621411764706,537.5209131547577,517.1518025603135,506.0643535155553,0,0,0,0,431.440779274119,461.9920705882354,492.54336190235176,506.06384380008706,486.363032792714,0,0,0,0,491.5670075785837,516.8014258823526,542.0358441861216,517.1518025603135,506.0643535155553,0,0,0,0,460.3208108587791,483.6236000000002,506.92638914122125,513.8654659698788,491.2007420145972,0,0,0,0,22.839834325018145,,,,,,,513.8654659698788,491.2007420145972,0,0,0,0,513.8654659698788,491.2007420145972,0,0,0,0,0
1747661400,514.33,522.53,514.29,522,219.4726709586276,175.57813676690208,329.2090064379414,,522,25,15,40,25,507.4494790555391,523.1813694117643,538.9132597679895,517.1518025603135,506.0643535155553,0,0,0,0,431.440779274119,461.9920705882354,492.54336190235176,506.06384380008706,486.363032792714,0,0,0,0,493.5145381047922,519.2198635294117,544.9251889540311,517.1518025603135,506.0643535155553,0,0,0,0,460.3208108587791,483.6236000000002,506.92638914122125,513.8654659698788,491.2007420145972,0,0,0,0,22.839834325018145,,,,,,,513.8654659698788,491.2007420145972,0,0,0,0,513.8654659698788,491.2007420145972,0,0,0,0,0
1747675800,521.99,522.5,520.12,522.01,219.4726709586276,175.57813676690208,329.2090064379414,,522.01,30,15,45,20,509.3488700869147,525.3641270588234,541.3793840307321,517.1518025603135,506.0643535155553,0,0,0,0,434.36724268176073,464.97279999999955,495.5783573182384,506.06384380008706,486.363032792714,0,0,0,0,495.456559421487,521.6306070588236,547.8046546961601,517.1518025603135,506.0643535155553,0,0,0,0,464.0122922097002,488.16811764705915,512.3239430844181,514.2519579025994,491.2007420145972,0,0,0,0,20.576780719542864,,,,,,,514.2519579025994,491.2007420145972,0,0,0,0,514.2519579025994,491.2007420145972,0,0,0,0,0
1747747800,519.47,520.92,518.07,520.43,217.66902196684887,174.1352175734791,326.5035329502733,,520.43,15,15,40,15,510.8371300501639,526.8455670588235,542.854004067483,517.1518025603135,506.0643535155553,0,0,0,0,434.36724268176073,464.97279999999955,495.5783573182384,506.06384380008706,486.363032792714,0,0,0,0,497.2714458842799,523.8184094117648,550.3653729392498,517.1518025603135,506.0643535155553,0,0,0,0,464.0122922097002,488.16811764705915,512.3239430844181,514.2519579025994,491.2007420145972,0,0,0,0,20.576780719542864,,,,,,,514.2519579025994,491.2007420145972,0,0,0,0,514.2519579025994,491.2007420145972,0,0,0,0,0
1747762200,520.49,520.49,516.66,520.27,217.66902196684887,174.1352175734791,326.5035329502733,,520.27,20,30,60,35,512.2461805360015,528.3387482352945,544.4313159345875,517.1518025603135,506.21258032718794,0,0,0,0,434.36724268176073,464.97279999999955,495.5783573182384,506.21545715415664,486.363032792714,0,0,0,0,499.0287351553998,525.9091294117645,552.7895236681293,517.1518025603135,506.21258032718794,0,0,0,0,466.72532923893584,491.74402352941155,516.7627178198873,514.2519579025994,491.2007420145972,0,0,0,0,19.513717634004184,,,,,,,514.2519579025994,491.2007420145972,0,0,0,0,514.2519579025994,491.2007420145972,0,0,0,0,0
1747834200,516.28,523,514.21,514.42,220.28710257562355,176.22968206049885,330.43065386343534,,514.42,0,15,0,0,513.3268308753575,529.4141411764705,529.4141411764705,517.1518025603135,506.21258032718794,0,0,0,0,434.36724268176073,464.97279999999955,495.5783573182384,506.21545715415664,486.363032792714,0,0,0,0,500.3862436690064,527.3865082352941,554.3867728015817,517.1518025603135,506.21258032718794,0,0,0,0,466.72532923893584,491.74402352941155,516.7627178198873,514.2519579025994,491.2007420145972,0,0,0,0,19.513717634004184,,,,,,,514.2519579025994,491.2007420145972,0,0,0,0,514.2519579025994,491.2007420145972,0,0,0,0,0
1747848600,514.39,517.43,511.24,513.05,220.28710257562355,176.22968206049885,330.43065386343534,,513.05,15,20,15,15,513.4187272367002,529.1660282352941,529.1660282352941,517.1518025603135,506.21258032718794,0,0,0,0,437.38518812987564,467.7011529411763,498.01711775247696,506.21545715415664,486.363032792714,0,0,0,0,501.5979798688245,528.6567105882349,555.7154413076453,517.1518025603135,506.21258032718794,0,0,0,0,469.01793186908117,494.6014823529411,520.185032836801,514.2519579025994,491.2007420145972,0,0,0,0,18.285311108906175,,,,,,,514.2519579025994,491.2007420145972,0,0,0,0,514.2519579025994,491.2007420145972,0,0,0,0,0
1747920600,513.67,517.54,512.3,515.99,226.18531830362565,180.94825464290054,339.2779774554385,,515.99,10,15,10,10,513.7131344834086,529.067468235294,544.4218019871794,517.1518025603135,506.21258032718794,0,0,0,0,437.38518812987564,467.7011529411763,498.01711775247696,506.21545715415664,486.363032792714,0,0,0,0,502.7494956203431,529.6744188235298,556.5993420267165,517.1518025603135,506.21258032718794,0,0,0,0,469.01793186908117,494.6014823529411,520.185032836801,514.2519579025994,491.2007420145972,0,0,0,0,18.285311108906175,,,,,,,514.2519579025994,491.2007420145972,0,0,0,0,514.2519579025994,491.2007420145972,0,0,0,0,0
1747935000,515.95,517.71,513.6,514.01,226.18531830362565,180.94825464290054,339.2779774554385,,514.01,15,15,15,15,513.805184466465,528.4090258823531,528.4090258823531,517.1518025603135,506.21258032718794,0,0,0,0,437.38518812987564,467.7011529411763,498.01711775247696,506.21545715415664,486.363032792714,0,0,0,0,503.6512951570944,530.1816329411766,556.7119707252589,517.1518025603135,506.21258032718794,0,0,0,0,471.5032911578182,497.6487764705881,523.794261783358,514.2519579025994,491.2007420145972,0,0,0,0,18.285311108906175,,,,,,,514.2519579025994,491.2007420145972,0,0,0,0,514.2519579025994,491.2007420145972,0,0,0,0,0
1748007000,506.19,511.58,505.59,511.5,230.50214513187674,184.4017161055014,345.7532176978151,,511.5,10,15,10,-15,512.9757169107071,526.5950541176469,526.5950541176469,513.8310901575968,506.21258032718794,0,0,0,0,437.38518812987564,467.7011529411763,498.01711775247696,506.21545715415664,486.363032792714,0,0,0,0,504.3195712420021,530.3201176470591,556.3206640521161,513.8310901575968,506.21258032718794,0,0,0,0,471.5032911578182,497.6487764705881,523.794261783358,514.2519579025994,491.2007420145972,0,0,0,0,18.285311108906175,,,,,,,514.2519579025994,491.2007420145972,0,0,0,0,514.2519579025994,491.2007420145972,0,0,0,0,0
1748021400,511.48,511.84,508.82,509.27,230.50214513187674,184.4017161055014,345.7532176978151,,509.27,15,15,15,5,511.99647724565995,524.3407294117642,524.3407294117642,513.8310901575968,506.21258032718794,0,0,0,0,439.7453603071225,469.87825882352917,500.01115733993583,506.21545715415664,486.363032792714,0,0,0,0,504.77451858274884,530.1285552941183,555.4825920054877,513.8310901575968,506.21258032718794,0,0,0,0,473.3731746658333,499.8960235294118,526.4188723929904,514.2519579025994,491.2007420145972,0,0,0,0,17.944191259210196,,,,,,,514.2519579025994,491.2007420145972,0,0,0,0,514.2519579025994,491.2007420145972,0,0,0,0,0
1748352600,516.15,521.19,514.6,520.89,225.75827322234784,180.6066185778783,338.63740983352176,,520.89,10,15,10,15,512.4877118983982,523.4164282352942,534.3451445721903,514.6177405659015,506.21258032718794,0,0,0,0,439.7453603071225,469.87825882352917,500.01115733993583,506.21545715415664,486.363032792714,0,0,0,0,505.91703312368,530.0877223529413,554.2584115822026,514.6177405659015,506.21258032718794,0,0,0,0,473.3731746658333,499.8960235294118,526.4188723929904,514.2519579025994,491.2007420145972,0,0,0,0,17.944191259210196,,,,,,,514.2519579025994,491.2007420145972,0,0,0,0,514.2519579025994,491.2007420145972,0,0,0,0,0
1748367000,520.9,521.71,519.91,521.21,225.75827322234784,180.6066185778783,338.63740983352176,,521.21,15,20,15,30,512.8749664615891,522.9789152941178,533.0828641266464,516.25433052548,506.21258032718794,0,0,0,0,439.7453603071225,469.87825882352917,500.01115733993583,506.21545715415664,486.363032792714,0,0,0,0,507.00916069861944,530.0200894117652,553.0310181249109,516.25433052548,506.21258032718794,0,0,0,0,476.19673125923526,503.4300470588234,530.6633628584116,514.2519579025994,491.2007420145972,0,0,0,0,17.944191259210196,,,,,,,514.2519579025994,491.2007420145972,0,0,0,0,514.2519579025994,491.2007420145972,0,0,0,0,0
1748439000,522.19,523.68,520.3,521.55,224.70467564858876,179.76374051887103,337.0570134728831,,521.55,10,15,10,25,513.2818051401582,522.3361905882357,531.3905760363132,516.8470350453642,506.21258032718794,0,0,0,0,439.7453603071225,469.87825882352917,500.01115733993583,506.21545715415664,486.363032792714,0,0,0,0,508.0093706034645,530.1013270588242,552.1932835141838,516.8470350453642,506.21258032718794,0,0,0,0,476.19673125923526,503.4300470588234,530.6633628584116,514.6608686038472,491.2007420145972,0,0,0,0,17.959800102993597,,,,,,,514.6608686038472,491.2007420145972,0,0,0,0,514.6608686038472,491.2007420145972,0,0,0,0,0
1748453400,521.54,522.381,518.4,518.94,224.70467564858876,179.76374051887103,337.0570134728831,,518.94,30,30,30,40,513.7071909989767,520.9813011764712,528.2554113539658,516.8470350453642,508.5200676567476,0,0,0,0,442.14969723551206,472.38435294117653,502.619008646841,508.53475778905045,486.363032792714,0,0,0,0,508.80516974683337,529.9105647058825,551.0159596649316,516.8470350453642,508.5200676567476,0,0,0,0,478.9847168370413,506.81131764705896,534.6379184570767,514.6608686038472,491.2007420145972,0,0,0,0,18.532503123219275,,,,,,,514.6608686038472,491.2007420145972,0,0,0,0,514.6608686038472,491.2007420145972,0,0,0,0,0
1748525400,526.33,526.47,517.33,520.08,222.30884539809972,177.8470763184798,333.4632680971496,,520.08,10,15,10,20,514.8221688512756,519.5454705882353,524.268772325195,516.8470350453642,508.5200676567476,0,0,0,0,442.14969723551206,472.38435294117653,502.619008646841,508.53475778905045,486.363032792714,0,0,0,0,509.5644312982735,530.1541317647061,550.7438322311386,516.8470350453642,508.5200676567476,0,0,0,0,478.9847168370413,506.81131764705896,534.6379184570767,514.6608686038472,491.2007420145972,0,0,0,0,18.532503123219275,,,,,,,514.6608686038472,491.2007420145972,0,0,0,0,514.6608686038472,491.2007420145972,0,0,0,0,0
1748539800,520.08,520.91,517.71,519.96,222.30884539809972,177.8470763184798,333.4632680971496,,519.96,15,15,15,15,514.8731002069978,518.9378588235296,523.0026174400614,516.8470350453642,508.5200676567476,0,0,0,0,442.14969723551206,472.38435294117653,502.619008646841,508.53475778905045,486.363032792714,0,0,0,0,510.2718856017576,530.1189694117653,549.966053221773,516.8470350453642,508.5200676567476,0,0,0,0,481.44415242029356,509.85755294117627,538.270953462059,514.6608686038472,491.2007420145972,0,0,0,0,18.532503123219275,,,,,,,514.6608686038472,491.2007420145972,0,0,0,0,514.6608686038472,491.2007420145972,0,0,0,0,0
1748611800,519.44,519.86,511.94,514.44,217.65700681163895,174.12560544931117,326.48551021745845,,514.44,10,15,10,10,514.4535584681826,517.9277411764709,517.9277411764709,516.8470350453642,508.5200676567476,0,0,0,0,442.14969723551206,472.38435294117653,502.619008646841,508.53475778905045,486.363032792714,0,0,0,0,510.5877399314309,529.9472894117649,549.306838892099,516.8470350453642,508.5200676567476,0,0,0,0,481.44415242029356,509.85755294117627,538.270953462059,514.6608686038472,491.2007420145972,0,0,0,0,18.532503123219275,,,,,,,514.6608686038472,491.2007420145972,0,0,0,0,514.6608686038472,491.2007420145972,0,0,0,0,0
1748626200,514.38,520.68,514.13,519.12,217.65700681163895,174.12560544931117,326.48551021745845,,519.12,15,20,15,15,514.5225594180444,517.9857882352945,521.4490170525447,516.8470350453642,508.5200676567476,0,0,0,0,444.9389461303705,475.18190588235296,505.42486563433545,508.53475778905045,486.363032792714,0,0,0,0,511.14343439652794,530.0907388235298,549.0380432505317,516.8470350453642,508.5200676567476,0,0,0,0,484.038072917013,512.9873176470587,541.9365623771045,514.6608686038472,491.2007420145972,0,0,0,0,18.532503123219275,,,,,,,514.6608686038472,491.2007420145972,0,0,0,0,514.6608686038472,491.2007420145972,0,0,0,0,0
1748871000,517.24,521.75,515.97,521.15,217.82253572412446,174.25802857929958,326.7338035861867,,521.15,10,15,10,10,514.679376947018,518.1450823529411,521.6107877588643,516.8470350453642,508.5200676567476,0,0,0,0,444.9389461303705,475.18190588235296,505.42486563433545,508.53475778905045,486.363032792714,0,0,0,0,511.79346823818867,530.4980705882359,549.2026729382832,516.8470350453642,508.5200676567476,0,0,0,0,484.038072917013,512.9873176470587,541.9365623771045,514.6608686038472,491.2007420145972,0,0,0,0,18.532503123219275,,,,,,,514.6608686038472,491.2007420145972,0,0,0,0,514.6608686038472,491.2007420145972,0,0,0,0,0
1748885400,521.1,523.45,520.57,523.18,217.82253572412446,174.25802857929958,326.7338035861867,,523.18,15,15,15,30,515.2365767532305,518.8230588235291,522.4095408938277,518.6144894432541,508.5200676567476,0,1,0,0,444.9389461303705,475.18190588235296,505.42486563433545,508.53475778905045,486.363032792714,0,0,0,0,512.4971978693085,530.9355435294119,549.3738891895154,518.6144894432541,508.5200676567476,0,0,0,0,486.7145994534494,516.2803058823529,545.8460123112563,514.9591663445158,491.2007420145972,0,0,0,0,18.543889674906058,,,,,,,514.9591663445158,491.2007420145972,0,0,0,0,514.9591663445158,491.2007420145972,0,0,0,0,0
1748957400,523.56,528.74,522.69,528.379,218.2525326458992,174.60202611671937,327.3787989688488,,528.379,10,15,10,35,516.174422344657,520.1699223529412,524.1654223612253,522.5875954893365,508.5200676567476,0,0,0,0,444.9389461303705,475.18190588235296,505.42486563433545,508.53475778905045,486.363032792714,0,0,0,0,513.4145049619974,531.4112211764702,549.4079373909431,522.5875954893365,508.5200676567476,0,0,0,0,486.7145994534494,516.2803058823529,545.8460123112563,517.0477973199075,491.2007420145972,0,0,0,0,18.62361640868089,,,,,,,517.0477973199075,491.2007420145972,0,0,0,0,517.0477973199075,491.2007420145972,0,0,0,0,0
1748971800,528.39,528.47,525.77,527.42,218.2525326458992,174.60202611671937,327.3787989688488,,527.42,30,40,40,80,517.2795377857068,521.605174117647,525.9308104495873,523.0667532535606,513.3610121393266,0,0,0,0,448.0278397158925,478.47814117647084,508.92844263704916,513.366258777933,486.363032792714,0,0,0,0,514.2271490309903,531.9094258823532,549.591702733716,523.0667532535606,513.3610121393266,0,0,0,0,489.58761692486837,519.8506588235298,550.1137007221912,520.3379546541998,491.2007420145972,0,0,0,0,19.99094997534463,,,,,,,520.3379546541998,491.2007420145972,0,0,0,0,520.3379546541998,491.2007420145972,0,0,0,0,0
1749043800,528.01,529.66,525.99,529.18,217.25956792313602,173.80765433850883,325.889351884704,,529.18,10,25,20,60,518.2925089717276,523.0086611764707,527.7248133812138,524.2349556114884,513.3610121393266,0,0,0,0,448.0278397158925,478.47814117647084,508.92844263704916,513.366258777933,486.363032792714,0,0,0,0,515.0795321064849,532.4486188235292,549.8177055405735,524.2349556114884,513.3610121393266,0,0,0,0,489.58761692486837,519.8506588235298,550.1137007221912,520.6838150360427,491.2007420145972,0,0,0,0,20.004152077061647,,,,,,,520.6838150360427,491.2007420145972,0,0,0,0,520.6838150360427,491.2007420145972,0,0,0,0,0
1749058200,529.17,529.84,528.55,528.77,217.25956792313602,173.80765433850883,325.889351884704,,528.77,15,45,80,80,519.395521554266,524.462642352941,529.529763151616,525.5617444963822,517.0302969865174,0,0,0,0,448.0278397158925,478.47814117647084,508.92844263704916,517.0572402937948,486.363032792714,0,0,0,0,515.8593948065165,532.9085411764706,549.9576875464247,525.5617444963822,517.0302969865174,0,0,0,0,492.8769121197354,523.8186352941176,554.7603584684998,523.530685390611,491.2007420145972,0,0,0,0,20.7037904621151,,,,,,,523.530685390611,491.2007420145972,0,0,0,0,523.530685390611,491.2007420145972,0,0,0,0,0
1749130200,530.2,533.04,526.51,529.22,215.86099519242765,172.68879615394212,323.79149278864145,,529.22,10,25,45,35,520.7456207331119,526.262482352941,531.7793439727701,525.5617444963822,517.0302969865174,0,0,0,0,448.0278397158925,478.47814117647084,508.92844263704916,517.0572402937948,486.363032792714,0,0,0,0,516.6263276437506,533.0974752941177,549.5686229444847,525.5617444963822,517.0302969865174,0,0,0,0,492.8769121197354,523.8186352941176,554.7603584684998,523.530685390611,491.2007420145972,0,0,0,0,20.7037904621151,,,,,,,523.530685390611,491.2007420145972,0,0,0,0,523.530685390611,491.2007420145972,0,0,0,0,0
1749144600,529.21,529.62,522.67,524.7,215.86099519242765,172.68879615394212,323.79149278864145,,524.7,20,25,30,20,521.3482782151494,526.9190517647057,532.489825314262,525.5617444963822,517.0302969865174,0,0,0,0,450.54602976164495,481.23136470588224,511.91669965011954,517.0572402937948,486.363032792714,0,0,0,0,517.0793636600857,532.9762447058821,548.8731257516785,525.5617444963822,517.0302969865174,0,0,0,0,496.03676562203907,527.4999058823527,558.9630461426663,523.530685390611,491.2007420145972,0,0,0,0,20.7037904621151,,,,,,,523.530685390611,491.2007420145972,0,0,0,0,523.530685390611,491.2007420145972,0,0,0,0,0
1749216600,530,531.71,528.21,529.8,209.1648873048975,167.331909843918,313.7473309573462,,529.8,20,25,45,35,522.5386191422879,528.3977152941175,534.256811445947,525.5617444963822,517.0302969865174,0,0,0,0,450.54602976164495,481.23136470588224,511.91669965011954,517.0572402937948,486.363032792714,0,0,0,0,517.7876510811642,533.4877200000001,549.187788918836,525.5617444963822,517.0302969865174,0,0,0,0,496.03676562203907,527.4999058823527,558.9630461426663,523.530685390611,491.2007420145972,0,0,0,0,20.7037904621151,,,,,,,523.530685390611,491.2007420145972,0,0,0,0,523.530685390611,491.2007420145972,0,0,0,0,0
1749231000,529.83,531.82,529.74,529.85,209.1648873048975,167.331909843918,313.7473309573462,,529.85,5,40,45,50,523.6100649640094,529.7358376470588,535.8616103301082,526.2788751008179,519.3124570955176,0,0,0,0,450.54602976164495,481.23136470588224,511.91669965011954,519.3113959676089,486.363032792714,0,0,0,0,518.441120628117,533.7781364705882,549.1151523130593,526.2788751008179,519.3124570955176,0,0,0,0,499.01427410834003,531.1425882352943,563.2709023622485,524.5932966847471,491.2007420145972,0,0,0,0,21.323692006251587,,,,,,,524.5932966847471,491.2007420145972,0,0,0,0,524.5932966847471,491.2007420145972,0,0,0,0,0
1749475800,530.14,532.35,529.01,531.58,218.0164586627908,174.41316693023265,327.0246879941862,,531.58,20,15,10,25,524.6897477945662,531.0988964705881,537.50804514661,527.2777035308072,519.3124570955176,0,0,0,0,450.54602976164495,481.23136470588224,511.91669965011954,519.3113959676089,486.363032792714,0,0,0,0,519.1740515567146,534.4113058823533,549.648560207992,527.2777035308072,519.3124570955176,0,0,0,0,499.01427410834003,531.1425882352943,563.2709023622485,524.5932966847471,491.2007420145972,0,0,0,0,21.323692006251587,,,,,,,524.5932966847471,491.2007420145972,0,0,0,0,524.5932966847471,491.2007420145972,0,0,0,0,0
1749490200,531.57,532.08,530.58,530.69,218.0164586627908,174.41316693023265,327.0246879941862,,530.69,20,45,50,50,525.6769770823618,532.2554470588235,538.8339170352853,528.0682247071782,520.5094244458378,0,0,0,0,453.2691511388325,484.3176705882352,515.3661900376379,520.5084391127796,486.363032792714,0,0,0,0,519.8037640394538,534.8579105882355,549.9120571370173,528.0682247071782,520.5094244458378,0,0,0,0,501.85611599183164,534.6282823529407,567.4004487140497,525.8136078557258,491.2007420145972,0,0,0,0,21.677925096675636,,,,,,,525.8136078557258,491.2007420145972,0,0,0,0,525.8136078557258,491.2007420145972,0,0,0,0,0
1749562200,531.17,533.41,528.89,532.43,227.51390884785172,182.0111270782814,341.27086327177756,,532.43,0,25,15,15,526.4146095006585,532.9440682352937,539.4735269699289,528.0682247071782,520.5094244458378,0,0,0,0,453.2691511388325,484.3176705882352,515.3661900376379,520.5084391127796,486.363032792714,0,0,0,0,520.4731872321199,535.2899976470588,550.1068080619978,528.0682247071782,520.5094244458378,0,0,0,0,501.85611599183164,534.6282823529407,567.4004487140497,525.8136078557258,491.2007420145972,0,0,0,0,21.677925096675636,,,,,,,525.8136078557258,491.2007420145972,0,0,0,0,525.8136078557258,491.2007420145972,0,0,0,0,0
1749576600,532.45,534.89,530.78,534.27,227.51390884785172,182.0111270782814,341.27086327177756,,534.27,5,40,35,60,527.3387389895775,534.0238894117649,540.7090398339524,529.9424409271478,520.5673226997066,0,0,0,0,453.2691511388325,484.3176705882352,515.3661900376379,520.5671220332954,486.363032792714,0,0,0,0,521.1924365461476,535.6938258823528,550.195215218558,529.9424409271478,520.5673226997066,0,0,0,0,504.3777711948525,537.7638352941177,571.1498993933828,526.076835344988,491.2007420145972,0,0,0,0,20.958009563038132,,,,,,,526.076835344988,491.2007420145972,0,0,0,0,526.076835344988,491.2007420145972,0,0,0,0,0
1749648600,535.62,536.78,532.97,535.36,227.51048900940305,182.00839120752244,341.26573351410457,,535.36,0,15,15,15,528.3082862280684,535.1490517647059,541.9898173013434,530.1608380037801,520.5673226997066,0,0,0,0,453.2691511388325,484.3176705882352,515.3661900376379,520.5671220332954,486.363032792714,0,0,0,0,521.9550175797714,535.8961717647064,549.8373259496415,530.1608380037801,520.5673226997066,0,0,0,0,504.3777711948525,537.7638352941177,571.1498993933828,528.3306328203461,491.2007420145972,0,0,0,0,21.044040993873605,,,,,,,528.3306328203461,491.2007420145972,0,0,0,0,528.3306328203461,491.2007420145972,0,0,0,0,0
1749663000,535.37,535.44,530.11,532.37,227.51048900940305,182.00839120752244,341.26573351410457,,532.37,20,40,35,45,528.7755413676803,535.086402352941,541.3972633382018,530.1608380037801,521.9053710782989,0,0,0,0,456.4223870663213,487.796470588235,519.1705541101487,521.9051847452029,486.363032792714,0,0,0,0,522.5468403142788,535.7299294117648,548.9130185092508,530.1608380037801,521.9053710782989,0,0,0,0,506.71490875186305,540.6052470588236,574.4955853657841,528.3306328203461,491.2007420145972,0,0,0,0,20.8187652896901,,,,,,,528.3306328203461,491.2007420145972,0,0,0,0,528.3306328203461,491.2007420145972,0,0,0,0,0
1749735000,531.06,534.65,530.83,533.76,224.05978044727001,179.24782435781603,336.08967067090504,,533.76,-10,15,-10,-10,529.3987548819614,535.0175411764709,540.6363274709804,530.1608380037801,521.9053710782989,0,0,0,0,456.4223870663213,487.796470588235,519.1705541101487,521.9051847452029,486.363032792714,0,0,0,0,523.2106675074976,535.5796400000003,547.9486124925029,530.1608380037801,521.9053710782989,0,0,0,0,506.71490875186305,540.6052470588236,574.4955853657841,528.3306328203461,491.2007420145972,0,0,0,0,20.8187652896901,,,,,,,528.3306328203461,491.2007420145972,0,0,0,0,528.3306328203461,491.2007420145972,0,0,0,0,0
1749749400,533.77,534.41,532.61,533.68,224.05978044727001,179.24782435781603,336.08967067090504,,533.68,-5,35,50,10,529.9685530894565,535.6043505882358,541.2401480870151,530.1608380037801,522.9497160012776,0,0,0,0,456.4223870663213,487.796470588235,519.1705541101487,522.9383858348313,486.363032792714,0,0,0,0,523.8697311354238,535.3503388235297,546.8309465116356,530.1608380037801,522.9497160012776,0,0,0,0,509.13293183703576,543.5455294117644,577.958126986493,528.3306328203461,491.2007420145972,0,0,0,0,21.084307955344528,,,,,,,528.3306328203461,491.2007420145972,0,0,0,0,528.3306328203461,491.2007420145972,0,0,0,0,0
1749821400,527.69,531.87,526.15,529.87,217.87944583673885,174.3035566693911,326.8191687551083,,529.87,-10,15,15,-10,530.0659037480731,535.5914847058823,535.5914847058823,530.1608380037801,522.9497160012776,0,0,0,0,456.4223870663213,487.796470588235,519.1705541101487,522.9383858348313,486.363032792714,0,0,0,0,524.1824866008351,535.0484611764704,545.9144357521056,530.1608380037801,522.9497160012776,0,0,0,0,509.13293183703576,543.5455294117644,577.958126986493,528.3306328203461,491.2007420145972,0,0,0,0,21.084307955344528,,,,,,,528.3306328203461,491.2007420145972,0,0,0,0,528.3306328203461,491.2007420145972,0,0,0,0,0
1749835800,529.87,530.66,525.74,526.925,217.87944583673885,174.3035566693911,326.8191687551083,,526.925,-5,55,20,-5,529.6086059468981,534.9978870588244,534.9978870588244,530.1608380037801,522.9497160012776,0,0,0,0,459.8611423133876,491.2754117647056,522.6896812160237,522.9383858348313,486.363032792714,0,0,0,0,524.3927656692364,534.2842423529414,544.1757190366465,530.1608380037801,522.9497160012776,0,0,0,0,511.1983087385754,545.9601411764706,580.7219736143659,528.3306328203461,501.4826060500097,0,0,0,0,20.32321501059311,,,,,,,528.3306328203461,501.4826060500097,0,0,0,0,528.3306328203461,501.4826060500097,0,0,0,0,0
1750080600,530.51,535.37,530.46,534.75,217.70030754205308,174.16024603364247,326.5504613130796,,534.75,-10,40,15,5,530.1382688992386,535.467689411765,540.7971099242915,530.1624531928076,522.9497160012776,0,0,0,0,459.8611423133876,491.2754117647056,522.6896812160237,522.9383858348313,486.363032792714,0,0,0,0,525.1704715192418,533.9997882352941,542.8291049513464,530.1624531928076,522.9497160012776,0,0,0,0,511.1983087385754,545.9601411764706,580.7219736143659,528.3306328203461,501.4826060500097,0,0,0,0,20.32321501059311,,,,,,,528.3306328203461,501.4826060500097,0,0,0,0,528.3306328203461,501.4826060500097,0,0,0,0,0
1750095000,534.77,535.06,533.33,534.25,217.70030754205308,174.16024603364247,326.5504613130796,,534.25,-5,40,20,10,530.5600800304911,535.8094447058828,541.0588093812745,530.3524213754309,522.9497160012776,0,0,0,0,459.8611423133876,491.2754117647056,522.6896812160237,522.9383858348313,486.363032792714,0,0,0,0,526.0391018728585,533.5945105882354,541.1499193036123,530.3524213754309,522.9497160012776,0,0,0,0,512.9726411567863,547.8047529411765,582.6368647255667,528.6229965159705,501.4826060500097,0,0,0,0,20.149555241326034,,,,,,,528.6229965159705,501.4826060500097,0,0,0,0,528.6229965159705,501.4826060500097,0,0,0,0,0
1750167000,531.71,533.34,530.39,530.45,220.16380813339975,176.13104650671983,330.24571220009966,,530.45,-10,40,-10,-10,530.5370772775569,535.4631058823533,535.4631058823533,530.3524213754309,522.9497160012776,0,0,0,0,459.8611423133876,491.2754117647056,522.6896812160237,522.9383858348313,486.363032792714,0,0,0,0,526.2699115707978,533.5258517647055,540.7817919586132,530.3524213754309,522.9497160012776,0,0,0,0,512.9726411567863,547.8047529411765,582.6368647255667,528.6229965159705,501.4826060500097,0,0,0,0,20.149555241326034,,,,,,,528.6229965159705,501.4826060500097,0,0,0,0,528.6229965159705,501.4826060500097,0,0,0,0,0
1750181400,530.39,531.25,527.92,528.99,220.16380813339975,176.13104650671983,330.24571220009966,,528.99,-10,45,-10,-10,530.280572441813,534.4867905882354,534.4867905882354,530.3524213754309,522.9497160012776,0,0,0,0,463.89081759039806,495.22748235294137,526.5641471154847,522.9383858348313,486.363032792714,0,0,0,0,526.3918777696342,533.3364776470592,540.2810775244841,530.3524213754309,522.9497160012776,0,0,0,0,514.1533942647815,547.928447058823,581.7034998528646,528.6229965159705,501.4826060500097,0,0,0,0,20.14050599468939,,,,,,,528.6229965159705,501.4826060500097,0,0,0,0,528.6229965159705,501.4826060500097,0,0,0,0,0
1750253400,530.1,532.55,528.5,529.63,215.53995774827882,172.43196619862306,323.30993662241826,,529.63,-10,15,-10,-10,530.1232989434164,533.7729223529407,533.7729223529407,530.3524213754309,522.9497160012776,0,0,0,0,463.89081759039806,495.22748235294137,526.5641471154847,522.9383858348313,486.363032792714,0,0,0,0,526.587262128255,533.5021152941176,540.4169684599802,530.3524213754309,522.9497160012776,0,0,0,0,514.1533942647815,547.928447058823,581.7034998528646,528.6229965159705,501.4826060500097,0,0,0,0,20.14050599468939,,,,,,,528.6229965159705,501.4826060500097,0,0,0,0,528.6229965159705,501.4826060500097,0,0,0,0,0
1750267800,529.61,532.07,527.4,528.97,215.53995774827882,172.43196619862306,323.30993662241826,,528.97,-10,15,-10,-10,529.6824284613144,532.7374776470588,532.7374776470588,530.3524213754309,522.9497160012776,0,0,0,0,463.89081759039806,495.22748235294137,526.5641471154847,522.9383858348313,486.363032792714,0,0,0,0,526.7030044012174,533.5428117647061,540.3826191281948,530.3524213754309,522.9497160012776,0,0,0,0,515.2467712387257,547.8355764705881,580.4243817024504,528.6229965159705,501.4826060500097,0,0,0,0,19.93416896529631,,,,,,,528.6229965159705,501.4826060500097,0,0,0,0,528.6229965159705,501.4826060500097,0,0,0,0,0
1750426200,532.26,533.55,525.1,525.61,215.70515119970065,172.56412095976054,323.557726799551,,525.61,-10,15,-10,-10,528.7060904102366,531.5157035294118,531.5157035294118,530.3524213754309,522.9497160012776,0,0,0,0,463.89081759039806,495.22748235294137,526.5641471154847,522.9383858348313,486.363032792714,0,0,0,0,526.5823059264209,533.3371317647059,533.3371317647059,530.3524213754309,522.9497160012776,0,0,0,0,515.2467712387257,547.8355764705881,580.4243817024504,528.6229965159705,501.4826060500097,0,0,0,0,19.93416896529631,,,,,,,528.6229965159705,501.4826060500097,0,0,0,0,528.6229965159705,501.4826060500097,0,0,0,0,0
1750440600,525.62,528.09,524.87,526.71,215.70515119970065,172.56412095976054,323.557726799551,,526.71,30,30,-10,-10,527.7557054988208,530.6189905882355,530.6189905882355,530.3524213754309,522.9497160012776,0,0,0,0,466.7485079120956,498.2760235294113,529.803539146727,522.9383858348313,494.8026697099049,0,0,0,0,526.5644380795244,533.2739929411762,533.2739929411762,530.3524213754309,522.9497160012776,0,0,0,0,516.2331553046735,547.0220235294115,577.8108917541496,528.6229965159705,501.61527704643754,0,0,0,0,17.47720893881291,,,,,,,528.6229965159705,501.61527704643754,0,0,0,0,528.6229965159705,501.61527704643754,0,0,0,0,0
1750685400,526.81,530.67,523.65,530.36,207.97395926841014,166.37916741472813,311.9609389026152,,530.36,15,15,-10,-10,527.4140189943485,530.2255223529409,533.0370257115333,530.3524213754309,522.9497160012776,0,0,0,0,466.7485079120956,498.2760235294113,529.803539146727,522.9383858348313,494.8026697099049,0,0,0,0,526.8537131817764,533.5957952941176,540.3378774064588,530.3524213754309,522.9497160012776,0,0,0,0,516.2331553046735,547.0220235294115,577.8108917541496,528.6229965159705,501.61527704643754,0,0,0,0,17.47720893881291,,,,,,,528.6229965159705,501.61527704643754,0,0,0,0,528.6229965159705,501.61527704643754,0,0,0,0,0
1750699800,530.36,532.17,530.36,531.7,207.97395926841014,166.37916741472813,311.9609389026152,,531.7,20,20,-5,-5,527.4293364504466,530.2255129411762,533.0216894319059,530.3524213754309,522.9497160012776,0,0,0,0,466.7485079120956,498.2760235294113,529.803539146727,522.9383858348313,494.8026697099049,0,0,0,0,527.1437648861735,533.9048682352939,540.6659715844143,530.3524213754309,522.9497160012776,0,0,0,0,517.5363830748062,548.3196941176465,579.1030051604868,528.6229965159705,501.61527704643754,0,0,0,0,17.47720893881291,,,,,,,528.6229965159705,501.61527704643754,0,0,0,0,528.6229965159705,501.61527704643754,0,0,0,0,0
1750771800,536.9,540,536.27,539.29,217.16093307282028,173.72874645825624,325.7413996092304,,539.29,15,15,-10,15,528.1605347020516,531.3855976470588,534.6106605920661,535.0612814766633,522.9497160012776,0,0,0,0,466.7485079120956,498.2760235294113,529.803539146727,522.9383858348313,494.8026697099049,0,0,0,0,527.8077577640099,534.818882352941,541.8300069418722,535.0612814766633,522.9497160012776,0,0,0,0,517.5363830748062,548.3196941176465,579.1030051604868,531.3662153513461,501.61527704643754,0,0,0,0,17.579748385909003,,,,,,,531.3662153513461,501.61527704643754,0,0,0,0,531.3662153513461,501.61527704643754,0,0,0,0,0
1750786200,539.295,540.7,539.29,539.76,217.16093307282028,173.72874645825624,325.7413996092304,,539.76,20,40,20,60,529.0915565587659,532.7340117647059,536.3764669706459,536.550237599776,528.415947230265,0,0,0,0,470.6406403632539,502.5651999999997,534.4897596367455,528.4191983029941,494.8026697099049,0,0,0,0,528.5041096305162,535.7697670588235,543.0354244871309,536.550237599776,528.415947230265,0,0,0,0,518.981760560045,549.301364705882,579.6209688517189,534.6357713976785,501.61527704643754,0,0,0,0,19.086557437698847,,,,,,,534.6357713976785,501.61527704643754,0,0,0,0,534.6357713976785,501.61527704643754,0,0,0,0,0
1750858200,542.07,543.31,539.89,541,218.7924871717284,175.03398973738274,328.18873075759257,,541,-10,25,0,40,529.813277284947,533.6416258823529,537.4699744797587,537.5345063426491,528.415947230265,0,0,0,0,470.6406403632539,502.5651999999997,534.4897596367455,528.4191983029941,494.8026697099049,0,0,0,0,529.2467132408245,536.7928400000002,544.3389667591758,537.5345063426491,528.415947230265,0,0,0,0,518.981760560045,549.301364705882,579.6209688517189,535.3146448692729,501.61527704643754,0,0,0,0,19.11193321506222,,,,,,,535.3146448692729,501.61527704643754,0,0,0,0,535.3146448692729,501.61527704643754,0,0,0,0,0
1750872600,540.99,541.22,539.37,541.165,218.7924871717284,175.03398973738274,328.18873075759257,,541.165,-5,40,20,35,530.6336412765994,534.7979576470589,538.9622740175183,537.5345063426491,531.8062367138176,0,0,0,0,470.6406403632539,502.5651999999997,534.4897596367455,531.7985412813517,494.8026697099049,0,0,0,0,529.980133519958,537.784418823529,545.5887041271,537.5345063426491,531.8062367138176,0,0,0,0,520.4419099765498,550.4987529411765,580.5555959058031,535.3146448692729,501.61527704643754,0,0,0,0,19.96564298292252,,,,,,,535.3146448692729,501.61527704643754,0,0,0,0,535.3146448692729,501.61527704643754,0,0,0,0,0
1750944600,543.36,545.4,541.52,545.32,221.3624376643285,177.0899501314628,332.04365649649276,,545.32,-10,25,0,40,531.6805197612316,536.4235011764705,541.1664825917094,540.4700215934603,531.8062367138176,0,0,0,0,470.6406403632539,502.5651999999997,534.4897596367455,531.7985412813517,494.8026697099049,0,0,0,0,530.8111388308846,538.9903505882347,547.1695623455848,540.4700215934603,531.8062367138176,0,0,0,0,520.4419099765498,550.4987529411765,580.5555959058031,537.1497193005465,501.61527704643754,0,0,0,0,20.03423667845145,,,,,,,537.1497193005465,501.61527704643754,0,0,0,0,537.1497193005465,501.61527704643754,0,0,0,0,0
1750959000,545.32,546.67,545.309,546.22,221.3624376643285,177.0899501314628,332.04365649649276,,546.22,20,45,60,50,532.8943590914613,538.2618258823526,543.6292926732439,543.1444931086469,534.0936483771163,0,0,0,0,474.8972947712417,507.3682352941171,539.8391758169925,534.0961454755409,494.8026697099049,0,0,0,0,531.6569801800545,540.2012,548.7454198199455,543.1444931086469,534.0936483771163,0,0,0,0,522.0847839471436,552.008094117647,581.9314042881505,541.1536679219361,501.61527704643754,0,0,0,0,20.764335720081522,,,,,,,541.1536679219361,501.61527704643754,0,0,0,0,541.1536679219361,501.61527704643754,0,0,0,0,0
1751031000,547.26,549.99,546.74,548.75,220.5667885562653,176.45343084501224,330.85018283439797,,548.75,0,25,15,40,534.2738137016144,540.3867294117643,546.4996451219143,546.0391292620476,534.0936483771163,0,0,0,0,474.8972947712417,507.3682352941171,539.8391758169925,534.0961454755409,494.8026697099049,0,0,0,0,532.4832722989165,541.3134376470587,550.1436029952008,546.0391292620476,534.0936483771163,0,0,0,0,522.0847839471436,552.008094117647,581.9314042881505,542.6121916417978,501.61527704643754,0,0,0,0,20.818854234566235,,,,,,,542.6121916417978,501.61527704643754,0,0,0,0,542.6121916417978,501.61527704643754,0,0,0,0,0
1751045400,548.76,548.98,544.55,548.21,220.5667885562653,176.45343084501224,330.85018283439797,,548.21,5,40,45,35,535.5643286396006,542.1486682352939,548.7330078309873,546.0391292620476,537.2601734930365,0,0,0,0,474.8972947712417,507.3682352941171,539.8391758169925,537.2678493701451,494.8026697099049,0,0,0,0,533.2626453088805,542.2481694117641,551.2336935146478,546.0391292620476,537.2601734930365,0,0,0,0,523.7233396376813,553.474235294118,583.2251309505547,542.6121916417978,501.61527704643754,0,0,0,0,22.99555311648068,,,,,,,542.6121916417978,501.61527704643754,0,0,0,0,542.6121916417978,501.61527704643754,0,0,0,0,0
1751290200,551.26,551.31,549.01,550.37,223.48547144227518,178.78837715382016,335.2282071634128,,550.37,0,25,15,40,537.1807185040872,544.3941364705879,551.6075544370887,547.1131070609471,537.2601734930365,0,0,0,0,474.8972947712417,507.3682352941171,539.8391758169925,537.2678493701451,494.8026697099049,0,0,0,0,534.112059063314,543.3854894117644,552.6589197602149,547.1131070609471,537.2601734930365,0,0,0,0,523.7233396376813,553.474235294118,583.2251309505547,544.935563201346,501.61527704643754,0,0,0,0,23.082398989672644,,,,,,,544.935563201346,501.61527704643754,0,0,0,0,544.935563201346,501.61527704643754,0,0,0,0,0
1751304600,550.35,552.8,549.04,551.65,223.48547144227518,178.78837715382016,335.2282071634128,,551.65,20,40,45,50,538.9504613292268,546.8027811764707,554.6551010237147,548.5698219045921,541.9090896721054,0,0,0,0,479.4886680711889,512.6230117647057,545.7573554582224,541.9201458437061,494.8026697099049,0,0,0,0,534.9678655937182,544.4621035294113,553.9563414651043,548.5698219045921,541.9090896721054,0,0,0,0,525.4291837801385,554.451623529412,583.4740632786855,544.9880229726784,501.61527704643754,0,0,0,0,24.25965076432933,,,,,,,544.9880229726784,501.61527704643754,0,0,0,0,544.9880229726784,501.61527704643754,0,0,0,0,0
1751376600,549.73,550.71,544.66,547.81,220.9157941803684,176.73263534429475,331.3736912705526,,547.81,0,25,0,15,540.0423036754031,548.1274964705884,556.2126892657737,548.5698219045921,541.9090896721054,0,0,0,0,479.4886680711889,512.6230117647057,545.7573554582224,541.9201458437061,494.8026697099049,0,0,0,0,535.6466560724555,545.0515882352938,554.4565203981322,548.5698219045921,541.9090896721054,0,0,0,0,525.4291837801385,554.451623529412,583.4740632786855,544.9880229726784,501.61527704643754,0,0,0,0,24.25965076432933,,,,,,,544.9880229726784,501.61527704643754,0,0,0,0,544.9880229726784,501.61527704643754,0,0,0,0,0
1751391000,547.8,548.68,545.92,546.96,220.9157941803684,176.73263534429475,331.3736912705526,,546.96,0,30,30,15,541.1340294185862,549.4371529411768,557.7402764637674,548.5698219045921,541.9090896721054,0,0,0,0,479.4886680711889,512.6230117647057,545.7573554582224,541.9201458437061,494.8026697099049,0,0,0,0,536.2755557749699,545.4004376470583,554.5253195191467,548.5698219045921,541.9090896721054,0,0,0,0,526.8312263309151,554.8119058823524,582.7925854337898,544.9880229726784,501.61527704643754,0,0,0,0,23.428893453837826,,,,,,,544.9880229726784,501.61527704643754,0,0,0,0,544.9880229726784,501.61527704643754,0,0,0,0,0
1751463000,546.16,550.79,546.115,550.13,217.85134723100617,174.28107778480495,326.77702084650923,,550.13,0,25,15,15,542.4160920047104,551.0260329411767,559.635973877643,548.5698219045921,541.9090896721054,0,0,0,0,479.4886680711889,512.6230117647057,545.7573554582224,541.9201458437061,494.8026697099049,0,0,0,0,537.0385939842915,546.3715458823531,555.7044977804146,548.5698219045921,541.9090896721054,0,0,0,0,526.8312263309151,554.8119058823524,582.7925854337898,544.9880229726784,501.61527704643754,0,0,0,0,23.428893453837826,,,,,,,544.9880229726784,501.61527704643754,0,0,0,0,544.9880229726784,501.61527704643754,0,0,0,0,0
1751477400,550.11,551,549.89,550.78,217.85134723100617,174.28107778480495,326.77702084650923,,550.78,15,25,15,15,543.4884981018052,552.2682117647059,561.0479254276066,548.5698219045921,541.9090896721054,0,0,0,0,484.29001025892313,517.9538352941175,551.617660329312,541.9201458437061,494.8026697099049,0,0,0,0,537.8047634985182,547.337124705882,556.8694859132459,548.5698219045921,541.9090896721054,0,0,0,0,528.5621300828958,554.7863294117644,581.010528740633,545.9183880186034,501.61527704643754,0,0,0,0,22.951443935488665,,,,,,,545.9183880186034,501.61527704643754,0,0,0,0,545.9183880186034,501.61527704643754,0,0,0,0,0
1751549400,553.18,557.19,553.18,556.22,224.4610463034166,179.5688370427333,336.69156945512486,,556.22,10,70,50,65,544.8735778822393,553.9144164705881,562.9552550589369,552.8013712379758,546.2839067090435,0,0,0,0,484.29001025892313,517.9538352941175,551.617660329312,546.2910970913347,494.8026697099049,0,0,0,0,538.7497708799408,548.6691270588233,558.5884832377058,552.8013712379758,546.2839067090435,0,0,0,0,530.3678837638112,555.3594823529406,580.3510809420701,549.034217445846,521.957356228816,0,0,0,0,23.372310751840516,,,,,,,549.034217445846,521.957356228816,0,0,0,0,549.034217445846,521.957356228816,0,0,0,0,0
1751895000,553.52,554.33,550.85,551.75,225.23685806408292,180.18948645126636,337.85528709612436,,551.75,-10,40,15,15,546.0553685316403,555.3299976470599,564.6046267624796,552.8013712379758,546.2839067090435,0,0,0,0,484.29001025892313,517.9538352941175,551.617660329312,546.2910970913347,494.8026697099049,0,0,0,0,539.4687712042012,549.4680705882349,559.4673699722687,552.8013712379758,546.2839067090435,0,0,0,0,530.3678837638112,555.3594823529406,580.3510809420701,549.034217445846,521.957356228816,0,0,0,0,23.024050071142867,,,,,,,549.034217445846,521.957356228816,0,0,0,0,549.034217445846,521.957356228816,0,0,0,0,0
1751909400,551.765,553.1,549.585,552.06,225.23685806408292,180.18948645126636,337.85528709612436,,552.06,15,45,15,15,547.0237727074679,556.4243317647066,565.8248908219454,552.8013712379758,546.2839067090435,0,0,0,0,489.09264099436814,523.3162823529409,557.5399237115137,546.2910970913347,494.8026697099049,0,0,0,0,540.1779821672915,550.2594847058818,560.3409872444722,552.8013712379758,546.2839067090435,0,0,0,0,531.8135288530151,555.7475764705879,579.6816240881607,549.034217445846,521.957356228816,0,0,0,0,23.024050071142867,,,,,,,549.034217445846,521.957356228816,0,0,0,0,549.034217445846,521.957356228816,0,0,0,0,0
1751981400,553.38,554.01,551.1,552.8,223.23151779661623,178.585214237293,334.84727669492435,,552.8,0,40,0,15,547.8448929219086,557.2318894117648,566.618885901621,552.8013712379758,546.2839067090435,0,0,0,0,489.09264099436814,523.3162823529409,557.5399237115137,546.2910970913347,494.8026697099049,0,0,0,0,540.8849615541309,551.0283105882346,561.1716596223383,552.8013712379758,546.2839067090435,0,0,0,0,531.8135288530151,555.7475764705879,579.6816240881607,549.034217445846,521.957356228816,0,0,0,0,22.5432972242862,,,,,,,549.034217445846,521.957356228816,0,0,0,0,549.034217445846,521.957356228816,0,0,0,0,0
1751995800,552.87,553.5,551.82,552.31,223.23151779661623,178.585214237293,334.84727669492435,,552.31,5,40,5,20,548.4884911218617,557.677023529411,566.8655559369604,552.8013712379758,546.2839067090435,0,0,0,0,489.09264099436814,523.3162823529409,557.5399237115137,546.2910970913347,494.8026697099049,0,0,0,0,541.5258860411419,551.4610188235293,561.3961516059168,552.8013712379758,546.2839067090435,0,0,0,0,533.1227660151483,556.4419999999997,579.7612339848511,549.034217445846,521.957356228816,0,0,0,0,22.5432972242862,,,,,,,549.034217445846,521.957356228816,0,0,0,0,549.034217445846,521.957356228816,0,0,0,0,0
1752067800,554.46,557.63,553.1,554.57,224.60381680894804,179.68305344715844,336.90572521342204,,554.57,0,15,-10,-10,549.2919194696591,558.3476164705882,567.4033134715172,552.8013712379758,546.2839067090435,0,0,0,0,489.09264099436814,523.3162823529409,557.5399237115137,546.2910970913347,494.8026697099049,0,0,0,0,542.2338179395721,552.1673035294116,562.1007891192511,552.8013712379758,546.2839067090435,0,0,0,0,533.1227660151483,556.4419999999997,579.7612339848511,549.0810646198767,521.957356228816,0,0,0,0,21.839805569888977,,,,,,,549.0810646198767,521.957356228816,0,0,0,0,549.0810646198767,521.957356228816,0,0,0,0,0
1752082200,554.58,556.37,554.09,556.26,224.60381680894804,179.68305344715844,336.90572521342204,,556.26,20,30,10,25,550.1130686985615,558.8669858823532,567.6209030661449,553.2116369111734,546.5987839066213,0,0,0,0,493.998497732432,528.9148,563.831102267568,546.6027060166408,494.8026697099049,0,0,0,0,542.989460543684,553.0025999999999,563.0157394563158,553.2116369111734,546.5987839066213,0,0,0,0,534.5399898292269,557.4484470588231,580.3569042884194,550.1952742898854,521.957356228816,0,0,0,0,21.958551242982335,,,,,,,550.1952742898854,521.957356228816,0,0,0,0,550.1952742898854,521.957356228816,0,0,0,0,0
1752154200,556.89,557.3,552.75,555.4,229.4921503611187,183.59372028889496,344.23822554167805,,555.4,-10,15,-10,-10,550.7682435674603,558.813818823529,566.8593940795977,553.2116369111734,546.5987839066213,0,0,0,0,493.998497732432,528.9148,563.831102267568,546.6027060166408,494.8026697099049,0,0,0,0,543.6896682578151,553.7697082352939,563.8497482127727,553.2116369111734,546.5987839066213,0,0,0,0,534.5399898292269,557.4484470588231,580.3569042884194,550.1952742898854,521.957356228816,0,0,0,0,21.958551242982335,,,,,,,550.1952742898854,521.957356228816,0,0,0,0,550.1952742898854,521.957356228816,0,0,0,0,0
1752168600,555.39,556.29,554.89,555.47,229.4921503611187,183.59372028889496,344.23822554167805,,555.47,-5,20,35,-5,551.4473003352109,558.5480352941169,565.6487702530228,553.2116369111734,546.5987839066213,0,0,0,0,493.998497732432,528.9148,563.831102267568,546.6027060166408,494.8026697099049,0,0,0,0,544.4299089926358,554.6743999999998,564.9188910073638,553.2116369111734,546.5987839066213,0,0,0,0,535.8551375814758,558.1898588235291,580.5245800655824,551.1300069132175,521.957356228816,0,0,0,0,21.992129152132048,,,,,,,551.1300069132175,521.957356228816,0,0,0,0,551.1300069132175,521.957356228816,0,0,0,0,0
1752240600,553.3,555.79,552.05,555.45,239.5268442716591,191.62147541732728,359.2902664074886,,555.45,-10,15,15,-10,551.9542991141296,558.135112941176,564.3159267682223,553.2116369111734,546.5987839066213,0,0,0,0,493.998497732432,528.9148,563.831102267568,546.6027060166408,494.8026697099049,0,0,0,0,545.1197126037357,555.4754352941173,565.831157984499,553.2116369111734,546.5987839066213,0,0,0,0,535.8551375814758,558.1898588235291,580.5245800655824,551.1300069132175,521.957356228816,0,0,0,0,21.992129152132048,,,,,,,551.1300069132175,521.957356228816,0,0,0,0,551.1300069132175,521.957356228816,0,0,0,0,0
1752255000,555.44,555.73,553.48,554.2,239.5268442716591,191.62147541732728,359.2902664074886,,554.2,15,55,15,-10,552.4227682441172,557.6025905882344,562.7824129323517,553.2116369111734,546.5987839066213,0,0,0,0,499.3430197724225,534.682376470588,570.0217331687535,546.6027060166408,494.8026697099049,0,0,0,0,545.7430443438046,556.1838588235295,566.6246733032543,553.2116369111734,546.5987839066213,0,0,0,0,537.0357214668499,558.7636235294112,580.4915255919726,551.1300069132175,527.9239736410435,0,0,0,0,21.105842447341757,,,,,,,551.1300069132175,527.9239736410435,0,0,0,0,551.1300069132175,527.9239736410435,0,0,0,0,0
1752499800,553.99,556.86,551.63,556.55,245.9957207630922,196.79657661047378,368.9935811446383,,556.55,-10,40,15,-10,552.867527634002,557.7316023529403,562.5956770718785,553.2116369111734,546.5987839066213,0,0,0,0,499.3430197724225,534.682376470588,570.0217331687535,546.6027060166408,494.8026697099049,0,0,0,0,546.4417088547068,556.9994823529405,567.5572558511742,553.2116369111734,546.5987839066213,0,0,0,0,537.0357214668499,558.7636235294112,580.4915255919726,551.1300069132175,527.9239736410435,0,0,0,0,21.105842447341757,,,,,,,551.1300069132175,527.9239736410435,0,0,0,0,551.1300069132175,527.9239736410435,0,0,0,0,0
1752514200,556.56,556.94,555.75,556.16,245.9957207630922,196.79657661047378,368.9935811446383,,556.16,-10,40,15,5,553.2788493439188,557.7901811764701,562.3015130090215,554.0261618874905,546.5987839066213,0,0,0,0,499.3430197724225,534.682376470588,570.0217331687535,546.6027060166408,494.8026697099049,0,0,0,0,547.0936362940055,557.7374588235288,568.381281353052,554.0261618874905,546.5987839066213,0,0,0,0,538.2664497521703,559.3059529411761,580.3454561301819,552.1702196337048,527.9239736410435,0,0,0,0,21.142787139159065,,,,,,,552.1702196337048,527.9239736410435,0,0,0,0,552.1702196337048,527.9239736410435,0,0,0,0,0
1752586200,560.25,560.8,557.48,558.31,247.6103208852983,198.08825670823865,371.4154813279475,,558.31,-10,40,-10,5,553.8935033957907,558.1956070588233,562.4977107218558,555.4965375458463,546.5987839066213,0,0,0,0,499.3430197724225,534.682376470588,570.0217331687535,546.6027060166408,494.8026697099049,0,0,0,0,547.7605250031752,558.398188235294,569.0358514674128,555.4965375458463,546.5987839066213,0,0,0,0,538.2664497521703,559.3059529411761,580.3454561301819,553.8244896598688,527.9239736410435,0,0,0,0,21.201540983536788,,,,,,,553.8244896598688,527.9239736410435,0,0,0,0,553.8244896598688,527.9239736410435,0,0,0,0,0
1752600600,558.31,559.75,556.66,556.7,247.6103208852983,198.08825670823865,371.4154813279475,,556.7,-5,60,35,35,554.3174627472104,558.14502117647,561.9725796057296,555.4965375458463,550.655626748152,0,0,0,0,504.85998977441847,540.6626588235295,576.4653278726405,550.6553029087171,494.8026697099049,0,0,0,0,548.3685708925467,559.0588235294109,569.7490761662751,555.4965375458463,550.655626748152,0,0,0,0,539.4351481295536,559.9463058823526,580.4574636351516,553.8244896598688,527.9239736410435,0,0,0,0,22.225332168427794,,,,,,,553.8244896598688,527.9239736410435,0,0,0,0,553.8244896598688,527.9239736410435,0,0,0,0,0
1752672600,557.29,557.65,551.58,556.48,243.17341587303986,194.5387326984319,364.7601238095598,,556.48,-10,25,0,15,554.4983931419869,558.0300235294109,561.5616539168349,555.4965375458463,550.655626748152,0,0,0,0,504.85998977441847,540.6626588235295,576.4653278726405,550.6553029087171,494.8026697099049,0,0,0,0,548.9298208791471,559.641082352941,570.3523438267349,555.4965375458463,550.655626748152,0,0,0,0,539.4351481295536,559.9463058823526,580.4574636351516,553.8244896598688,527.9239736410435,0,0,0,0,22.225332168427794,,,,,,,553.8244896598688,527.9239736410435,0,0,0,0,553.8244896598688,527.9239736410435,0,0,0,0,0
1752687000,556.49,557.94,555.93,557.35,243.17341587303986,194.5387326984319,364.7601238095598,,557.35,-5,25,5,20,554.81194687278,558.184696470587,561.557446068394,555.4965375458463,550.655626748152,0,0,0,0,504.85998977441847,540.6626588235295,576.4653278726405,550.6553029087171,494.8026697099049,0,0,0,0,549.5286784559239,560.297435294117,571.0661921323101,555.4965375458463,550.655626748152,0,0,0,0,540.5581800541911,560.7403529411756,580.9225258281601,553.8244896598688,527.9239736410435,0,0,0,0,22.17809986587845,,,,,,,553.8244896598688,527.9239736410435,0,0,0,0,553.8244896598688,527.9239736410435,0,0,0,0,0
1752759000,558,562.21,557.21,561.81,244.98632695188908,195.98906156151128,367.47949042783364,,561.81,10,25,20,60,555.4761129332817,559.1018870588231,562.7276611843645,558.3105813437003,550.655626748152,0,0,0,0,504.85998977441847,540.6626588235295,576.4653278726405,550.6553029087171,494.8026697099049,0,0,0,0,550.2964613337488,561.2038588235292,572.1112563133097,558.3105813437003,550.655626748152,0,0,0,0,540.5581800541911,560.7403529411756,580.9225258281601,553.8244896598688,527.9239736410435,0,0,0,0,22.17809986587845,,,,,,,553.8244896598688,527.9239736410435,0,0,0,0,553.8244896598688,527.9239736410435,0,0,0,0,0
1752773400,561.84,562.31,561.305,561.84,244.98632695188908,195.98906156151128,367.47949042783364,,561.84,15,40,40,70,556.1057384886614,559.8143011764703,563.5228638642792,559.2537410565578,551.09474959407,0,0,0,0,509.80479366979057,546.4593176470588,583.113841624327,551.2463581202715,494.8026697099049,0,0,0,0,551.0572723522284,562.1089882352936,573.1607041183588,559.2537410565578,551.09474959407,0,0,0,0,541.845257544669,561.6075058823527,581.3697542200364,557.7429290051795,527.9239736410435,0,0,0,0,22.46658492012314,,,,,,,557.7429290051795,527.9239736410435,0,0,0,0,557.7429290051795,527.9239736410435,0,0,0,0,0
1752845400,563.12,563.33,560,560.93,246.23394863606723,196.9871589088538,369.35092295410084,,560.93,-10,15,-10,0,556.6654299986676,560.4945505882348,564.323671177802,559.2537410565578,551.09474959407,0,0,0,0,509.80479366979057,546.4593176470588,583.113841624327,551.2463581202715,494.8026697099049,0,0,0,0,551.7714933839034,562.9478588235291,574.1242242631549,559.2537410565578,551.09474959407,0,0,0,0,541.845257544669,561.6075058823527,581.3697542200364,557.7429290051795,527.9239736410435,0,0,0,0,22.46658492012314,,,,,,,557.7429290051795,527.9239736410435,0,0,0,0,557.7429290051795,527.9239736410435,0,0,0,0,0
1752859800,560.93,561.38,560.39,561.255,246.23394863606723,196.9871589088538,369.35092295410084,,561.255,30,85,30,40,557.2405001453329,561.2073011764708,565.1741022076086,559.2537410565578,553.9625389087793,0,0,0,0,509.80479366979057,546.4593176470588,583.113841624327,554.2244753973949,520.3388488825201,0,0,0,0,552.4883749438794,563.792835294117,575.0972956443546,559.2537410565578,553.9625389087793,0,0,0,0,543.1040052067714,562.0734117647056,581.0428183226398,557.7429290051795,530.5103898095404,0,0,0,0,16.25114687778926,,,,,,,557.7429290051795,530.5103898095404,0,0,0,0,557.7429290051795,530.5103898095404,0,0,0,0,0
1753104600,562.11,566.06,562.085,565.925,242.23035945842867,193.78428756674293,363.345539187643,,565.925,35,50,20,60,558.0305936915092,562.182014117646,566.3334345437827,562.3221015346049,553.9625389087793,0,0,0,0,509.80479366979057,546.4593176470588,583.113841624327,554.2244753973949,520.3388488825201,0,0,0,0,553.3372179818313,564.8198941176471,576.3025702534629,562.3221015346049,553.9625389087793,0,0,0,0,543.1040052067714,562.0734117647056,581.0428183226398,558.6190379097593,530.5103898095404,0,0,0,0,16.282111477684786,,,,,,,558.6190379097593,530.5103898095404,0,0,0,0,558.6190379097593,530.5103898095404,0,0,0,0,0
1753119000,565.91,566.05,563.8,564.2,242.23035945842867,193.78428756674293,363.345539187643,,564.2,50,65,35,65,558.6971422195024,562.8042917647059,566.9114413099094,562.3619514249903,556.129500415295,0,0,0,0,514.1746910317352,551.8455529411765,589.5164148506178,556.3787985832953,520.3388488825201,0,0,0,0,554.0899721225843,565.6896588235292,577.289345524474,562.3619514249903,556.129500415295,0,0,0,0,544.4512686198249,562.6529882352942,580.8547078507635,560.4208923447763,530.5103898095404,0,0,0,0,16.863323912585937,,,,,,,560.4208923447763,530.5103898095404,0,0,0,0,560.4208923447763,530.5103898095404,0,0,0,0,0
1753191000,564.29,564.35,558.61,561.82,242.44593122954961,193.9567449836397,363.6688968443244,,561.82,15,50,0,15,559.0220883262992,563.0066164705881,566.991144614877,562.3619514249903,556.129500415295,0,0,0,0,514.1746910317352,551.8455529411765,589.5164148506178,556.3787985832953,520.3388488825201,0,0,0,0,554.6806058368893,566.2998,577.9189941631107,562.3619514249903,556.129500415295,0,0,0,0,544.4512686198249,562.6529882352942,580.8547078507635,560.4208923447763,530.5103898095404,0,0,0,0,16.863323912585937,,,,,,,560.4208923447763,530.5103898095404,0,0,0,0,560.4208923447763,530.5103898095404,0,0,0,0,0
1753205400,561.82,562.14,560.07,561.3,242.44593122954961,193.9567449836397,363.6688968443244,,561.3,15,50,0,15,559.315278500939,563.167835294118,567.0203920872971,562.3619514249903,556.129500415295,0,0,0,0,514.1746910317352,551.8455529411765,589.5164148506178,556.3787985832953,520.3388488825201,0,0,0,0,555.1600513995207,566.6509529411766,578.1418544828324,562.3619514249903,556.129500415295,0,0,0,0,545.5770022181164,563.0151529411762,580.453303664236,560.4208923447763,530.5103898095404,0,0,0,0,16.24904920165134,,,,,,,560.4208923447763,530.5103898095404,0,0,0,0,560.4208923447763,530.5103898095404,0,0,0,0,0
1753277400,562.32,563.07,559.59,561.66,247.85902568993657,198.28722055194928,371.7885385349049,,561.66,0,15,-10,0,559.7585480079634,563.6796894117643,567.6008308155652,562.3619514249903,556.129500415295,0,0,0,0,514.1746910317352,551.8455529411765,589.5164148506178,556.3787985832953,520.3388488825201,0,0,0,0,555.6111468378745,566.838305882353,578.0654649268315,562.3619514249903,556.129500415295,0,0,0,0,545.5770022181164,563.0151529411762,580.453303664236,560.4208923447763,530.5103898095404,0,0,0,0,16.24904920165134,,,,,,,560.4208923447763,530.5103898095404,0,0,0,0,560.4208923447763,530.5103898095404,0,0,0,0,0
1753291800,561.66,563.83,561.47,563.83,247.85902568993657,198.28722055194928,371.7885385349049,,563.83,20,20,50,10,560.2136875208208,564.1404847058824,568.067281890944,562.3619514249903,556.129500415295,0,0,0,0,517.9158910729499,556.5621882352941,595.2084853976384,556.3787985832953,520.3388488825201,0,0,0,0,556.1958351892235,567.4254235294114,578.6550118695993,562.3619514249903,556.129500415295,0,0,0,0,546.8179992257144,563.3916235294122,579.96524783311,560.4208923447763,530.5103898095404,0,0,0,0,16.24904920165134,,,,,,,560.4208923447763,530.5103898095404,0,0,0,0,560.4208923447763,530.5103898095404,0,0,0,0,0
1753363800,565.13,566.23,563.3,565.459,245.3359879485149,196.26879035881194,368.00398192277237,,565.459,10,15,35,10,560.7780681854397,564.7243082352935,568.6705482851473,562.3619514249903,556.129500415295,0,0,0,0,517.9158910729499,556.5621882352941,595.2084853976384,556.3787985832953,520.3388488825201,0,0,0,0,556.8205433599409,568.0506047058823,579.2806660518237,562.3619514249903,556.129500415295,0,0,0,0,546.8179992257144,563.3916235294122,579.96524783311,560.4208923447763,530.5103898095404,0,0,0,0,16.24904920165134,,,,,,,560.4208923447763,530.5103898095404,0,0,0,0,560.4208923447763,530.5103898095404,0,0,0,0,0
1753378200,565.45,566.24,564.98,565.08,245.3359879485149,196.26879035881194,368.00398192277237,,565.08,15,30,55,45,561.3120961903505,565.2645200000004,569.2169438096503,563.0323366296059,557.6996182260943,0,0,0,0,517.9158910729499,556.5621882352941,595.2084853976384,557.8865508336369,520.3388488825201,0,0,0,0,557.3611015310917,568.4209247058828,579.480747880674,563.0323366296059,557.6996182260943,0,0,0,0,547.9377348789652,564.4780235294114,581.0183121798576,561.7921412471895,530.5103898095404,0,0,0,0,16.57012858046024,,,,,,,561.7921412471895,530.5103898095404,0,0,0,0,561.7921412471895,530.5103898095404,0,0,0,0,0
1753450200,564.93,567.69,564.27,566.97,244.43972417859092,195.55177934287275,366.65958626788637,,566.97,10,15,35,25,561.8913941286376,565.8505670588233,569.8097399890091,563.9157301659054,557.6996182260943,0,0,0,0,517.9158910729499,556.5621882352941,595.2084853976384,557.8865508336369,520.3388488825201,0,0,0,0,557.9638382327893,568.7981152941175,579.6323923554456,563.9157301659054,557.6996182260943,0,0,0,0,547.9377348789652,564.4780235294114,581.0183121798576,561.7921412471895,530.5103898095404,0,0,0,0,16.57012858046024,,,,,,,561.7921412471895,530.5103898095404,0,0,0,0,561.7921412471895,530.5103898095404,0,0,0,0,0
1753464600,566.97,567.32,566.06,566.35,244.43972417859092,195.55177934287275,366.65958626788637,,566.35,40,70,55,70,562.4410937823449,566.4731317647064,570.505169747068,564.5967494397692,558.8296454956591,0,0,0,0,521.5741566269058,561.1992941176468,600.8244316083877,558.9989400598057,520.3388488825201,0,0,0,0,558.5028721335684,569.0633999999995,579.6239278664307,564.5967494397692,558.8296454956591,0,0,0,0,549.1223913584444,565.8451294117643,582.5678674650843,562.9944483202806,538.4150048231446,0,0,0,0,20.259037293874016,,,,,,,562.9944483202806,538.4150048231446,0,0,0,0,562.9944483202806,538.4150048231446,0,0,0,0,0
1753709400,567.74,569.04,566.88,567.55,246.68918042351902,197.35134433881524,370.03377063527853,,567.55,20,40,20,60,563.0852454015237,567.2831082352943,571.4809710690649,565.404164912235,558.8296454956591,0,0,0,0,521.5741566269058,561.1992941176468,600.8244316083877,558.9989400598057,520.3388488825201,0,0,0,0,559.0803807101728,569.3090611764705,579.5377416427683,565.404164912235,558.8296454956591,0,0,0,0,549.1223913584444,565.8451294117643,582.5678674650843,563.8412734402607,538.4150048231446,0,0,0,0,20.288527502834373,,,,,,,563.8412734402607,538.4150048231446,0,0,0,0,563.8412734402607,538.4150048231446,0,0,0,0,0
1753723800,567.535,568.29,566.96,568.2,246.68918042351902,197.35134433881524,370.03377063527853,,568.2,25,60,80,70,563.6590195202277,567.9288964705884,572.198773420949,565.5229789294272,561.6275279602548,0,0,0,0,521.5741566269058,561.1992941176468,600.8244316083877,561.7933014841053,520.3388488825201,0,0,0,0,559.7198506214132,569.3800164705883,579.0401823197634,565.5229789294272,561.6275279602548,0,0,0,0,550.3718744632837,567.3537882352944,584.335702007305,564.0433253373849,538.4150048231446,0,0,0,0,20.656330565261037,,,,,,,564.0433253373849,538.4150048231446,0,0,0,0,564.0433253373849,538.4150048231446,0,0,0,0,0
1753795800,570.78,572.11,566.93,568.565,243.81930627874343,195.05544502299475,365.72895941811515,,568.565,20,40,35,35,564.2073992914131,568.5275905882352,572.8477818850572,565.5229789294272,561.6275279602548,0,0,0,0,521.5741566269058,561.1992941176468,600.8244316083877,561.7933014841053,520.3388488825201,0,0,0,0,560.3666443203005,569.4231011764707,578.479558032641,565.5229789294272,561.6275279602548,0,0,0,0,550.3718744632837,567.3537882352944,584.335702007305,564.0433253373849,538.4150048231446,0,0,0,0,20.656330565261037,,,,,,,564.0433253373849,538.4150048231446,0,0,0,0,564.0433253373849,538.4150048231446,0,0,0,0,0
1753810200,568.59,568.74,566.549,567.32,243.81930627874343,195.05544502299475,365.72895941811515,,567.32,20,40,20,20,564.6104683504507,568.8265788235292,573.0426892966077,565.5229789294272,561.6275279602548,0,0,0,0,525.3650633565304,565.9408000000003,606.5165366434702,561.7933014841053,520.3388488825201,0,0,0,0,560.893297138391,569.4170329411763,577.9407687439617,565.5229789294272,561.6275279602548,0,0,0,0,551.5338509410176,568.7005411764708,585.867231411924,564.0433253373849,538.4150048231446,0,0,0,0,20.656330565261037,,,,,,,564.0433253373849,538.4150048231446,0,0,0,0,564.0433253373849,538.4150048231446,0,0,0,0,0
1753882200,568.18,569.6,567.27,569.11,243.5161804546735,194.8129443637388,365.27427068201024,,569.11,20,25,35,50,565.0888903959985,569.1840611764704,573.2792319569423,566.0260110473433,561.6275279602548,0,0,0,0,525.3650633565304,565.9408000000003,606.5165366434702,561.7933014841053,520.3388488825201,0,0,0,0,561.4913966136755,569.5165882352948,577.541779856914,566.0260110473433,561.6275279602548,0,0,0,0,551.5338509410176,568.7005411764708,585.867231411924,564.3039663871117,538.4150048231446,0,0,0,0,20.6654072433599,,,,,,,564.3039663871117,538.4150048231446,0,0,0,0,564.3039663871117,538.4150048231446,0,0,0,0,0
1753896600,569.111,570.63,565.07,568.13,243.5161804546735,194.8129443637388,365.27427068201024,,568.13,5,25,20,20,565.3470008361302,569.2956329411766,573.244265046223,566.0260110473433,561.6275279602548,0,0,0,0,525.3650633565304,565.9408000000003,606.5165366434702,561.7933014841053,520.3388488825201,0,0,0,0,561.9395054869312,569.755625882353,577.5717462777748,566.0260110473433,561.6275279602548,0,0,0,0,552.709659219714,570.0837411764705,587.4578231332271,564.3039663871117,538.4150048231446,0,0,0,0,20.6654072433599,,,,,,,564.3039663871117,538.4150048231446,0,0,0,0,564.3039663871117,538.4150048231446,0,0,0,0,0
1753968600,574.54,574.63,567.05,567.46,243.25236629460133,194.6018930356811,364.878549441902,,567.46,0,15,-10,-10,565.7087456597568,569.5271670588236,573.3455884578904,566.0260110473433,561.6275279602548,0,0,0,0,525.3650633565304,565.9408000000003,606.5165366434702,561.7933014841053,520.3388488825201,0,0,0,0,562.3322698486769,569.8935811764709,577.4548925042649,566.0260110473433,561.6275279602548,0,0,0,0,552.709659219714,570.0837411764705,587.4578231332271,564.3039663871117,538.4150048231446,0,0,0,0,20.6654072433599,,,,,,,564.3039663871117,538.4150048231446,0,0,0,0,564.3039663871117,538.4150048231446,0,0,0,0,0
1753983000,567.48,568.47,563.88,564.98,243.25236629460133,194.6018930356811,364.878549441902,,564.98,5,5,10,-5,565.6816718955723,569.3837599999998,569.3837599999998,566.0260110473433,561.6275279602548,0,0,0,0,528.5976593701708,569.9452705882351,611.2928818062993,561.7933014841053,520.3388488825201,0,0,0,0,562.5645445076824,569.8233952941181,577.0822460805538,566.0260110473433,561.6275279602548,0,0,0,0,553.6857410409457,571.143788235294,588.6018354296423,564.3039663871117,538.4150048231446,0,0,0,0,20.448084590979683,,,,,,,564.3039663871117,538.4150048231446,0,0,0,0,564.3039663871117,538.4150048231446,0,0,0,0,0
1754055000,558.83,559,551.87,553.13,238.93881966308874,191.151055730471,358.40822949463313,,553.13,-10,10,-10,-55,563.2721302679183,567.2704235294117,567.2704235294117,561.4296001476966,561.6275279602548,0,0,0,0,528.5976593701708,569.9452705882351,611.2928818062993,561.7933014841053,520.3388488825201,0,0,0,0,561.8922539759943,568.7832682352938,568.7832682352938,561.4296001476966,561.6275279602548,0,0,0,0,553.6857410409457,571.143788235294,588.6018354296423,563.2308321016686,538.4150048231446,0,0,0,0,5.41071329249838,,,,,,,563.2308321016686,538.4150048231446,0,0,1,0,563.2308321016686,538.4150048231446,0,0,0,0,0
1754069400,553.11,555.43,551.69,553.86,238.93881966308874,191.151055730471,358.40822949463313,,553.86,30,10,-10,-35,560.917228127636,565.0841223529407,565.0841223529407,558.9339144228612,561.6275279602548,0,0,0,0,528.5976593701708,569.9452705882351,611.2928818062993,561.7933014841053,522.8882168194829,0,0,0,0,561.2643822924714,567.9378705882352,567.9378705882352,558.9339144228612,561.6275279602548,0,0,0,0,553.9238979211768,571.1688470588233,571.1688470588233,559.6257726658351,538.4150048231446,0,0,0,0,4.466835746195784,,,,,,,559.6257726658351,538.4150048231446,0,0,0,0,559.6257726658351,538.4150048231446,0,0,0,0,0
1754314200,559.06,563.71,558.96,563.6,235.6242670670514,188.4994136536411,353.4364006005771,,563.6,25,10,0,-10,560.4469598404932,564.4144282352946,568.3818966300961,558.9339144228612,561.6275279602548,0,0,0,0,528.5976593701708,569.9452705882351,611.2928818062993,561.7933014841053,522.8882168194829,0,0,0,0,561.3801566419837,567.8646611764707,574.3491657109577,558.9339144228612,561.6275279602548,0,0,0,0,553.9238979211768,571.1688470588233,571.1688470588233,559.6257726658351,538.4150048231446,0,0,0,0,4.466835746195784,,,,,,,559.6257726658351,538.4150048231446,0,0,0,0,559.6257726658351,538.4150048231446,0,0,0,0,0
1754328600,563.62,564.31,562.69,564.1,235.6242670670514,188.4994136536411,353.4364006005771,,564.1,20,10,-5,0,560.2393353299374,564.1753082352947,568.111281140652,559.5218954196774,561.6275279602548,0,0,0,0,531.1338610999005,572.8992000000005,614.6645389001005,561.7933014841053,522.8882168194829,0,0,0,0,561.5201932339965,567.8905811764706,574.2609691189448,559.5218954196774,561.6275279602548,0,0,0,0,554.6640082614576,571.6191764705884,588.5743446797192,559.6257726658351,538.4150048231446,0,0,0,0,4.064065306755103,,,,,,,559.6257726658351,538.4150048231446,0,0,0,0,559.6257726658351,538.4150048231446,0,0,0,0,0
1754400600,565.39,566.57,559.73,562.04,237.47569760728402,189.98055808582723,356.213546410926,,562.04,15,10,-10,-20,559.6797397606871,563.6237411764706,563.6237411764706,559.5218954196774,561.6275279602548,0,0,0,0,531.1338610999005,572.8992000000005,614.6645389001005,561.7933014841053,522.8882168194829,0,0,0,0,561.5037063439804,567.6988305882351,567.6988305882351,559.5218954196774,561.6275279602548,0,0,0,0,554.6640082614576,571.6191764705884,588.5743446797192,559.6257726658351,538.4150048231446,0,0,0,0,4.064065306755103,,,,,,,559.6257726658351,538.4150048231446,0,0,0,0,559.6257726658351,538.4150048231446,0,0,0,0,0
1754415000,562.06,563.05,559.785,560.19,237.47569760728402,189.98055808582723,356.213546410926,,560.19,15,15,-10,-10,558.9047087517488,562.8604094117652,562.8604094117652,559.5218954196774,561.6275279602548,0,0,0,0,531.1338610999005,572.8992000000005,614.6645389001005,561.7933014841053,522.8882168194829,0,0,0,0,561.3523249669639,567.4172917647059,567.4172917647059,559.5218954196774,561.6275279602548,0,0,0,0,555.1362342264209,571.6903764705887,588.2445187147565,559.6257726658351,538.4150048231446,0,0,0,0,4.064065306755103,,,,,,,559.6257726658351,538.4150048231446,0,0,0,0,559.6257726658351,538.4150048231446,0,0,0,0,0
1754487000,561.12,566.42,560.64,566.15,235.5131485630969,188.41051885047753,353.26972284464534,,566.15,-10,10,-10,5,558.9336170181986,562.8568117647061,566.7800065112136,560.8619288225407,561.6275279602548,0,0,0,0,531.1338610999005,572.8992000000005,614.6645389001005,561.7933014841053,522.8882168194829,0,0,0,0,561.5945320299675,567.6266235294116,573.6587150288558,560.8619288225407,561.6275279602548,0,0,0,0,555.1362342264209,571.6903764705887,588.2445187147565,559.6257726658351,538.4150048231446,0,0,0,0,4.064065306755103,,,,,,,559.6257726658351,538.4150048231446,0,0,0,0,559.6257726658351,538.4150048231446,0,0,0,0,0
1754501400,566.16,567.76,565.84,567.31,235.5131485630969,188.41051885047753,353.26972284464534,,567.31,-10,10,-10,35,559.5070128430347,563.4699105882349,567.4328083334352,563.7596733214764,561.6275279602548,0,0,0,0,533.6381968010817,575.7551058823533,617.8720149636249,561.7933014841053,522.8882168194829,0,0,0,0,561.8611577814065,567.7383082352939,573.6154586891812,563.7596733214764,561.6275279602548,0,0,0,0,555.9657975525191,572.0097176470592,588.0536377415993,561.4359290405934,538.4150048231446,0,0,0,0,19.127102985353723,,,,,,,561.4359290405934,538.4150048231446,0,0,0,0,561.4359290405934,538.4150048231446,0,0,0,0,0
1754573400,571.67,573.31,566.57,567.01,237.29999917183136,189.8399993374651,355.94999875774704,,567.01,-10,10,-10,15,560.0526287167997,564.0998917647061,568.1471548126124,565.843768084228,561.6275279602548,0,0,0,0,533.6381968010817,575.7551058823533,617.8720149636249,561.7933014841053,522.8882168194829,0,0,0,0,562.1018823613543,567.7468164705881,573.3917505798219,565.843768084228,561.6275279602548,0,0,0,0,555.9657975525191,572.0097176470592,588.0536377415993,561.9990769662653,538.4150048231446,0,0,0,0,19.14671429542451,,,,,,,561.9990769662653,538.4150048231446,0,0,0,0,561.9990769662653,538.4150048231446,0,0,0,0,0
1754587800,567.01,569.31,565.1,569.24,237.29999917183136,189.8399993374651,355.94999875774704,,569.24,-5,10,-5,5,560.338150866261,564.4028847058819,568.4676185455028,565.843768084228,561.6275279602548,0,0,0,0,533.6381968010817,575.7551058823533,617.8720149636249,561.7933014841053,522.8882168194829,0,0,0,0,562.4331889739642,568.0081011764707,573.5830133789773,565.843768084228,561.6275279602548,0,0,0,0,556.8529783276267,572.820682352941,588.7883863782554,561.9990769662653,538.4150048231446,0,0,0,0,19.14671429542451,,,,,,,561.9990769662653,538.4150048231446,0,0,0,0,561.9990769662653,538.4150048231446,0,0,0,0,0
1754659800,570.45,574.33,570.16,573.279,242.57562811502694,194.06050249202156,363.86344217254043,,573.279,10,10,10,35,561.1241637117794,565.4745999999998,569.8250362882202,568.825747555515,561.6275279602548,0,0,0,0,533.6381968010817,575.7551058823533,617.8720149636249,561.7933014841053,522.8882168194829,0,0,0,0,562.9168988104074,568.564037647059,574.2111764837106,568.825747555515,561.6275279602548,0,0,0,0,556.8529783276267,572.820682352941,588.7883863782554,565.5759388127491,538.4150048231446,0,0,0,0,19.27127649933931,,,,,,,565.5759388127491,538.4150048231446,0,0,0,0,565.5759388127491,538.4150048231446,0,0,0,0,0
1754674200,573.26,574.77,573.26,574.56,242.57562811502694,194.06050249202156,363.86344217254043,,574.56,15,45,30,55,561.9479934780175,566.5923270588238,571.2366606396301,570.6551598820512,563.5064592027509,0,0,0,0,536.692235707462,579.5167058823538,622.3411760572455,563.5937617423069,522.8882168194829,0,0,0,0,563.4920262359607,569.3841011764708,575.276176116981,570.6551598820512,563.5064592027509,0,0,0,0,557.927186457595,573.8385647058819,589.7499429541689,568.8955146118385,538.5226317097523,0,0,0,0,20.208130009783748,,,,,,,568.8955146118385,538.5226317097523,0,0,0,0,568.8955146118385,538.5226317097523,0,0,0,0,0
1754919000,574.69,576.8,573.84,574.99,246.4068041101369,197.12544328810952,369.61020616520534,,574.99,10,10,10,35,562.8785360673428,567.8467129411763,572.8148898150098,571.8104184697279,563.5064592027509,0,0,0,0,536.692235707462,579.5167058823538,622.3411760572455,563.5937617423069,522.8882168194829,0,0,0,0,564.0127894475465,570.0155999999994,576.0184105524522,571.8104184697279,563.5064592027509,0,0,0,0,557.927186457595,573.8385647058819,589.7499429541689,569.5758349967072,538.5226317097523,0,0,0,0,20.231817049965862,,,,,,,569.5758349967072,538.5226317097523,0,0,0,0,569.5758349967072,538.5226317097523,0,0,0,0,0
1754933400,574.97,575.17,571.59,572.76,246.4068041101369,197.12544328810952,369.61020616520534,,572.76,-5,35,20,45,563.7003050350155,568.848705882353,573.9971067296905,571.8104184697279,565.0274264025544,0,0,0,0,536.692235707462,579.5167058823538,622.3411760572455,565.1206359035708,522.8882168194829,0,0,0,0,564.4276434054834,570.4316635294118,576.4356836533402,571.8104184697279,565.0274264025544,0,0,0,0,558.8721463954427,574.6343294117652,590.3965124280877,569.5758349967072,538.5226317097523,0,0,0,0,20.596826748059474,,,,,,,569.5758349967072,538.5226317097523,0,0,0,0,569.5758349967072,538.5226317097523,0,0,0,0,0
1755005400,575.17,579.42,572.49,578.89,245.12708523062912,196.1016681845033,367.6906278459437,,578.89,10,20,20,60,564.9479068886372,570.5874164705879,576.2269260525385,574.3700705933438,565.0274264025544,0,0,0,0,536.692235707462,579.5167058823538,622.3411760572455,565.1206359035708,522.8882168194829,0,0,0,0,565.0465605784132,571.3045976470587,577.5626347157042,574.3700705933438,565.0274264025544,0,0,0,0,558.8721463954427,574.6343294117652,590.3965124280877,569.5758349967072,538.5226317097523,0,0,0,0,20.596826748059474,,,,,,,569.5758349967072,538.5226317097523,0,0,0,0,569.5758349967072,538.5226317097523,0,0,0,0,0
1755019800,578.88,580.35,578.84,580.02,245.12708523062912,196.1016681845033,367.6906278459437,,580.02,40,35,40,80,566.364399690178,572.548009411764,578.7316191333501,576.7173057667097,565.8479673738005,0,0,0,0,539.8427197085454,583.414211764706,626.9857038208667,565.9213047676014,522.8882168194829,0,0,0,0,565.6858563013802,572.1842847058826,578.6827131103851,576.7173057667097,565.8479673738005,0,0,0,0,560.0836541978755,575.8318352941184,591.5800163903613,574.6378824663869,538.5226317097523,0,0,0,0,20.96447983677153,,,,,,,574.6378824663869,538.5226317097523,0,0,0,0,574.6378824663869,538.5226317097523,0,0,0,0,0
1755091800,582.76,583.32,578.94,580.34,248.1152311724314,198.49218493794513,372.1728467586471,,580.34,20,10,10,20,567.7553350278856,574.4123670588231,581.0693990897605,576.7173057667097,565.8479673738005,0,0,0,0,539.8427197085454,583.414211764706,626.9857038208667,565.9213047676014,522.8882168194829,0,0,0,0,566.3420261773142,573.1140188235289,579.8860114697436,576.7173057667097,565.8479673738005,0,0,0,0,560.0836541978755,575.8318352941184,591.5800163903613,574.7251765759307,538.5226317097523,0,0,0,0,20.967519197529217,,,,,,,574.7251765759307,538.5226317097523,0,0,0,0,574.7251765759307,538.5226317097523,0,0,0,0,0
1755106200,580.36,580.64,578.98,580.35,248.1152311724314,198.49218493794513,372.1728467586471,,580.35,25,40,80,70,569.189947519604,576.2655952941171,583.3412430686303,577.0640427166545,572.4641911328148,0,0,0,0,539.8427197085454,583.414211764706,626.9857038208667,572.5276401413442,522.8882168194829,0,0,0,0,567.0093255266198,574.0514941176467,581.0936627086736,577.0640427166545,572.4641911328148,0,0,0,0,561.2639455147182,577.0724705882358,592.8809956617533,574.9476639633642,538.5226317097523,0,0,0,0,22.554555245253255,,,,,,,574.9476639633642,538.5226317097523,0,0,0,0,574.9476639633642,538.5226317097523,0,0,0,0,0
1755178200,578.28,581.87,577.91,581.16,254.7447623078402,203.79580984627216,382.1171434617603,,581.16,20,20,35,35,570.5555717903839,577.987665882353,585.4197599743221,577.0640427166545,572.4641911328148,0,0,0,0,539.8427197085454,583.414211764706,626.9857038208667,572.5276401413442,522.8882168194829,0,0,0,0,567.6776698522889,574.9607811764704,582.2438925006519,577.0640427166545,572.4641911328148,0,0,0,0,561.2639455147182,577.0724705882358,592.8809956617533,574.9476639633642,538.5226317097523,0,0,0,0,22.554555245253255,,,,,,,574.9476639633642,538.5226317097523,0,0,0,0,574.9476639633642,538.5226317097523,0,0,0,0,0
1755192600,581.17,581.19,579.2,579.87,254.7447623078402,203.79580984627216,382.1171434617603,,579.87,40,20,40,55,571.8537202540159,579.5839929411766,587.3142656283372,577.3627445343183,572.4641911328148,0,0,0,0,542.8522822144289,587.0639764705884,631.2756707267479,572.5276401413442,522.8882168194829,0,0,0,0,568.2805283221653,575.7120917647061,583.1436552072469,577.3627445343183,572.4641911328148,0,0,0,0,562.3956198063626,578.307341176471,594.2190625465795,575.3183429071865,538.5226317097523,0,0,0,0,22.567461351306036,,,,,,,575.3183429071865,538.5226317097523,0,0,0,0,575.3183429071865,538.5226317097523,0,0,0,0,0
1755264600,579.8,579.845,575.59,577.25,244.34646923893246,195.47717539114598,366.51970385839866,,577.25,0,20,15,15,572.734960369953,580.5985435294118,588.4621266888706,577.3627445343183,572.4641911328148,0,0,0,0,542.8522822144289,587.0639764705884,631.2756707267479,572.5276401413442,522.8882168194829,0,0,0,0,568.7434787317746,576.2017552941182,583.6600318564618,577.3627445343183,572.4641911328148,0,0,0,0,562.3956198063626,578.307341176471,594.2190625465795,575.3183429071865,538.5226317097523,0,0,0,0,22.567461351306036,,,,,,,575.3183429071865,538.5226317097523,0,0,0,0,575.3183429071865,538.5226317097523,0,0,0,0,0
1755279000,577.26,578.27,576.55,577.22,244.34646923893246,195.47717539114598,366.51970385839866,,577.22,35,50,20,20,573.6417728693807,581.6325952941178,589.6234177188549,577.3627445343183,572.4641911328148,0,0,0,0,542.8522822144289,587.0639764705884,631.2756707267479,572.5276401413442,530.1119227609485,0,0,0,0,569.1686384395704,576.587795294118,584.0069521486656,577.3627445343183,572.4641911328148,0,0,0,0,563.3672744984924,579.2792705882357,595.191266677979,575.3183429071865,551.7624508733414,0,0,0,0,19.963508383525312,,,,,,,575.3183429071865,551.7624508733414,0,0,0,0,575.3183429071865,551.7624508733414,0,0,0,0,0
1755523800,576.44,577.76,575.25,576.44,242.54381797334227,194.03505437867383,363.8157269600134,,576.44,15,35,-10,-10,574.2370479405008,582.2801858823531,590.3233238242053,577.3627445343183,572.4641911328148,0,0,0,0,542.8522822144289,587.0639764705884,631.2756707267479,572.5276401413442,530.1119227609485,0,0,0,0,569.5487709671563,576.9531058823529,584.3574407975495,577.3627445343183,572.4641911328148,0,0,0,0,563.3672744984924,579.2792705882357,595.191266677979,575.3183429071865,551.7624508733414,0,0,0,0,19.963508383525312,,,,,,,575.3183429071865,551.7624508733414,0,0,0,0,575.3183429071865,551.7624508733414,0,0,0,0,0
1755538200,576.44,577.57,575.99,577.11,242.54381797334227,194.03505437867383,363.8157269600134,,577.11,20,40,35,-5,574.9720418070468,583.098129411765,591.2242170164831,577.3627445343183,572.4641911328148,0,0,0,0,545.9089010207401,590.7696235294122,635.6303460380843,572.5276401413442,530.1119227609485,0,0,0,0,569.9345852970516,577.3080400000005,584.6814947029493,577.3627445343183,572.4641911328148,0,0,0,0,564.2536731872893,579.95985882353,595.6660444597707,575.3183429071865,551.7624508733414,0,0,0,0,19.744502564669148,,,,,,,575.3183429071865,551.7624508733414,0,0,0,0,575.3183429071865,551.7624508733414,0,0,0,0,0
1755610200,576.39,576.55,568.72,569.71,240.06271520048327,192.05017216038664,360.0940728007249,,569.71,15,35,15,-35,574.5723178297,582.6199788235299,582.6199788235299,574.6818439445984,572.4641911328148,0,0,0,0,545.9089010207401,590.7696235294122,635.6303460380843,572.5276401413442,530.1119227609485,0,0,0,0,569.8604514503927,577.1250917647061,577.1250917647061,574.6818439445984,572.4641911328148,0,0,0,0,564.2536731872893,579.95985882353,595.6660444597707,575.3183429071865,551.7624508733414,0,0,0,0,19.744502564669148,,,,,,,575.3183429071865,551.7624508733414,0,0,0,0,575.3183429071865,551.7624508733414,0,0,0,0,0
1755624600,569.7,570.42,568.25,569.27,240.06271520048327,192.05017216038664,360.0940728007249,,569.27,15,35,15,-55,573.6461912553941,580.8888164705882,580.8888164705882,571.8276103399854,572.4641911328148,0,0,0,0,545.9089010207401,590.7696235294122,635.6303460380843,572.5276401413442,530.1119227609485,0,0,0,0,569.7186712449967,576.8167552941183,576.8167552941183,571.8276103399854,572.4641911328148,0,0,0,0,564.6801882053549,580.1145647058828,595.5489412064107,574.1630660415868,551.7624508733414,0,0,0,0,4.590400711930427,,,,,,,574.1630660415868,551.7624508733414,0,0,1,0,574.1630660415868,551.7624508733414,0,0,0,0,0
1755696600,568.33,568.45,558.84,563.94,232.9894348053144,186.39154784425153,349.4841522079716,,563.94,-10,10,15,-35,571.6965338191745,578.1806188235303,578.1806188235303,568.3332966707018,572.4641911328148,0,0,0,0,545.9089010207401,590.7696235294122,635.6303460380843,572.5276401413442,530.1119227609485,0,0,0,0,569.1225515760792,576.0561835294116,576.0561835294116,568.3332966707018,572.4641911328148,0,0,0,0,564.6801882053549,580.1145647058828,595.5489412064107,572.6707041814736,551.7624508733414,0,0,0,0,4.5396872484955155,,,,,,,572.6707041814736,551.7624508733414,0,0,0,0,572.6707041814736,551.7624508733414,0,0,0,0,0
1755711000,563.94,566.89,562.6,565.85,232.9894348053144,186.39154784425153,349.4841522079716,,565.85,0,10,25,-10,570.1046663129018,576.4364964705883,576.4364964705883,568.3332966707018,572.4641911328148,0,0,0,0,547.9209144922353,592.9344235294125,637.9479325665897,572.5276401413442,530.1119227609485,0,0,0,0,568.6888425292329,575.4611647058831,575.4611647058831,568.3332966707018,572.4641911328148,0,0,0,0,564.8533581085567,579.9454117647058,579.9454117647058,571.1156538827969,551.7624508733414,0,0,0,0,3.539269746812766,,,,,,,571.1156538827969,551.7624508733414,0,0,0,0,571.1156538827969,551.7624508733414,0,0,0,0,0
1755783000,564.35,566.48,560.99,561.61,235.7876925910322,188.63015407282577,353.6815388865483,,561.61,-10,10,-10,-20,567.9224722204533,574.3015411764706,574.3015411764706,568.3332966707018,572.4641911328148,0,0,0,0,547.9209144922353,592.9344235294125,637.9479325665897,572.5276401413442,530.1119227609485,0,0,0,0,567.9191764760891,574.6953223529413,574.6953223529413,568.3332966707018,572.4641911328148,0,0,0,0,564.8533581085567,579.9454117647058,579.9454117647058,570.7959643197399,551.7624508733414,0,0,0,0,3.5284060512172606,,,,,,,570.7959643197399,551.7624508733414,0,0,0,0,570.7959643197399,551.7624508733414,0,0,0,0,0
1755797400,561.6,564.205,561.5,563.28,235.7876925910322,188.63015407282577,353.6815388865483,,563.28,-15,15,-15,-40,565.8294457858732,572.0878329411772,572.0878329411772,566.7718303478214,572.4641911328148,0,0,0,0,547.9209144922353,592.9344235294125,637.9479325665897,572.5276401413442,530.1119227609485,0,0,0,0,567.308680724115,574.0608211764708,574.0608211764708,566.7718303478214,572.4641911328148,0,0,0,0,564.8347881856804,579.6304000000001,579.6304000000001,568.4058954397585,551.7624508733414,0,0,0,0,3.447186694175622,,,,,,,568.4058954397585,551.7624508733414,0,0,0,0,568.4058954397585,551.7624508733414,0,0,0,0,0
1755869400,564.66,573.99,563.28,573.205,232.10362650366724,185.6829012029338,348.1554397555009,,573.205,0,10,0,5,565.4799350623375,571.2678070588238,577.0556790553101,567.0780136286644,572.4641911328148,0,0,0,0,547.9209144922353,592.9344235294125,637.9479325665897,572.5276401413442,530.1119227609485,0,0,0,0,567.4512892420946,574.1571788235293,580.863068404964,567.0780136286644,572.4641911328148,0,0,0,0,564.8347881856804,579.6304000000001,579.6304000000001,568.4058954397585,551.7624508733414,0,0,0,0,3.447186694175622,,,,,,,568.4058954397585,551.7624508733414,0,0,0,0,568.4058954397585,551.7624508733414,0,0,0,0,0
1755883800,573.205,573.4,571.14,572.02,232.10362650366724,185.6829012029338,348.1554397555009,,572.02,-5,10,-5,10,564.9623338448429,570.5572047058821,576.1520755669213,568.6681555123312,572.4641911328148,0,0,0,0,549.9018114977948,594.8642352941176,639.8266590904404,572.5276401413442,530.1119227609485,0,0,0,0,567.5019452713265,574.1456423529414,580.7893394345564,568.6681555123312,572.4641911328148,0,0,0,0,565.3163864694571,579.8497411764708,594.3830958834845,568.4058954397585,551.7624508733414,0,0,0,0,4.566215723403058,,,,,,,568.4058954397585,551.7624508733414,0,0,0,0,568.4058954397585,551.7624508733414,0,0,0,0,0
1756128600,570.4,573.28,569.17,572.505,234.09611773120204,187.27689418496163,351.14417659680305,,572.505,-10,10,-10,5,564.5526893070337,570.0264964705889,575.5003036341441,569.1301558529852,572.4641911328148,0,0,0,0,549.9018114977948,594.8642352941176,639.8266590904404,572.5276401413442,530.1119227609485,0,0,0,0,567.6801173543585,574.3332352941179,580.9863532338774,569.1301558529852,572.4641911328148,0,0,0,0,565.3163864694571,579.8497411764708,594.3830958834845,568.4058954397585,551.7624508733414,0,0,0,0,4.566215723403058,,,,,,,568.4058954397585,551.7624508733414,0,0,0,0,568.4058954397585,551.7624508733414,0,0,0,0,0
1756143000,572.5,572.67,570.18,570.35,234.09611773120204,187.27689418496163,351.14417659680305,,570.35,-10,10,-10,-10,563.8759085140344,569.2695176470593,569.2695176470593,569.1301558529852,572.4641911328148,0,0,0,0,549.9018114977948,594.8642352941176,639.8266590904404,572.5276401413442,530.1119227609485,0,0,0,0,567.6453842525174,574.2690164705886,574.2690164705886,569.1301558529852,572.4641911328148,0,0,0,0,565.6613254714479,579.8978823529415,594.134439234435,568.4058954397585,551.7624508733414,0,0,0,0,4.566215723403058,,,,,,,568.4058954397585,551.7624508733414,0,0,0,0,568.4058954397585,551.7624508733414,0,0,0,0,0
1756215000,569.83,571.885,568.8,571.435,227.0620341292541,181.6496273034033,340.59305119388114,,571.435,-10,10,-10,-10,563.170472552379,568.4665505882351,573.7626286240912,569.1301558529852,572.4641911328148,0,0,0,0,549.9018114977948,594.8642352941176,639.8266590904404,572.5276401413442,530.1119227609485,0,0,0,0,567.6256876730304,574.1793741176473,580.7330605622642,569.1301558529852,572.4641911328148,0,0,0,0,565.6613254714479,579.8978823529415,594.134439234435,568.4058954397585,551.7624508733414,0,0,0,0,4.566215723403058,,,,,,,568.4058954397585,551.7624508733414,0,0,0,0,568.4058954397585,551.7624508733414,0,0,0,0,0
1756229400,571.45,572.92,570.05,572.63,227.0620341292541,181.6496273034033,340.59305119388114,,572.63,-10,15,-10,-10,562.9772415855035,568.2781435294118,573.57904547332,569.1301558529852,572.4641911328148,0,0,0,0,551.892671064702,596.8904705882353,641.8882701117686,572.5276401413442,530.1119227609485,0,0,0,0,567.6643192588018,574.1390964705881,580.6138736823744,569.1301558529852,572.4641911328148,0,0,0,0,566.1124375593806,579.7695764705888,593.4267153817971,568.4058954397585,551.7624508733414,0,0,0,0,4.566215723403058,,,,,,,568.4058954397585,551.7624508733414,0,0,0,0,568.4058954397585,551.7624508733414,0,0,0,0,0
1756301400,571.59,573.77,570.37,573.09,230.57921945232513,184.46337556186012,345.8688291784877,,573.09,-10,10,-10,-10,562.9763726337792,568.2745247058823,573.5726767779854,569.1301558529852,572.4641911328148,0,0,0,0,551.892671064702,596.8904705882353,641.8882701117686,572.5276401413442,530.1119227609485,0,0,0,0,567.7215750832589,574.1222776470588,580.5229802108587,569.1301558529852,572.4641911328148,0,0,0,0,566.1124375593806,579.7695764705888,593.4267153817971,568.4058954397585,551.7624508733414,0,0,0,0,4.566215723403058,,,,,,,568.4058954397585,551.7624508733414,0,0,0,0,568.4058954397585,551.7624508733414,0,0,0,0,0
1756315800,573.09,574.4,571.92,573.55,230.57921945232513,184.46337556186012,345.8688291784877,,573.55,-10,10,-10,5,563.0957568878364,568.3840588235291,573.6723607592219,570.4593647403962,572.4641911328148,0,0,0,0,551.892671064702,596.8904705882353,641.8882701117686,572.5276401413442,530.1119227609485,0,0,0,0,567.8302916655713,574.2010823529413,580.5718730403113,570.4593647403962,572.4641911328148,0,0,0,0,566.5632799834076,579.8953882352937,593.2274964871798,568.4058954397585,551.7624508733414,0,0,0,0,4.566215723403058,,,,,,,568.4058954397585,551.7624508733414,0,0,0,0,568.4058954397585,551.7624508733414,0,0,0,0,0
1756387800,574.11,577.08,572.46,576.97,229.51227292481926,183.60981833985542,344.26840938722887,,576.97,-10,10,-10,15,563.4413959285265,568.7568164705876,574.0722370126488,572.2207277608518,572.4641911328148,0,0,0,0,551.892671064702,596.8904705882353,641.8882701117686,572.5276401413442,530.1119227609485,0,0,0,0,568.1690699863556,574.5877294117643,581.006388837173,572.2207277608518,572.4641911328148,0,0,0,0,566.5632799834076,579.8953882352937,593.2274964871798,568.4420720933291,551.7624508733414,0,0,0,0,4.567445078995079,,,,,,,568.4420720933291,551.7624508733414,0,0,0,0,568.4420720933291,551.7624508733414,0,0,0,0,0
1756402200,576.97,578,576.84,577.06,229.51227292481926,183.60981833985542,344.26840938722887,,577.06,-10,10,-10,35,564.4373073068764,569.7186094117643,574.9999115166522,574.6560356713467,572.4641911328148,0,0,0,0,553.734574054195,596.8976235294124,640.0606730046297,572.5276401413442,530.1119227609485,0,0,0,0,568.4850875981931,574.9391199999998,581.3931524018064,574.6560356713467,572.4641911328148,0,0,0,0,567.2018945298876,579.9993176470588,592.79674076423,573.0262098009484,551.7624508733414,0,0,0,0,19.723223316317707,,,,,,,573.0262098009484,551.7624508733414,0,0,0,0,573.0262098009484,551.7624508733414,0,0,0,0,0
1756474200,574.655,575.02,568.55,569.23,232.23571130866932,185.78856904693546,348.35356696300397,,569.23,-10,10,-10,-15,564.5477249814772,569.7041199999996,569.7041199999996,573.487142711951,572.4641911328148,0,0,0,0,553.734574054195,596.8976235294124,640.0606730046297,572.5276401413442,530.1119227609485,0,0,0,0,568.2910738404993,574.7299458823533,574.7299458823533,573.487142711951,572.4641911328148,0,0,0,0,567.2018945298876,579.9993176470588,592.79674076423,573.0262098009484,551.7624508733414,0,0,0,0,19.723223316317707,,,,,,,573.0262098009484,551.7624508733414,0,0,0,0,573.0262098009484,551.7624508733414,0,0,0,0,0
1756488600,569.23,570.84,568.94,570.3,232.23571130866932,185.78856904693546,348.35356696300397,,570.3,5,15,-10,-15,564.8778945485396,569.8528070588231,569.8528070588231,573.310918232526,572.4641911328148,0,0,0,0,553.734574054195,596.8976235294124,640.0606730046297,572.5276401413442,530.6932139923092,0,0,0,0,568.1594409573229,574.5737364705884,574.5737364705884,573.310918232526,572.4641911328148,0,0,0,0,567.4416700937325,579.4680235294118,591.4943769650911,573.0262098009484,551.7624508733414,0,0,0,0,19.575350230262554,,,,,,,573.0262098009484,551.7624508733414,0,0,0,0,573.0262098009484,551.7624508733414,0,0,0,0,0
1756819800,561.31,565.7,559.535,562.78,225.26133937978153,180.20907150382524,337.8920090696723,,562.78,-10,-10,-10,-55,563.7533643131999,568.8815411764703,568.8815411764703,566.2071200280101,572.4641911328148,0,0,0,0,553.734574054195,596.8976235294124,640.0606730046297,572.5276401413442,530.6932139923092,0,0,0,0,567.3818715281619,573.8723270588231,573.8723270588231,566.2071200280101,572.4641911328148,0,0,0,0,567.4416700937325,579.4680235294118,591.4943769650911,570.172604616369,551.7624508733414,0,0,0,0,4.4783789754659,,,,,,,570.172604616369,551.7624508733414,0,0,1,0,570.172604616369,551.7624508733414,0,0,0,0,0
1756834200,562.84,565.96,562.75,565.63,225.26133937978153,180.20907150382524,337.8920090696723,,565.63,-15,10,-15,-25,563.5073099758383,568.5144635294116,568.5144635294116,566.2071200280101,572.4641911328148,0,0,0,0,554.9627176034278,595.3872235294124,635.811729455397,572.5276401413442,530.6932139923092,0,0,0,0,566.9126800816368,573.4294352941183,573.4294352941183,566.2071200280101,572.4641911328148,0,0,0,0,567.423871053135,578.3817411764709,578.3817411764709,570.172604616369,551.7624508733414,0,0,0,0,4.4783789754659,,,,,,,570.172604616369,551.7624508733414,0,0,0,0,570.172604616369,551.7624508733414,0,0,0,0,0
1756906200,569.27,571.7,567.99,569.36,229.4719858534721,183.57758868277767,344.2079787802081,,569.36,0,10,0,-10,564.2180439390154,568.9172211764699,568.9172211764699,566.2071200280101,572.4641911328148,0,0,0,0,554.9627176034278,595.3872235294124,635.811729455397,572.5276401413442,530.6932139923092,0,0,0,0,566.7831397916275,573.2968141176468,573.2968141176468,566.2071200280101,572.4641911328148,0,0,0,0,567.423871053135,578.3817411764709,578.3817411764709,570.172604616369,551.7624508733414,0,0,0,0,4.4783789754659,,,,,,,570.172604616369,551.7624508733414,0,0,0,0,570.172604616369,551.7624508733414,0,0,0,0,0
1756920600,569.33,570.07,566.73,569.98,229.4719858534721,183.57758868277767,344.2079787802081,,569.98,-10,10,-10,-20,564.5809894705768,569.119414117647,573.6578387647172,566.2071200280101,572.4641911328148,0,0,0,0,554.9627176034278,595.3872235294124,635.811729455397,572.5276401413442,530.6932139923092,0,0,0,0,566.6601478149995,573.1606635294119,573.1606635294119,566.2071200280101,572.4641911328148,0,0,0,0,567.6584999457724,577.742517647059,587.8265353483456,570.172604616369,551.7624508733414,0,0,0,0,4.4783789754659,,,,,,,570.172604616369,551.7624508733414,0,0,0,0,570.172604616369,551.7624508733414,0,0,0,0,0
1756992600,570.74,573.13,569.03,573.04,230.4328561539236,184.3462849231389,345.6492842308854,,573.04,-10,10,-10,-5,565.6470861789821,569.9987647058821,574.350443232782,568.5437828167888,572.4641911328148,0,0,0,0,554.9627176034278,595.3872235294124,635.811729455397,572.5276401413442,530.6932139923092,0,0,0,0,566.8178807969576,573.327454117647,579.8370274383363,568.5437828167888,572.4641911328148,0,0,0,0,567.6584999457724,577.742517647059,587.8265353483456,570.172604616369,551.7624508733414,0,0,0,0,4.4783789754659,,,,,,,570.172604616369,551.7624508733414,0,0,0,0,570.172604616369,551.7624508733414,0,0,0,0,0
1757007000,573.05,575.59,572.82,575.27,230.4328561539236,184.3462849231389,345.6492842308854,,575.27,-10,15,-10,15,566.8655485169481,571.1536588235296,575.441769130111,571.4010678369251,572.4641911328148,0,0,0,0,556.4274070896982,595.4759058823531,634.524404675008,572.5276401413442,530.6932139923092,0,0,0,0,567.0817095517339,573.6189505882351,580.1561916247363,571.4010678369251,572.4641911328148,0,0,0,0,568.0901022583101,577.7387529411762,587.3874036240423,570.172604616369,551.7624508733414,0,0,0,0,4.4783789754659,,,,,,,570.172604616369,551.7624508733414,0,0,0,0,570.172604616369,551.7624508733414,0,0,0,0,0
1757079000,580.48,581.12,571.53,574.65,228.4718662963214,182.77749303705713,342.7077994444821,,574.65,-10,10,-10,0,568.2078008663532,572.3684352941175,576.5290697218818,571.4010678369251,572.4641911328148,0,0,0,0,556.4274070896982,595.4759058823531,634.524404675008,572.5276401413442,530.6932139923092,0,0,0,0,567.2710109687778,573.8187058823526,580.3664007959273,571.4010678369251,572.4641911328148,0,0,0,0,568.0901022583101,577.7387529411762,587.3874036240423,570.172604616369,551.7624508733414,0,0,0,0,4.4783789754659,,,,,,,570.172604616369,551.7624508733414,0,0,0,0,570.172604616369,551.7624508733414,0,0,0,0,0
1757093400,574.62,576.12,573.5,576.06,228.4718662963214,182.77749303705713,342.7077994444821,,576.06,-10,10,-10,15,568.9970705432164,573.3015882352939,577.6061059273715,571.942986216431,572.4641911328148,0,0,0,0,556.4274070896982,595.4759058823531,634.524404675008,572.5276401413442,530.6932139923092,0,0,0,0,567.4723290496206,574.0118258823519,580.5513227150832,571.942986216431,572.4641911328148,0,0,0,0,568.5408774903984,577.7712235294126,587.0015695684268,570.172604616369,551.7624508733414,0,0,0,0,4.4783789754659,,,,,,,570.172604616369,551.7624508733414,0,0,0,0,570.172604616369,551.7624508733414,0,0,0,0,0
1757338200,578.37,580.84,578.07,578.86,229.31910560283916,183.45528448227134,343.97865840425874,,578.86,10,10,10,55,569.9509356101939,574.6171882352936,579.2834408603933,575.318850360086,572.4641911328148,0,0,0,0,556.4274070896982,595.4759058823531,634.524404675008,572.5276401413442,530.6932139923092,0,0,0,0,567.8002047685145,573.9222870588219,580.0443693491293,575.318850360086,572.4641911328148,0,0,0,0,568.5408774903984,577.7712235294126,587.0015695684268,573.5366901743656,551.7624508733414,0,0,0,0,19.59269738207838,,,,,,,573.5366901743656,551.7624508733414,0,0,0,0,573.5366901743656,551.7624508733414,0,0,0,0,0
1757352600,578.89,579.22,577.77,578.8,229.31910560283916,183.45528448227134,343.97865840425874,,578.8,15,10,15,25,570.5295996061293,575.184811764706,579.8400239232826,575.318850360086,572.4641911328148,0,0,0,0,557.96885171023,595.9955764705887,634.0223012309475,572.5276401413442,530.6932139923092,0,0,0,0,568.1234997759576,573.7967482352941,579.4699966946306,575.318850360086,572.4641911328148,0,0,0,0,569.0830172294314,578.1421647058824,587.2013121823333,573.5366901743656,551.7624508733414,0,0,0,0,19.681421233711472,,,,,,,573.5366901743656,551.7624508733414,0,0,0,0,573.5366901743656,551.7624508733414,0,0,0,0,0
1757424600,579.67,580.21,577.05,579.82,231.2022466963505,184.9617973570804,346.80337004452576,,579.82,10,10,10,20,571.15561902217,575.8997529411764,580.6438868601829,575.318850360086,572.4641911328148,0,0,0,0,557.96885171023,595.9955764705887,634.0223012309475,572.5276401413442,530.6932139923092,0,0,0,0,568.4274662312606,574.0813270588228,579.735187886385,575.318850360086,572.4641911328148,0,0,0,0,569.0830172294314,578.1421647058824,587.2013121823333,573.5366901743656,551.7624508733414,0,0,0,0,19.681421233711472,,,,,,,573.5366901743656,551.7624508733414,0,0,0,0,573.5366901743656,551.7624508733414,0,0,0,0,0
1757439000,579.83,580.94,579.38,580.48,231.2022466963505,184.9617973570804,346.80337004452576,,580.48,15,15,15,40,571.8032018586564,576.4396352941175,581.0760687295785,577.1206414389568,572.4641911328148,0,0,0,0,557.96885171023,595.9955764705887,634.0223012309475,572.5276401413442,530.6932139923092,0,0,0,0,568.7500245284448,574.3989882352935,580.0479519421422,577.1206414389568,572.4641911328148,0,0,0,0,569.6723133784045,578.6384235294121,587.6045336804196,575.3400540499566,551.7624508733414,0,0,0,0,19.742703172367882,,,,,,,575.3400540499566,551.7624508733414,0,0,0,0,575.3400540499566,551.7624508733414,0,0,0,0,0
1757511000,583.74,583.76,580.73,580.94,230.11077697620465,184.08862158096372,345.16616546430697,,580.94,10,10,10,35,572.4901751834063,577.0578470588233,581.6255189342403,578.7098813361741,572.4641911328148,0,0,0,0,557.96885171023,595.9955764705887,634.0223012309475,572.5276401413442,530.6932139923092,0,0,0,0,569.065870449032,574.6314258823528,580.1969813156736,578.7098813361741,572.4641911328148,0,0,0,0,569.6723133784045,578.6384235294121,587.6045336804196,576.7443359035312,551.7624508733414,0,0,0,0,19.790423499680568,,,,,,,576.7443359035312,551.7624508733414,0,0,0,0,576.7443359035312,551.7624508733414,0,0,0,0,0
1757525400,580.9,581.53,578.55,580.7,230.11077697620465,184.08862158096372,345.16616546430697,,580.7,15,10,15,25,573.2987448891579,578.0441176470586,582.7894904049592,578.7098813361741,572.4641911328148,0,0,0,0,559.6173364796094,595.839717647059,632.0620988145087,572.5276401413442,530.6932139923092,0,0,0,0,569.3620856972251,574.7267576470587,580.0914295968922,578.7098813361741,572.4641911328148,0,0,0,0,570.251506359564,579.2151529411759,588.1787995227878,576.7443359035312,551.7624508733414,0,0,0,0,19.790423499680568,,,,,,,576.7443359035312,551.7624508733414,0,0,0,0,576.7443359035312,551.7624508733414,0,0,0,0,0
1757597400,583.27,584.88,581.62,584.12,235.18210563388766,188.14568450711013,352.7731584508315,,584.12,10,10,10,35,574.3829210515935,579.5601882352936,584.7374554189937,581.0836229899596,572.4641911328148,0,0,0,0,559.6173364796094,595.839717647059,632.0620988145087,572.5276401413442,530.6932139923092,0,0,0,0,569.8050784445992,575.2777835294113,580.7504886142234,581.0836229899596,572.4641911328148,0,0,0,0,570.251506359564,579.2151529411759,588.1787995227878,577.6871569780448,551.7624508733414,0,0,0,0,19.822462459778606,,,,,,,577.6871569780448,551.7624508733414,0,0,0,0,577.6871569780448,551.7624508733414,0,0,0,0,0
1757611800,584.13,584.86,583.9,584.1,235.18210563388766,188.14568450711013,352.7731584508315,,584.1,15,35,40,80,575.4621257790388,580.9996117647058,586.5370977503728,581.6534810474652,575.415951302255,0,0,0,0,559.6173364796094,595.839717647059,632.0620988145087,575.4408596853714,530.6932139923092,0,0,0,0,570.2462348805864,575.8313741176471,581.4165133547078,581.6534810474652,575.415951302255,0,0,0,0,570.9474337607368,579.7999529411761,588.6524721216155,580.1795029081844,551.7624508733414,0,0,0,0,20.593339985079883,,,,,,,580.1795029081844,551.7624508733414,0,0,0,0,580.1795029081844,551.7624508733414,0,0,0,0,0
1757683800,585.04,586.97,584.1,586.45,238.38557575668906,190.70846060535126,357.5783636350336,,586.45,10,20,20,60,576.5604559894576,582.4959882352945,588.4315204811313,583.476292331743,575.415951302255,0,0,0,0,559.6173364796094,595.839717647059,632.0620988145087,575.4408596853714,530.6932139923092,0,0,0,0,570.7584469333472,576.5159294117643,582.2734118901815,583.476292331743,575.415951302255,0,0,0,0,570.9474337607368,579.7999529411761,588.6524721216155,580.440252700457,551.7624508733414,0,0,0,0,20.6022007884879,,,,,,,580.440252700457,551.7624508733414,0,0,0,0,580.440252700457,551.7624508733414,0,0,0,0,0
1757698200,586.455,587.86,586.12,586.66,238.38557575668906,190.70846060535126,357.5783636350336,,586.66,55,70,80,70,577.6429633385951,583.9316941176472,590.2204248966993,583.9890571651899,578.0690976378082,0,0,0,0,561.7988497115929,595.3826117647064,628.96637381782,578.0936554221306,531.37548442143,0,0,0,0,571.3026022700368,577.2602494117644,583.2178965534921,583.9890571651899,578.0690976378082,0,0,0,0,571.706532307124,580.6502117647057,589.5938912222873,582.5973775075672,558.3742936378983,0,0,0,0,20.891083985556417,,,,,,,582.5973775075672,558.3742936378983,0,0,0,0,582.5973775075672,558.3742936378983,0,0,0,0,0
1757943000,588.44,591.18,588.295,590.3,238.04514330836227,190.43611464668982,357.0677149625434,,590.3,20,35,45,60,579.0058248828717,585.8528705882356,592.6999162935996,588.0094801719833,578.0690976378082,0,0,0,0,561.7988497115929,595.3826117647064,628.96637381782,578.0936554221306,531.37548442143,0,0,0,0,572.0702374364093,578.4077764705879,584.7453155047665,588.0094801719833,578.0690976378082,0,0,0,0,571.706532307124,580.6502117647057,589.5938912222873,584.7011362570266,558.3742936378983,0,0,0,0,20.961727417751995,,,,,,,584.7011362570266,558.3742936378983,0,0,0,0,584.7011362570266,558.3742936378983,0,0,0,0,0
1757957400,590.29,591.78,590.09,591.68,238.04514330836227,190.43611464668982,357.0677149625434,,591.68,25,60,65,70,580.4195558600998,587.7967294117647,595.1739029634296,588.4931232095162,582.3284478065361,0,0,0,0,561.7988497115929,595.3826117647064,628.96637381782,582.3519657491212,531.37548442143,0,0,0,0,572.9253332983537,579.6736470588236,586.4219608192934,588.4931232095162,582.3284478065361,0,0,0,0,572.6425939866214,582.0226823529408,591.4027707192603,586.632126524382,558.3742936378983,0,0,0,0,22.028288108023652,,,,,,,586.632126524382,558.3742936378983,0,0,0,0,586.632126524382,558.3742936378983,0,0,0,0,0
1758029400,592.61,592.86,590.49,591.31,238.19473386601942,190.55578709281554,357.29210079902913,,591.31,10,45,35,50,581.7748957306876,589.5791058823531,597.3833160340187,588.6893286945508,582.3284478065361,0,0,0,0,561.7988497115929,595.3826117647064,628.96637381782,582.3519657491212,531.37548442143,0,0,0,0,573.7838210374339,580.8877058823529,587.9915907272718,588.6893286945508,582.3284478065361,0,0,0,0,572.6425939866214,582.0226823529408,591.4027707192603,587.1098317726403,558.3742936378983,0,0,0,0,22.044329271642567,,,,,,,587.1098317726403,558.3742936378983,0,0,0,0,587.1098317726403,558.3742936378983,0,0,0,0,0
1758043800,591.33,592.05,591.01,591.15,238.19473386601942,190.55578709281554,357.29210079902913,,591.15,40,60,65,70,583.2301743455063,591.4392894117648,599.6484044780233,589.1565835065336,584.7803443917836,0,0,0,0,563.8500038406615,595.7731764705889,627.6963491005162,584.8021824813269,531.37548442143,0,0,0,0,574.5535709104814,581.9617411764702,589.369911442459,589.1565835065336,584.7803443917836,0,0,0,0,573.5149766067404,583.1052941176464,592.6956116285523,587.7969866460231,558.3742936378983,0,0,0,0,22.64378911372536,,,,,,,587.7969866460231,558.3742936378983,0,0,0,0,587.7969866460231,558.3742936378983,0,0,0,0,0
1758115800,591.11,591.55,587.53,588.36,241.17632212421626,192.941057699373,361.76448318632436,,588.36,20,20,20,35,584.3959357469951,592.8178588235296,601.2397819000641,589.1565835065336,584.7803443917836,0,0,0,0,563.8500038406615,595.7731764705889,627.6963491005162,584.8021824813269,531.37548442143,0,0,0,0,575.42620486132,583.0210705882353,590.6159363151505,589.1565835065336,584.7803443917836,0,0,0,0,573.5149766067404,583.1052941176464,592.6956116285523,587.7969866460231,558.3742936378983,0,0,0,0,22.64378911372536,,,,,,,587.7969866460231,558.3742936378983,0,0,0,0,587.7969866460231,558.3742936378983,0,0,0,0,0
1758130200,588.38,591.75,584.4,589.96,241.17632212421626,192.941057699373,361.76448318632436,,589.96,25,25,65,40,585.3276699115411,593.8228988235302,602.3181277355193,589.1565835065336,584.7803443917836,0,0,0,0,563.8500038406615,595.7731764705889,627.6963491005162,584.8021824813269,531.37548442143,0,0,0,0,576.4117005442899,584.2275529411764,592.0434053380629,589.1565835065336,584.7803443917836,0,0,0,0,574.3212983866963,584.0165647058825,593.7118310250687,587.7969866460231,558.3742936378983,0,0,0,0,22.64378911372536,,,,,,,587.7969866460231,558.3742936378983,0,0,0,0,587.7969866460231,558.3742936378983,0,0,0,0,0
1758202200,594.93,598.14,592.97,596.86,240.46268041260495,192.37014433008397,360.6940206189074,,596.86,20,10,35,35,586.7604659970198,595.6527388235296,604.5450116500394,593.2319235167463,584.7803443917836,0,0,0,0,563.8500038406615,595.7731764705889,627.6963491005162,584.8021824813269,531.37548442143,0,0,0,0,577.6551080051288,585.9592117647059,594.2633155242829,593.2319235167463,584.7803443917836,0,0,0,0,574.3212983866963,584.0165647058825,593.7118310250687,589.0781084771548,558.3742936378983,0,0,0,0,22.686808705793645,,,,,,,589.0781084771548,558.3742936378983,0,0,0,0,589.0781084771548,558.3742936378983,0,0,0,0,0
1758216600,596.86,596.95,595.3,595.36,240.46268041260495,192.37014433008397,360.6940206189074,,595.36,15,35,45,45,587.8730954616335,596.3407905882354,604.8084857148374,593.2319235167463,586.9656285827114,0,0,0,0,565.8520472974698,596.8837411764708,627.9154350554719,586.9939226497155,531.37548442143,0,0,0,0,578.8484257766731,587.5359294117651,596.223433046857,593.2319235167463,586.9656285827114,0,0,0,0,575.3036995666683,585.4087058823527,595.5137121980371,591.5682435859295,558.3742936378983,0,0,0,0,22.874298744411888,,,,,,,591.5682435859295,558.3742936378983,0,0,0,0,591.5682435859295,558.3742936378983,0,0,0,0,0
1758288600,597.32,598.81,595.85,598.12,241.77591708708673,193.4207336696694,362.66387563063006,,598.12,10,10,35,35,589.0111033840863,597.2030776470588,605.3950519100313,593.6280561101646,586.9656285827114,0,0,0,0,565.8520472974698,596.8837411764708,627.9154350554719,586.9939226497155,531.37548442143,0,0,0,0,580.1682889952119,589.3240352941183,598.4797815930247,593.6280561101646,586.9656285827114,0,0,0,0,575.3036995666683,585.4087058823527,595.5137121980371,592.1383690440774,558.3742936378983,0,0,0,0,22.89344334412229,,,,,,,592.1383690440774,558.3742936378983,0,0,0,0,592.1383690440774,558.3742936378983,0,0,0,0,0
1758303000,598.115,600.05,598.09,599.46,241.77591708708673,193.4207336696694,362.66387563063006,,599.46,15,65,55,80,590.2152245039273,598.4178588235288,606.6204931431304,596.3678605226063,589.9459408268035,0,0,0,0,565.8520472974698,596.8837411764708,627.9154350554719,589.965785317593,531.37548442143,0,0,0,0,581.4700742816714,591.1246823529415,600.7792904242116,596.3678605226063,589.9459408268035,0,0,0,0,576.3782349322507,586.9898352941174,597.601435655984,594.5034855409291,565.9122012351913,0,0,0,0,23.136045014431765,,,,,,,594.5034855409291,565.9122012351913,0,0,0,0,594.5034855409291,565.9122012351913,0,0,0,0,0
1758547800,597.74,602.07,597.72,601.94,237.96310618846877,190.37048495077502,356.9446592827031,,601.94,10,35,20,60,591.4717296148148,599.5939105882348,607.7160915616549,597.387236879186,589.9459408268035,0,0,0,0,565.8520472974698,596.8837411764708,627.9154350554719,589.965785317593,531.37548442143,0,0,0,0,582.7429243327421,592.9670000000002,603.1910756672584,597.387236879186,589.9459408268035,0,0,0,0,576.3782349322507,586.9898352941174,597.601435655984,594.5034855409291,565.9122012351913,0,0,0,0,23.136045014431765,,,,,,,594.5034855409291,565.9122012351913,0,0,0,0,594.5034855409291,565.9122012351913,0,0,0,0,0
1758562200,601.93,602.87,601.68,602.25,237.96310618846877,190.37048495077502,356.9446592827031,,602.25,45,55,75,75,592.7397066619519,600.9881505882353,609.2365945145186,599.8165460846043,591.8698021963176,0,0,0,0,568.0703307998596,598.3584705882355,628.6466103766114,591.8882292234792,531.37548442143,0,0,0,0,584.0200135205031,594.7740941176473,605.5281747147916,599.8165460846043,591.8698021963176,0,0,0,0,577.5100539667343,588.6389647058821,599.76787544503,598.2140257980459,565.9122012351913,0,0,0,0,23.11018559255425,,,,,,,598.2140257980459,565.9122012351913,0,0,0,0,598.2140257980459,565.9122012351913,0,0,0,0,0
1758634200,602.35,602.56,599.06,599.14,232.55988327587215,186.04790662069774,348.83982491380823,,599.14,10,35,25,35,593.7190431306932,601.9349552941175,610.1508674575417,599.8165460846043,591.8698021963176,0,0,0,0,568.0703307998596,598.3584705882355,628.6466103766114,591.8882292234792,531.37548442143,0,0,0,0,585.1350122357168,596.2496117647062,607.3642112936956,599.8165460846043,591.8698021963176,0,0,0,0,577.5100539667343,588.6389647058821,599.76787544503,598.2140257980459,565.9122012351913,0,0,0,0,23.11018559255425,,,,,,,598.2140257980459,565.9122012351913,0,0,0,0,598.2140257980459,565.9122012351913,0,0,0,0,0
1758648600,599.12,599.38,596.98,598.17,232.55988327587215,186.04790662069774,348.83982491380823,,598.17,25,35,40,50,594.3439718646481,602.2692658823531,610.1945599000582,599.8165460846043,591.8698021963176,0,0,0,0,568.0703307998596,598.3584705882355,628.6466103766114,591.8882292234792,531.37548442143,0,0,0,0,586.2059409852579,597.6232000000009,609.0404590147439,599.8165460846043,591.8698021963176,0,0,0,0,578.5209371691516,589.9449647058824,601.3689922426132,598.2140257980459,565.9122012351913,0,0,0,0,22.764354329534058,,,,,,,598.2140257980459,565.9122012351913,0,0,0,0,598.2140257980459,565.9122012351913,0,0,0,0,0
1758720600,599.58,599.9,593.36,595.88,231.22944296465266,184.98355437172214,346.844164446979,,595.88,20,10,35,20,594.7376278474786,602.3080705882354,609.8785133289922,599.8165460846043,591.8698021963176,0,0,0,0,568.0703307998596,598.3584705882355,628.6466103766114,591.8882292234792,531.37548442143,0,0,0,0,586.9295154472347,598.4734235294115,610.0173316115884,599.8165460846043,591.8698021963176,0,0,0,0,578.5209371691516,589.9449647058824,601.3689922426132,598.2140257980459,565.9122012351913,0,0,0,0,22.764354329534058,,,,,,,598.2140257980459,565.9122012351913,0,0,0,0,598.2140257980459,565.9122012351913,0,0,0,0,0
1758735000,595.88,596.47,594.69,596.02,231.22944296465266,184.98355437172214,346.844164446979,,596.02,25,10,40,15,594.9989003770813,602.3425458823532,609.6861913876251,599.8165460846043,591.8698021963176,0,0,0,0,569.8920953878496,599.3075058823529,628.7229163768561,591.8882292234792,531.37548442143,0,0,0,0,587.614571021117,599.2553411764709,610.8961113318248,599.8165460846043,591.8698021963176,0,0,0,0,579.4243245734588,591.009505882353,602.5946871912472,598.2140257980459,565.9122012351913,0,0,0,0,22.764354329534058,,,,,,,598.2140257980459,565.9122012351913,0,0,0,0,598.2140257980459,565.9122012351913,0,0,0,0,0
1758807000,592.21,595.11,588.5,592.68,233.8711074228883,187.09688593831063,350.80666113433244,,592.68,10,10,10,-15,594.7305928122943,601.6379623529414,601.6379623529414,596.6964817403396,591.8698021963176,0,0,0,0,569.8920953878496,599.3075058823529,628.7229163768561,591.8882292234792,531.37548442143,0,0,0,0,587.9996513952037,599.5017764705884,611.0039015459731,596.6964817403396,591.8698021963176,0,0,0,0,579.4243245734588,591.009505882353,602.5946871912472,598.2140257980459,565.9122012351913,0,0,0,0,22.764354329534058,,,,,,,598.2140257980459,565.9122012351913,0,0,0,0,598.2140257980459,565.9122012351913,0,0,0,0,0
1758821400,592.66,593.85,589.26,593.49,233.8711074228883,187.09688593831063,350.80666113433244,,593.49,15,-5,15,-10,594.483285151837,600.9356141176473,600.9356141176473,596.4731398679459,591.8698021963176,0,0,0,0,569.8920953878496,599.3075058823529,628.7229163768561,591.8882292234792,531.37548442143,0,0,0,0,588.4140364917224,599.8198823529411,611.2257282141599,596.4731398679459,591.8698021963176,0,0,0,0,580.1821141889526,591.8046352941176,603.4271563992826,598.2140257980459,565.9122012351913,0,0,0,0,22.455005258211873,,,,,,,598.2140257980459,565.9122012351913,0,0,0,0,598.2140257980459,565.9122012351913,0,0,0,0,0
1758893400,594.35,596.2,591.06,595.63,224.83683347338592,179.86946677870876,337.2552502100789,,595.63,10,-10,10,0,594.3972565887833,600.4278541176469,606.4584516465105,596.4731398679459,591.8698021963176,0,0,0,0,569.8920953878496,599.3075058823529,628.7229163768561,591.8882292234792,531.37548442143,0,0,0,0,588.884225938306,600.0695176470588,611.2548093558115,596.4731398679459,591.8698021963176,0,0,0,0,580.1821141889526,591.8046352941176,603.4271563992826,598.2140257980459,565.9122012351913,0,0,0,0,22.455005258211873,,,,,,,598.2140257980459,565.9122012351913,0,0,0,0,598.2140257980459,565.9122012351913,0,0,0,0,0
1758907800,595.64,596.31,594.57,596.05,224.83683347338592,179.86946677870876,337.2552502100789,,596.05,55,30,15,5,594.4491987207209,600.0970823529412,605.7449659851616,596.4731398679459,591.8698021963176,0,0,0,0,571.6105211298676,600.1472235294121,628.6839259289567,591.8882292234792,556.8950926770422,0,0,0,0,589.3473594237495,600.3385176470586,611.3296758703676,596.4731398679459,591.8698021963176,0,0,0,0,581.0654132256194,592.8843529411765,604.7032926567337,598.2140257980459,570.3388297183919,0,0,0,0,15.501301108717145,,,,,,,598.2140257980459,570.3388297183919,0,0,0,0,598.2140257980459,570.3388297183919,0,0,0,0,0
1759152600,599.11,602.05,597.92,598.68,231.50587762081017,185.20470209664813,347.2588164312152,,598.68,35,35,10,0,594.8558616999696,599.948404705883,605.0409477117964,596.4731398679459,591.8698021963176,0,0,0,0,571.6105211298676,600.1472235294121,628.6839259289567,591.8882292234792,556.8950926770422,0,0,0,0,590.0292809189609,601.1316235294116,612.2339661398623,596.4731398679459,591.8698021963176,0,0,0,0,581.0654132256194,592.8843529411765,604.7032926567337,598.2140257980459,570.3388297183919,0,0,0,0,15.501301108717145,,,,,,,598.2140257980459,570.3388297183919,0,0,0,0,598.2140257980459,570.3388297183919,0,0,0,0,0
1759167000,598.68,599.56,597.44,598.73,231.50587762081017,185.20470209664813,347.2588164312152,,598.73,40,35,15,15,595.09521164791,599.889350588235,604.6834895285599,596.4731398679459,591.8698021963176,0,0,0,0,571.6105211298676,600.1472235294121,628.6839259289567,591.8882292234792,556.8950926770422,0,0,0,0,590.6555333371687,601.8212705882349,612.9870078393012,596.4731398679459,591.8698021963176,0,0,0,0,582.0212418284596,594.0763764705879,606.1315111127162,598.2140257980459,570.3388297183919,0,0,0,0,15.229961355249868,,,,,,,598.2140257980459,570.3388297183919,0,0,0,0,598.2140257980459,570.3388297183919,0,0,0,0,0
1759239000,598.42,599.41,596.1,596.71,236.0383957795831,188.8307166236665,354.0575936693747,,596.71,35,15,10,10,595.1249567082679,599.4904376470588,603.8559185858497,596.4731398679459,591.8698021963176,0,0,0,0,571.6105211298676,600.1472235294121,628.6839259289567,591.8882292234792,556.8950926770422,0,0,0,0,591.1429506075483,602.3106235294117,613.4782964512751,596.4731398679459,591.8698021963176,0,0,0,0,582.0212418284596,594.0763764705879,606.1315111127162,598.2140257980459,570.3388297183919,0,0,0,0,15.229961355249868,,,,,,,598.2140257980459,570.3388297183919,0,0,0,0,598.2140257980459,570.3388297183919,0,0,0,0,0
1759253400,596.7,600.71,596.33,600.31,236.0383957795831,188.8307166236665,354.0575936693747,,600.31,55,20,15,15,595.452811113315,599.5619011764707,603.6709912396263,596.4731398679459,591.8698021963176,0,0,0,0,573.5113049237792,600.9644705882356,628.417636252692,591.8882292234792,556.8950926770422,0,0,0,0,591.7565873940013,602.9363529411769,614.1161184883525,596.4731398679459,591.8698021963176,0,0,0,0,583.0545973414693,595.4239764705889,607.7933555997084,598.2140257980459,570.3388297183919,0,0,0,0,15.229961355249868,,,,,,,598.2140257980459,570.3388297183919,0,0,0,0,598.2140257980459,570.3388297183919,0,0,0,0,0
1759325400,597.19,602.68,596.34,602.53,235.48888476500252,188.39110781200202,353.2333271475038,,602.53,10,10,10,25,595.8963064549018,599.7887294117653,603.6811523686288,597.5568212962331,591.8698021963176,0,0,0,0,573.5113049237792,600.9644705882356,628.417636252692,591.8882292234792,556.8950926770422,0,0,0,0,592.4573152837752,603.7073647058824,614.9574141279895,597.5568212962331,591.8698021963176,0,0,0,0,583.0545973414693,595.4239764705889,607.7933555997084,598.2140257980459,570.3388297183919,0,0,0,0,15.229961355249868,,,,,,,598.2140257980459,570.3388297183919,0,0,0,0,598.2140257980459,570.3388297183919,0,0,0,0,0
1759339800,602.55,603.79,602.08,603.28,235.48888476500252,188.39110781200202,353.2333271475038,,603.28,15,10,15,40,596.4851540084853,600.4618399999997,604.4385259915141,600.4932285666499,591.8698021963176,0,0,0,0,573.5113049237792,600.9644705882356,628.417636252692,591.8882292234792,556.8950926770422,0,0,0,0,593.1731344733946,604.5112470588238,615.8493596442529,600.4932285666499,591.8698021963176,0,0,0,0,584.1220283198026,596.7932235294121,609.4644187390217,598.2534086230814,570.3388297183919,0,0,0,0,15.23125607328578,,,,,,,598.2534086230814,570.3388297183919,0,0,0,0,598.2534086230814,570.3388297183919,0,0,0,0,0
1759411800,607.07,607.16,602.93,605.23,244.90386315301703,195.92309052241364,367.35579472952554,,605.23,10,10,10,20,597.1464114366465,601.2833035294119,605.4201956221773,600.4932285666499,591.8698021963176,0,0,0,0,573.5113049237792,600.9644705882356,628.417636252692,591.8882292234792,556.8950926770422,0,0,0,0,593.950685737541,605.4128235294118,616.8749613212825,600.4932285666499,591.8698021963176,0,0,0,0,584.1220283198026,596.7932235294121,609.4644187390217,599.0745937214326,570.3388297183919,0,0,0,0,15.2582526931752,,,,,,,599.0745937214326,570.3388297183919,0,0,0,0,599.0745937214326,570.3388297183919,0,0,0,0,0
1759426200,605.24,606.15,605.05,605.705,244.90386315301703,195.92309052241364,367.35579472952554,,605.705,30,35,40,80,597.8496024515158,602.1531552941173,606.4567081367187,602.8732091079781,597.0782580615772,0,0,0,0,575.5534024373462,602.1092470588235,628.6650916803007,597.0968576939372,556.8950926770422,0,0,0,0,594.7189102504151,606.294058823529,617.8692073966429,602.8732091079781,597.0782580615772,0,0,0,0,585.2849433445609,598.3586117647062,611.4322801848515,601.3914084556161,570.3388297183919,0,0,0,0,16.503540884931752,,,,,,,601.3914084556161,570.3388297183919,0,0,0,0,601.3914084556161,570.3388297183919,0,0,0,0,0
1759498200,606.51,607.32,603.78,603.88,249.1266622369231,199.3013297895385,373.6899933553847,,603.88,10,20,20,45,598.4340489359355,602.7931411764705,607.1522334170055,602.8732091079781,597.0782580615772,0,0,0,0,575.5534024373462,602.1092470588235,628.6650916803007,597.0968576939372,556.8950926770422,0,0,0,0,595.416308590017,607.0947294117647,618.7731502335123,602.8732091079781,597.0782580615772,0,0,0,0,585.2849433445609,598.3586117647062,611.4322801848515,601.3914084556161,570.3388297183919,0,0,0,0,16.503540884931752,,,,,,,601.3914084556161,570.3388297183919,0,0,0,0,601.3914084556161,570.3388297183919,0,0,0,0,0
1759512600,603.86,604.65,601.39,603.14,249.1266622369231,199.3013297895385,373.6899933553847,,603.14,15,35,65,50,598.7824989175599,602.766835294118,606.7511716706761,602.8732091079781,597.0782580615772,0,0,0,0,575.5534024373462,602.1092470588235,628.6650916803007,597.0968576939372,556.8950926770422,0,0,0,0,596.0385020501825,607.7782235294121,619.5179450086417,602.8732091079781,597.0782580615772,0,0,0,0,586.3298744653601,599.6753647058823,613.0208549464045,601.3914084556161,578.4249490242211,0,0,0,0,20.055401214102105,,,,,,,601.3914084556161,578.4249490242211,0,0,0,0,601.3914084556161,578.4249490242211,0,0,0,0,0
1759757400,608.45,608.86,605.98,608.62,255.2605912841281,204.2084730273025,382.89088692619214,,608.62,10,35,45,50,599.4870509029139,603.4988352941176,607.5106196853213,604.5418345926323,597.0782580615772,0,0,0,0,575.5534024373462,602.1092470588235,628.6650916803007,597.0968576939372,556.8950926770422,0,0,0,0,596.8034159679999,608.5126588235285,620.221901679057,604.5418345926323,597.0782580615772,0,0,0,0,586.3298744653601,599.6753647058823,613.0208549464045,602.2079061140629,578.4249490242211,0,0,0,0,20.081868487205906,,,,,,,602.2079061140629,578.4249490242211,0,0,0,0,602.2079061140629,578.4249490242211,0,0,0,0,0
1759771800,608.64,609.36,607.63,607.71,255.2605912841281,204.2084730273025,382.89088692619214,,607.71,40,60,65,70,600.3131555669669,604.6423411764708,608.9715267859748,605.8224178360157,600.0889240428905,0,0,0,0,577.512779794255,604.2354823529408,630.9581849116266,600.1128007667112,556.8950926770422,0,0,0,0,597.4904849622656,609.1265529411764,620.7626209200873,605.8224178360157,600.0889240428905,0,0,0,0,587.5449121931025,601.3084470588241,615.0719819245456,604.0037699630584,578.4249490242211,0,0,0,0,20.817037457002797,,,,,,,604.0037699630584,578.4249490242211,0,0,0,0,604.0037699630584,578.4249490242211,0,0,0,0,0
1759843800,609.02,609.71,603.03,604.65,257.70907212514874,206.167257700119,386.5636081877231,,604.65,20,15,35,35,600.713907456158,605.0596352941178,609.4053631320776,605.8224178360157,600.0889240428905,0,0,0,0,577.512779794255,604.2354823529408,630.9581849116266,600.1128007667112,556.8950926770422,0,0,0,0,598.010030874074,609.1140235294115,620.218016184749,605.8224178360157,600.0889240428905,0,0,0,0,587.5449121931025,601.3084470588241,615.0719819245456,604.0037699630584,578.4249490242211,0,0,0,0,20.817037457002797,,,,,,,604.0037699630584,578.4249490242211,0,0,0,0,604.0037699630584,578.4249490242211,0,0,0,0,0
1759858200,604.61,605.11,603.21,604.47,257.70907212514874,206.167257700119,386.5636081877231,,604.47,25,15,40,40,601.0647397257179,605.4314235294119,609.7981073331058,605.8224178360157,600.0889240428905,0,0,0,0,577.512779794255,604.2354823529408,630.9581849116266,600.1128007667112,556.8950926770422,0,0,0,0,598.4777955083279,609.1029999999996,619.7282044916714,605.8224178360157,600.0889240428905,0,0,0,0,588.6225677553923,602.6665882352947,616.7106087151972,604.0037699630584,578.4249490242211,0,0,0,0,20.817037457002797,,,,,,,604.0037699630584,578.4249490242211,0,0,0,0,604.0037699630584,578.4249490242211,0,0,0,0,0
1759930200,605.41,610.06,605.27,609.84,250.75317387423024,200.60253909938422,376.12976081134536,,609.84,20,20,20,60,601.9971744701755,606.6904352941176,611.3836961180597,606.469771585473,600.0889240428905,0,0,0,0,577.512779794255,604.2354823529408,630.9581849116266,600.1128007667112,556.8950926770422,0,0,0,0,599.1679545370469,609.5667529411762,619.9655513453056,606.469771585473,600.0889240428905,0,0,0,0,588.6225677553923,602.6665882352947,616.7106087151972,604.0037699630584,578.4249490242211,0,0,0,0,20.817037457002797,,,,,,,604.0037699630584,578.4249490242211,0,0,0,0,604.0037699630584,578.4249490242211,0,0,0,0,0
1759944600,609.85,611.74,609.71,611.44,250.75317387423024,200.60253909938422,376.12976081134536,,611.44,40,5,55,65,603.1668769155191,608.2693058823525,613.3717348491858,608.4411295813517,600.0889240428905,0,0,0,0,579.5656481071375,606.5809882352945,633.5963283634516,600.1128007667112,556.8950926770422,0,0,0,0,599.8989251596828,610.0842941176475,620.2696630756121,608.4411295813517,600.0889240428905,0,0,0,0,589.9289047043936,604.4420470588238,618.9551894132541,605.9992087649655,578.4249490242211,0,0,0,0,20.881720831395405,,,,,,,605.9992087649655,578.4249490242211,0,0,0,0,605.9992087649655,578.4249490242211,0,0,0,0,0
1760016600,611.48,611.61,607.69,607.84,254.92234834856566,203.93787867885254,382.38352252284847,,607.84,10,-10,35,20,604.1556705998647,609.4430235294118,614.7303764589589,608.4411295813517,600.0889240428905,0,0,0,0,579.5656481071375,606.5809882352945,633.5963283634516,600.1128007667112,556.8950926770422,0,0,0,0,600.4165530393619,610.3471529411759,620.2777528429898,608.4411295813517,600.0889240428905,0,0,0,0,589.9289047043936,604.4420470588238,618.9551894132541,605.9992087649655,578.4249490242211,0,0,0,0,20.881720831395405,,,,,,,605.9992087649655,578.4249490242211,0,0,0,0,605.9992087649655,578.4249490242211,0,0,0,0,0
1760031000,607.84,610.76,607.47,610.72,254.92234834856566,203.93787867885254,382.38352252284847,,610.72,15,5,55,40,605.1278037014797,610.6723411764702,616.2168786514608,608.4411295813517,601.5846633098508,0,0,0,0,579.5656481071375,606.5809882352945,633.5963283634516,601.5830697100819,556.8950926770422,0,0,0,0,601.0418198769884,610.8409529411762,620.640086005364,608.4411295813517,601.5846633098508,0,0,0,0,591.1832246495098,606.0864941176477,620.9897635857856,605.9992087649655,578.4249490242211,0,0,0,0,20.510262148991504,,,,,,,605.9992087649655,578.4249490242211,0,0,0,0,605.9992087649655,578.4249490242211,0,0,0,0,0
1760103000,611.4,613.16,594.33,597.05,251.40721078461428,201.12576862769143,377.1108161769214,,597.05,-10,-10,15,-25,604.2266447699309,609.7630705882351,609.7630705882351,605.1215922211629,601.5846633098508,0,0,0,0,579.5656481071375,606.5809882352945,633.5963283634516,601.5830697100819,556.8950926770422,0,0,0,0,600.812898142478,610.1651058823534,610.1651058823534,605.1215922211629,601.5846633098508,0,0,0,0,591.1832246495098,606.0864941176477,620.9897635857856,605.9992087649655,578.4249490242211,0,0,0,0,20.510262148991504,,,,,,,605.9992087649655,578.4249490242211,0,0,0,0,605.9992087649655,578.4249490242211,0,0,0,0,0
1760117400,597.05,597.9,589.05,589.48,251.40721078461428,201.12576862769143,377.1108161769214,,589.48,25,-10,10,-60,601.7826221958699,607.6413294117646,607.6413294117646,596.8788728845741,601.5846633098508,0,0,0,0,580.449169900868,607.1164000000005,633.7836300991329,601.5830697100819,561.8186574858248,0,0,0,0,599.9335274812801,608.9051647058817,608.9051647058817,596.8788728845741,601.5846633098508,0,0,0,0,591.1610597280709,605.8640000000001,605.8640000000001,602.9667307492665,578.4249490242211,0,0,0,0,4.228605662302512,,,,,,,602.9667307492665,578.4249490242211,0,0,1,0,602.9667307492665,578.4249490242211,0,0,0,0,0
1760362200,599.68,602.83,597.23,601.52,237.51218094156485,190.00974475325188,356.2682714123473,,601.52,25,-10,0,-10,601.326317507209,607.0595882352945,607.0595882352945,596.8788728845741,601.5846633098508,0,0,0,0,580.449169900868,607.1164000000005,633.7836300991329,601.5830697100819,561.8186574858248,0,0,0,0,599.993696914522,608.6605176470584,617.3273383795948,596.8788728845741,601.5846633098508,0,0,0,0,591.1610597280709,605.8640000000001,605.8640000000001,602.9667307492665,578.4249490242211,0,0,0,0,4.228605662302512,,,,,,,602.9667307492665,578.4249490242211,0,0,0,0,602.9667307492665,578.4249490242211,0,0,0,0,0
1760376600,601.57,602.95,601.03,602.04,237.51218094156485,190.00974475325188,356.2682714123473,,602.04,20,-5,-5,-15,600.8693035296238,606.2805764705872,606.2805764705872,596.8788728845741,601.5846633098508,0,0,0,0,580.449169900868,607.1164000000005,633.7836300991329,601.5830697100819,561.8186574858248,0,0,0,0,600.0706557698811,608.4005294117651,616.7304030536491,596.8788728845741,601.5846633098508,0,0,0,0,591.8114234537366,606.1100470588243,620.4086706639121,602.9667307492665,578.4249490242211,0,0,0,0,3.8224326982515855,,,,,,,602.9667307492665,578.4249490242211,0,0,0,0,602.9667307492665,578.4249490242211,0,0,0,0,0
1760448600,595.31,602.69,590.12,602.17,237.92689492607101,190.34151594085682,356.89034238910654,,602.17,15,-10,-10,-20,599.9468126743003,605.0924823529411,605.0924823529411,596.8788728845741,601.5846633098508,0,0,0,0,580.449169900868,607.1164000000005,633.7836300991329,601.5830697100819,561.8186574858248,0,0,0,0,600.1376527111628,608.1367529411764,616.13585317119,596.8788728845741,601.5846633098508,0,0,0,0,591.8114234537366,606.1100470588243,620.4086706639121,602.9667307492665,578.4249490242211,0,0,0,0,3.8224326982515855,,,,,,,602.9667307492665,578.4249490242211,0,0,0,0,602.9667307492665,578.4249490242211,0,0,0,0,0
1760463000,602.18,602.36,596.37,598.08,237.92689492607101,190.34151594085682,356.89034238910654,,598.08,20,-10,-5,-15,599.0688223448651,604.0007411764702,604.0007411764702,596.8788728845741,601.5846633098508,0,0,0,0,581.686034271053,607.7942117647062,633.9023892583594,601.5830697100819,561.8186574858248,0,0,0,0,599.897455080302,607.5292117647058,607.5292117647058,596.8788728845741,601.5846633098508,0,0,0,0,592.2232819279204,606.340282352941,620.4572827779616,602.9667307492665,578.4249490242211,0,0,0,0,3.8224326982515855,,,,,,,602.9667307492665,578.4249490242211,0,0,0,0,602.9667307492665,578.4249490242211,0,0,0,0,0
1760535000,604.01,606.71,595.93,597.93,233.40054820764868,186.72043856611896,350.10082231147305,,597.93,-10,-10,-10,5,598.438161886519,603.235894117647,603.235894117647,596.8979227952707,601.5846633098508,0,0,0,0,581.686034271053,607.7942117647062,633.9023892583594,601.5830697100819,561.8186574858248,0,0,0,0,599.6364194516747,606.8870117647059,606.8870117647059,596.8979227952707,601.5846633098508,0,0,0,0,592.2232819279204,606.340282352941,620.4572827779616,602.9667307492665,578.4249490242211,0,0,0,0,3.8224326982515855,,,,,,,602.9667307492665,578.4249490242211,0,0,0,0,602.9667307492665,578.4249490242211,0,0,0,0,0
1760549400,597.95,602.995,597.74,602.16,233.40054820764868,186.72043856611896,350.10082231147305,,602.16,-5,-10,-5,-5,598.0757491842,602.806529411765,607.53730963933,596.8979227952707,601.5846633098508,0,0,0,0,581.686034271053,607.7942117647062,633.9023892583594,601.5830697100819,561.8186574858248,0,0,0,0,599.6834720279658,606.523682352941,613.3638926779163,596.8979227952707,601.5846633098508,0,0,0,0,592.8103442444833,606.6652235294116,620.5201028143399,602.9667307492665,578.4249490242211,0,0,0,0,3.8224326982515855,,,,,,,602.9667307492665,578.4249490242211,0,0,0,0,602.9667307492665,578.4249490242211,0,0,0,0,0
1760621400,605.11,608.31,597.62,602.39,228.5752643884809,182.86021151078472,342.8628965827213,,602.39,-10,-10,-10,15,597.8447773033093,602.4800352941177,607.115293284926,599.4651065429957,601.5846633098508,0,0,0,0,581.686034271053,607.7942117647062,633.9023892583594,601.5830697100819,561.8186574858248,0,0,0,0,599.7140362716337,606.2645176470588,612.8149990224839,599.4651065429957,601.5846633098508,0,0,0,0,592.8103442444833,606.6652235294116,620.5201028143399,602.9667307492665,578.4249490242211,0,0,0,0,3.8224326982515855,,,,,,,602.9667307492665,578.4249490242211,0,0,0,0,602.9667307492665,578.4249490242211,0,0,0,0,0
1760635800,602.35,603.05,595.49,599.98,228.5752643884809,182.86021151078472,342.8628965827213,,599.98,-5,-5,-5,5,596.7082244992947,601.2646705882355,601.2646705882355,599.4651065429957,601.5846633098508,0,0,0,0,582.9673522506903,608.274635294118,633.5819183375456,601.5830697100819,561.8186574858248,0,0,0,0,599.5657343277474,605.7744352941179,605.7744352941179,599.4651065429957,601.5846633098508,0,0,0,0,593.2736212411166,607.0003058823532,620.7269905235898,602.9667307492665,578.4249490242211,0,0,0,0,3.624423823325568,,,,,,,602.9667307492665,578.4249490242211,0,0,0,0,602.9667307492665,578.4249490242211,0,0,0,0,0
1760707800,597.95,603.58,596.38,600.86,223.1938456242542,178.55507649940338,334.7907684363813,,600.86,-10,-10,-10,0,595.7587939635607,600.341823529412,600.341823529412,599.4651065429957,601.5846633098508,0,0,0,0,582.9673522506903,608.274635294118,633.5819183375456,601.5830697100819,561.8186574858248,0,0,0,0,599.4639746620046,605.4093176470589,611.3546606321131,599.4651065429957,601.5846633098508,0,0,0,0,593.2736212411166,607.0003058823532,620.7269905235898,602.9667307492665,578.4249490242211,0,0,0,0,3.624423823325568,,,,,,,602.9667307492665,578.4249490242211,0,0,0,0,602.9667307492665,578.4249490242211,0,0,0,0,0
1760722200,600.88,605.5,600.24,603.88,223.1938456242542,178.55507649940338,334.7907684363813,,603.88,-5,-10,-5,5,595.7475569212178,600.3103176470594,604.873078372901,599.4651065429957,601.5846633098508,0,0,0,0,582.9673522506903,608.274635294118,633.5819183375456,601.5830697100819,561.8186574858248,0,0,0,0,599.5596301553406,605.253188235294,610.9467463152474,599.4651065429957,601.5846633098508,0,0,0,0,593.9372906023804,607.6412470588238,621.3452035152671,602.9667307492665,578.4249490242211,0,0,0,0,4.334437932855231,,,,,,,602.9667307492665,578.4249490242211,0,0,0,0,602.9667307492665,578.4249490242211,0,0,0,0,0
1760967000,607.14,612.72,607.06,612.36,224.0958182790478,179.27665462323824,336.1437274185717,,612.36,10,-10,10,55,596.7506243462414,601.6150705882357,606.47951683023,606.2171253586135,601.5846633098508,0,0,0,0,582.9673522506903,608.274635294118,633.5819183375456,601.5830697100819,561.8186574858248,0,0,0,0,600.0585911575778,605.8605882352941,611.6625853130105,606.2171253586135,601.5846633098508,0,0,0,0,593.9372906023804,607.6412470588238,621.3452035152671,602.9667307492665,578.4249490242211,0,0,0,0,19.33443793285523,,,,,,,602.9667307492665,578.4249490242211,0,0,0,0,602.9667307492665,578.4249490242211,0,0,0,0,0
1760981400,612.38,612.8,611.45,611.54,224.0958182790478,179.27665462323824,336.1437274185717,,611.54,15,-10,15,40,597.7773743020053,602.8791411764709,607.9809080509364,607.0036438041107,601.5846633098508,0,0,0,0,584.7065396633683,609.8251529411763,634.9437662189843,601.5830697100819,561.8186574858248,0,0,0,0,600.5190772704756,606.4076117647056,612.2961462589357,607.0036438041107,601.5846633098508,0,0,0,0,595.0170337012933,609.0038588235291,622.9906839457649,605.137087120426,578.4249490242211,0,0,0,0,19.404791367692177,,,,,,,605.137087120426,578.4249490242211,0,0,0,0,605.137087120426,578.4249490242211,0,0,0,0,0
1761053400,611.63,612.72,609.32,611.2,228.05206927119846,182.44165541695878,342.0781039067977,,611.2,10,-10,10,20,598.8050234107117,604.076423529412,609.3478236481122,607.0036438041107,601.5846633098508,0,0,0,0,584.7065396633683,609.8251529411763,634.9437662189843,601.5830697100819,561.8186574858248,0,0,0,0,600.9430797893464,606.866705882353,612.7903319753597,607.0036438041107,601.5846633098508,0,0,0,0,595.0170337012933,609.0038588235291,622.9906839457649,605.137087120426,578.4249490242211,0,0,0,0,19.404791367692177,,,,,,,605.137087120426,578.4249490242211,0,0,0,0,605.137087120426,578.4249490242211,0,0,0,0,0
1761067800,611.22,612.43,610.95,611.41,228.05206927119846,182.44165541695878,342.0781039067977,,611.41,15,-5,15,40,599.7943735088503,605.24465882353,610.6949441382097,607.4511089308935,601.5846633098508,0,0,0,0,584.7065396633683,609.8251529411763,634.9437662189843,601.5830697100819,561.8186574858248,0,0,0,0,601.3554036374945,607.2889058823533,613.2224081272121,607.4511089308935,601.5846633098508,0,0,0,0,596.0147597421239,610.1990117647058,624.3832637872877,605.1754985885306,578.4249490242211,0,0,0,0,19.406036499023696,,,,,,,605.1754985885306,578.4249490242211,0,0,0,0,605.1754985885306,578.4249490242211,0,0,0,0,0
1761139800,610.82,611.4,601.26,602.27,223.41511834557346,178.7320946764588,335.1226775183602,,602.27,-10,-10,-10,0,599.5196931558247,604.973317647059,604.973317647059,607.4511089308935,601.5846633098508,0,0,0,0,584.7065396633683,609.8251529411763,634.9437662189843,601.5830697100819,561.8186574858248,0,0,0,0,601.2049609584942,606.8421411764704,606.8421411764704,607.4511089308935,601.5846633098508,0,0,0,0,596.0147597421239,610.1990117647058,624.3832637872877,605.1754985885306,578.4249490242211,0,0,0,0,19.406036499023696,,,,,,,605.1754985885306,578.4249490242211,0,0,0,0,605.1754985885306,578.4249490242211,0,0,0,0,0
1761154200,602.21,605.84,599.75,605.37,223.41511834557346,178.7320946764588,335.1226775183602,,605.37,-5,-10,-5,-5,599.8758648799583,605.2891294117653,605.2891294117653,607.4511089308935,601.5846633098508,0,0,0,0,586.0833301138521,610.6959529411769,635.3085757685017,601.5830697100819,561.8186574858248,0,0,0,0,601.259281912623,606.6673529411765,612.0754239697301,607.4511089308935,601.5846633098508,0,0,0,0,596.8205073172188,611.1341647058828,625.4478220945467,605.1754985885306,578.4249490242211,0,0,0,0,19.406036499023696,,,,,,,605.1754985885306,578.4249490242211,0,0,0,0,605.1754985885306,578.4249490242211,0,0,0,0,0
1761226200,604.91,610.41,604.52,609.47,221.86029002739798,177.4882320219184,332.790435041097,,609.47,-10,-10,-10,-10,600.8463307258435,606.2879764705881,611.7296222153327,607.4511089308935,601.5846633098508,0,0,0,0,586.0833301138521,610.6959529411769,635.3085757685017,601.5830697100819,561.8186574858248,0,0,0,0,601.5908661892036,607.0506588235295,612.5104514578554,607.4511089308935,601.5846633098508,0,0,0,0,596.8205073172188,611.1341647058828,625.4478220945467,605.1754985885306,578.4249490242211,0,0,0,0,19.406036499023696,,,,,,,605.1754985885306,578.4249490242211,0,0,0,0,605.1754985885306,578.4249490242211,0,0,0,0,0
1761240600,609.47,611.36,609.43,610.62,221.86029002739798,177.4882320219184,332.790435041097,,610.62,-5,-10,-5,-5,601.6931660874232,607.2719764705885,612.8507868537538,607.4511089308935,601.5846633098508,0,0,0,0,586.0833301138521,610.6959529411769,635.3085757685017,601.5830697100819,561.8186574858248,0,0,0,0,601.9369868408072,607.4335882352938,612.9301896297803,607.4511089308935,601.5846633098508,0,0,0,0,597.8613966797368,612.4162823529416,626.9711680261464,605.1754985885306,578.4249490242211,0,0,0,0,19.406036499023696,,,,,,,605.1754985885306,578.4249490242211,0,0,0,0,605.1754985885306,578.4249490242211,0,0,0,0,0
1761312600,615.99,618.28,615.14,617.92,227.03092068494354,181.62473654795485,340.5463810274153,,617.92,10,-10,10,35,603.0812842526299,609.2040235294118,615.3267628061936,613.1089518444782,601.5846633098508,0,0,0,0,586.0833301138521,610.6959529411769,635.3085757685017,601.5830697100819,561.8186574858248,0,0,0,0,602.5891057817004,608.457835294118,614.3265648065357,613.1089518444782,601.5846633098508,0,0,0,0,597.8613966797368,612.4162823529416,626.9711680261464,609.228296166462,578.4249490242211,0,0,0,0,19.537410421802107,,,,,,,609.228296166462,578.4249490242211,0,0,0,0,609.228296166462,578.4249490242211,0,0,0,0,0
1761327000,617.91,618.42,616.75,617,227.03092068494354,181.62473654795485,340.5463810274153,,617,30,60,40,80,604.8747125647376,611.4104000000004,617.9460874352633,613.9790267127297,606.8167125068535,0,0,0,0,587.9176252314666,612.5925882352941,637.2675512391216,606.8316441815888,562.7780390939802,0,0,0,0,603.2472488849729,609.4176588235295,615.588068762086,613.9790267127297,606.8167125068535,0,0,0,0,599.1513125649683,614.1155058823527,629.0796991997372,611.1412750117147,581.5203363725269,0,0,0,0,20.4315718924978,,,,,,,611.1412750117147,581.5203363725269,0,0,0,0,611.1412750117147,581.5203363725269,0,0,0,0,0
1761571800,624.52,626.98,624.04,626.59,236.4591242092879,189.16729936743033,354.68868631393184,,626.59,10,45,20,60,607.399639940582,615.0478117647059,622.6959835888298,622.6970359649661,606.8167125068535,0,0,0,0,587.9176252314666,612.5925882352941,637.2675512391216,606.8316441815888,562.7780390939802,0,0,0,0,604.2005985412238,611.1800470588234,618.1594955764231,622.6970359649661,606.8167125068535,0,0,0,0,599.1513125649683,614.1155058823527,629.0796991997372,618.1190410823065,581.5203363725269,0,0,0,0,20.656556481411272,,,,,,,618.1190410823065,581.5203363725269,0,0,0,0,618.1190410823065,581.5203363725269,0,0,0,0,0
1761586200,626.6,628.55,626.48,628.09,236.4591242092879,189.16729936743033,354.68868631393184,,628.09,15,60,40,80,609.7744984270084,618.4873882352938,627.2002780435791,623.8841534595881,615.4926616135068,0,0,0,0,587.9176252314666,612.5925882352941,637.2675512391216,615.5000981686181,562.7780390939802,0,0,0,0,605.2493776079625,613.0133058823533,620.777234156744,623.8841534595881,615.4926616135068,0,0,0,0,600.7563350810107,616.4785176470589,632.2007002131071,620.8341095764275,581.5203363725269,0,0,0,0,22.669470033739845,,,,,,,620.8341095764275,581.5203363725269,0,0,0,0,620.8341095764275,581.5203363725269,0,0,0,0,0
1761658200,630.36,632.58,629.24,632.12,235.5053194969348,188.40425559754783,353.25797924540217,,632.12,10,45,20,60,612.5373829796919,622.434870588235,632.332358196778,625.9999282124746,615.4926616135068,0,0,0,0,587.9176252314666,612.5925882352941,637.2675512391216,615.5000981686181,562.7780390939802,0,0,0,0,606.3214691173591,614.9742823529413,623.6270955885234,625.9999282124746,615.4926616135068,0,0,0,0,600.7563350810107,616.4785176470589,632.2007002131071,623.6766731781113,581.5203363725269,0,0,0,0,22.76112300646998,,,,,,,623.6766731781113,581.5203363725269,0,0,0,0,623.6766731781113,581.5203363725269,0,0,0,0,0
1761672600,632.15,634.69,632.09,632.91,235.5053194969348,188.40425559754783,353.25797924540217,,632.91,40,60,40,70,614.68916428115,625.5915294117647,636.4938945423793,629.7262471876119,620.8517572125421,0,0,0,0,590.2508484791168,615.405905882353,640.5609632855891,620.8386625851455,562.7780390939802,0,0,0,0,607.4368735686065,616.8802000000003,626.323526431394,629.7262471876119,620.8517572125421,0,0,0,0,602.4891047389626,619.0879529411768,635.686801143391,626.7383393796748,581.5203363725269,0,0,0,0,24.045602055326494,,,,,,,626.7383393796748,581.5203363725269,0,0,0,0,626.7383393796748,581.5203363725269,0,0,0,0,0
1761744600,635.6,637,634.03,634.66,232.96720987368536,186.3737678989483,349.4508148105281,,634.66,20,20,20,60,616.6687732712701,628.00785882353,639.3469443757899,631.6879438170681,620.8517572125421,0,0,0,0,590.2508484791168,615.405905882353,640.5609632855891,620.8386625851455,562.7780390939802,0,0,0,0,608.570939223841,618.7486588235297,628.9263784232184,631.6879438170681,620.8517572125421,0,0,0,0,602.4891047389626,619.0879529411768,635.686801143391,628.7684579954122,581.5203363725269,0,0,0,0,24.111059308777886,,,,,,,628.7684579954122,581.5203363725269,0,0,0,0,628.7684579954122,581.5203363725269,0,0,0,0,0
1761759000,634.64,636.05,630.23,635.97,232.96720987368536,186.3737678989483,349.4508148105281,,635.97,25,40,70,55,618.7669836943974,630.8277411764709,642.8884986585444,631.6879438170681,621.9687745545034,0,0,0,0,590.2508484791168,615.405905882353,640.5609632855891,621.9451866862065,562.7780390939802,0,0,0,0,609.7551956700363,620.6331882352945,631.5111808005527,631.6879438170681,621.9687745545034,0,0,0,0,604.1708806291457,621.4741647058825,638.7774487826192,628.7684579954122,581.5203363725269,0,0,0,0,24.35683207001659,,,,,,,628.7684579954122,581.5203363725269,0,0,0,0,628.7684579954122,581.5203363725269,0,0,0,0,0
1761831000,632.15,633.49,627.77,630.67,226.94211233868717,181.55368987094974,340.41316850803076,,630.67,20,20,35,45,620.3739259139838,632.7400941176475,645.1062623213111,631.6879438170681,621.9687745545034,0,0,0,0,590.2508484791168,615.405905882353,640.5609632855891,621.9451866862065,562.7780390939802,0,0,0,0,610.7160158073195,621.8785882352944,633.0411606632692,631.6879438170681,621.9687745545034,0,0,0,0,604.1708806291457,621.4741647058825,638.7774487826192,628.7684579954122,581.5203363725269,0,0,0,0,24.35683207001659,,,,,,,628.7684579954122,581.5203363725269,0,0,0,0,628.7684579954122,581.5203363725269,0,0,0,0,0
1761845400,630.64,631,625.99,626,226.94211233868717,181.55368987094974,340.41316850803076,,626,40,0,40,40,621.3116707235471,633.5754588235295,645.839246923512,631.6879438170681,621.9687745545034,0,0,0,0,592.2850721544601,617.6677647058831,643.0504572573061,621.9451866862065,562.7780390939802,0,0,0,0,611.4552104764614,622.7043882352943,633.9535659941273,631.6879438170681,621.9687745545034,0,0,0,0,605.430040196774,622.8140000000004,640.1979598032268,628.7684579954122,581.5203363725269,0,0,0,0,24.35683207001659,,,,,,,628.7684579954122,581.5203363725269,0,0,0,0,628.7684579954122,581.5203363725269,0,0,0,0,0
1761917400,634.17,634.2,626.8,627.19,223.3284883508699,178.66279068069593,334.99273252630485,,627.19,10,-10,35,10,622.4502308481831,634.6807058823524,646.9111809165217,631.6879438170681,621.9687745545034,0,0,0,0,592.2850721544601,617.6677647058831,643.0504572573061,621.9451866862065,562.7780390939802,0,0,0,0,612.2421666994504,623.6316941176467,635.021221535843,631.6879438170681,621.9687745545034,0,0,0,0,605.430040196774,622.8140000000004,640.1979598032268,628.7684579954122,581.5203363725269,0,0,0,0,24.35683207001659,,,,,,,628.7684579954122,581.5203363725269,0,0,0,0,628.7684579954122,581.5203363725269,0,0,0,0,0
1761931800,627.18,632.24,626.71,629.22,223.3284883508699,178.66279068069593,334.99273252630485,,629.22,15,30,40,15,623.554135834027,635.7163529411765,647.8785700483261,631.6879438170681,621.9687745545034,0,0,0,0,592.2850721544601,617.6677647058831,643.0504572573061,621.9451866862065,562.7780390939802,0,0,0,0,613.0907918691468,624.6591647058826,636.2275375426185,631.6879438170681,621.9687745545034,0,0,0,0,606.7501928667499,624.142,641.5338071332502,628.7684579954122,605.6895980602035,0,0,0,0,22.985286672148096,,,,,,,628.7684579954122,605.6895980602035,0,0,0,0,628.7684579954122,605.6895980602035,0,0,0,0,0
1762180200,635.1,635.8,629.85,632.83,227.94248468509664,182.35398774807732,341.913727027645,,632.83,10,35,10,10,624.6538077467457,636.764611764706,648.8754157826664,631.6879438170681,621.9687745545034,0,0,0,0,592.2850721544601,617.6677647058831,643.0504572573061,621.9451866862065,562.7780390939802,0,0,0,0,614.1030553703433,625.994094117647,637.8851328649507,631.6879438170681,621.9687745545034,0,0,0,0,606.7501928667499,624.142,641.5338071332502,628.7684579954122,605.6895980602035,0,0,0,0,22.985286672148096,,,,,,,628.7684579954122,605.6895980602035,0,0,0,0,628.7684579954122,605.6895980602035,0,0,0,0,0
1762194600,632.83,633.42,631.05,632.12,227.94248468509664,182.35398774807732,341.913727027645,,632.12,40,20,30,15,625.657360451873,637.675741176471,649.6941219010689,631.6879438170681,621.9687745545034,0,0,0,0,594.4744547622769,620.2418823529416,646.0093099436064,621.9451866862065,562.7780390939802,0,0,0,0,615.0524326745385,627.1955411764714,639.3386496784042,631.6879438170681,621.9687745545034,0,0,0,0,608.1831641520217,625.8965176470585,643.6098711420954,628.7684579954122,605.6895980602035,0,0,0,0,21.830063824302332,,,,,,,628.7684579954122,605.6895980602035,0,0,0,0,628.7684579954122,605.6895980602035,0,0,0,0,0
1762266600,623.28,626.95,620.15,620.51,219.6784405338199,175.74275242705593,329.51766080072986,,620.51,-10,15,-10,-35,625.1480481997583,636.424,636.424,628.8869384928946,621.9687745545034,0,0,0,0,594.4744547622769,620.2418823529416,646.0093099436064,621.9451866862065,562.7780390939802,0,0,0,0,615.3053046598401,627.3361411764704,627.3361411764704,628.8869384928946,621.9687745545034,0,0,0,0,608.1831641520217,625.8965176470585,643.6098711420954,628.7684579954122,605.6895980602035,0,0,0,0,21.830063824302332,,,,,,,628.7684579954122,605.6895980602035,0,0,0,0,628.7684579954122,605.6895980602035,0,0,0,0,0
1762281000,620.47,621.97,618.46,619.21,219.6784405338199,175.74275242705593,329.51766080072986,,619.21,-5,15,-5,-30,624.1803207963477,634.6158823529414,634.6158823529414,624.8903449249959,621.9687745545034,0,0,0,0,594.4744547622769,620.2418823529416,646.0093099436064,621.9451866862065,562.7780390939802,0,0,0,0,615.5000073367275,627.4638000000006,627.4638000000006,624.8903449249959,621.9687745545034,0,0,0,0,608.9360461964868,626.4473882352946,643.9587302741024,627.7433222188189,605.6895980602035,0,0,0,0,21.086872337878248,,,,,,,627.7433222188189,605.6895980602035,0,0,0,0,627.7433222188189,605.6895980602035,0,0,0,0,0
1762353000,618.49,625.54,617.21,625.43,208.99309648859895,167.19447719087918,313.48964473289846,,625.43,-10,-10,-10,-20,623.867580326454,633.742964705882,633.742964705882,624.8903449249959,621.9687745545034,0,0,0,0,594.4744547622769,620.2418823529416,646.0093099436064,621.9451866862065,562.7780390939802,0,0,0,0,616.0910428311913,628.118752941177,640.1464630511628,624.8903449249959,621.9687745545034,0,0,0,0,608.9360461964868,626.4473882352946,643.9587302741024,627.7433222188189,605.6895980602035,0,0,0,0,21.086872337878248,,,,,,,627.7433222188189,605.6895980602035,0,0,0,0,627.7433222188189,605.6895980602035,0,0,0,0,0
1762367400,625.41,626.6,623.06,623.38,208.99309648859895,167.19447719087918,313.48964473289846,,623.38,-5,-10,-5,-15,623.6462988605934,633.332094117647,633.332094117647,624.8903449249959,621.9687745545034,0,0,0,0,596.2248188999253,621.6801882352944,647.1355575706635,621.9451866862065,562.7780390939802,0,0,0,0,616.5430968144879,628.5906470588238,640.6381973031598,624.8903449249959,621.9687745545034,0,0,0,0,609.861681994009,627.2876470588237,644.7136121236384,627.7433222188189,605.6895980602035,0,0,0,0,20.939408681135028,,,,,,,627.7433222188189,605.6895980602035,0,0,0,0,627.7433222188189,605.6895980602035,0,0,0,0,0
1762439400,621.79,622.03,610.31,613.33,214.018742059438,171.21499364755041,321.02811308915705,,613.33,-10,-10,-10,-55,621.474639955012,631.0929176470593,631.0929176470593,618.4275371386861,621.9687745545034,0,0,0,0,596.2248188999253,621.6801882352944,647.1355575706635,621.9451866862065,562.7780390939802,0,0,0,0,616.3157116446714,628.3128941176474,628.3128941176474,618.4275371386861,621.9687745545034,0,0,0,0,609.861681994009,627.2876470588237,644.7136121236384,627.7433222188189,605.6895980602035,0,0,0,0,5.939408681135027,,,,,,,627.7433222188189,605.6895980602035,0,0,1,0,627.7433222188189,605.6895980602035,0,0,0,0,0
1762453800,613.3,616.13,610.95,611.68,214.018742059438,171.21499364755041,321.02811308915705,,611.68,-10,-10,-10,-20,619.1456348573732,628.6906117647062,628.6906117647062,618.4275371386861,621.9687745545034,0,0,0,0,596.2248188999253,621.6801882352944,647.1355575706635,621.9451866862065,562.7780390939802,0,0,0,0,615.9543508729179,627.9069647058827,627.9069647058827,618.4275371386861,621.9687745545034,0,0,0,0,610.0583040918094,627.1423999999997,627.1423999999997,622.3535731437861,605.6895980602035,0,0,0,0,5.772561181226633,,,,,,,622.3535731437861,605.6895980602035,0,0,0,0,622.3535731437861,605.6895980602035,0,0,0,0,0
1762525800,608.35,610.39,598.68,603.79,208.70830556031024,166.9666444482482,313.06245834046535,,603.79,-10,-10,-10,-35,614.5657007711488,624.6996470588242,624.6996470588242,608.5691349494485,621.9687745545034,0,0,0,0,596.2248188999253,621.6801882352944,647.1355575706635,621.9451866862065,562.7780390939802,0,0,0,0,614.8473144724696,626.8013411764701,626.8013411764701,608.5691349494485,621.9687745545034,0,0,0,0,610.0583040918094,627.1423999999997,627.1423999999997,617.0976036335156,605.6895980602035,0,0,0,0,5.609855021779306,,,,,,,617.0976036335156,605.6895980602035,0,0,0,0,617.0976036335156,605.6895980602035,0,0,0,0,0
1762540200,603.79,609.94,602.27,609.75,208.70830556031024,166.9666444482482,313.06245834046535,,609.75,30,-35,-25,-60,611.260520302917,621.0864423529412,621.0864423529412,608.5691349494485,619.2369623775867,0,0,0,0,597.2178832808588,621.9253176470584,646.6327520132579,619.6873752873483,570.5331791586958,0,0,0,0,614.2509382391538,626.1291058823529,626.1291058823529,608.5691349494485,619.2369623775867,0,0,0,0,610.1101985132199,626.9010588235287,626.9010588235287,616.7163462311217,605.6895980602035,0,0,0,0,3.2256487869336015,,,,,,,616.7163462311217,605.6895980602035,0,0,1,0,616.7163462311217,605.6895980602035,0,0,0,0,0
1762785000,618.92,622.04,616.88,621.19,215.7579656485184,172.60637251881474,323.6369484727776,,621.19,25,-20,0,-20,610.0166873019584,619.2190588235298,628.4214303451013,611.6540214157851,619.2369623775867,0,0,0,0,597.2178832808588,621.9253176470584,646.6327520132579,619.6873752873483,570.5331791586958,0,0,0,0,614.6403944828924,626.5488000000005,638.4572055171086,611.6540214157851,619.2369623775867,0,0,0,0,610.1101985132199,626.9010588235287,626.9010588235287,616.7163462311217,605.6895980602035,0,0,0,0,3.2256487869336015,,,,,,,616.7163462311217,605.6895980602035,0,0,0,0,616.7163462311217,605.6895980602035,0,0,0,0,0
1762799400,621.24,624.31,621.21,623.24,215.7579656485184,172.60637251881474,323.6369484727776,,623.24,20,-20,-5,-15,609.3608726419459,618.1234635294121,626.8860544168783,618.0402531595289,619.2369623775867,0,0,0,0,597.2178832808588,621.9253176470584,646.6327520132579,619.6873752873483,570.5331791586958,0,0,0,0,615.1085240209721,627.0616941176469,639.0148642143216,618.0402531595289,619.2369623775867,0,0,0,0,610.8933408958113,627.3631294117645,643.8329179277176,616.7163462311217,605.6895980602035,0,0,0,0,3.2256487869336015,,,,,,,616.7163462311217,605.6895980602035,0,0,0,0,616.7163462311217,605.6895980602035,0,0,0,0,0
1762871400,620.6,622.15,617.52,621.45,218.46527045686167,174.77221636548936,327.69790568529254,,621.45,15,-20,-10,-35,608.116414109266,616.5382211764711,624.9600282436762,618.0402531595289,619.2369623775867,0,0,0,0,597.2178832808588,621.9253176470584,646.6327520132579,619.6873752873483,570.5331791586958,0,0,0,0,615.35244305225,627.2766588235296,639.2008745948092,618.0402531595289,619.2369623775867,0,0,0,0,610.8933408958113,627.3631294117645,643.8329179277176,616.7163462311217,605.6895980602035,0,0,0,0,3.2256487869336015,,,,,,,616.7163462311217,605.6895980602035,0,0,0,0,616.7163462311217,605.6895980602035,0,0,0,0,0
1762885800,621.4,622.73,620.59,621.52,218.46527045686167,174.77221636548936,327.69790568529254,,621.52,15,-20,-10,-25,607.3646701865123,615.7078258823532,624.0509815781941,618.0402531595289,619.2369623775867,0,0,0,0,598.7697810233949,622.8092235294118,646.8486660354288,619.6873752873483,570.5331791586958,0,0,0,0,615.566857143106,627.4503294117652,639.3338016804245,618.0402531595289,619.2369623775867,0,0,0,0,611.5598220163106,627.3807999999998,643.201777983689,616.7163462311217,605.6895980602035,0,0,0,0,3.2256487869336015,,,,,,,616.7163462311217,605.6895980602035,0,0,0,0,616.7163462311217,605.6895980602035,0,0,0,0,0
1762957800,624.84,624.87,617.8,620.76,212.25540879974375,169.804327039795,318.38311319961565,,620.76,-10,-10,-10,0,606.3618934706827,614.6370541176473,622.9122147646118,618.0402531595289,619.2369623775867,0,0,0,0,598.7697810233949,622.8092235294118,646.8486660354288,619.6873752873483,570.5331791586958,0,0,0,0,615.8451212668007,627.7396705882351,639.6342199096695,618.0402531595289,619.2369623775867,0,0,0,0,611.5598220163106,627.3807999999998,643.201777983689,616.7163462311217,605.6895980602035,0,0,0,0,3.2256487869336015,,,,,,,616.7163462311217,605.6895980602035,0,0,0,0,616.7163462311217,605.6895980602035,0,0,0,0,0
1762972200,620.73,621.7,619.16,621.04,212.25540879974375,169.804327039795,318.38311319961565,,621.04,-10,-10,-10,0,606.0487780955866,614.3328941176475,622.6170101397083,618.0402531595289,619.2369623775867,0,0,0,0,598.7697810233949,622.8092235294118,646.8486660354288,619.6873752873483,570.5331791586958,0,0,0,0,616.1729345056199,628.0890588235292,640.0051831414385,618.0402531595289,619.2369623775867,0,0,0,0,612.1404695170278,627.4067764705884,642.673083424149,616.7163462311217,605.6895980602035,0,0,0,0,3.2256487869336015,,,,,,,616.7163462311217,605.6895980602035,0,0,0,0,616.7163462311217,605.6895980602035,0,0,0,0,0
1763044200,617.56,618.11,607.5,607.81,209.29375785403664,167.4350062832293,313.940636781055,,607.81,-10,-10,-10,-25,603.7596826384807,612.4635105882357,612.4635105882357,617.0158046689968,619.2369623775867,0,0,0,0,598.7697810233949,622.8092235294118,646.8486660354288,619.6873752873483,570.5331791586958,0,0,0,0,615.328102753407,627.2445882352939,627.2445882352939,617.0158046689968,619.2369623775867,0,0,0,0,612.1404695170278,627.4067764705884,642.673083424149,616.7163462311217,605.6895980602035,0,0,0,0,3.2256487869336015,,,,,,,616.7163462311217,605.6895980602035,0,0,0,0,616.7163462311217,605.6895980602035,0,0,0,0,0
1763058600,607.79,609.52,606.08,608.35,209.29375785403664,167.4350062832293,313.940636781055,,608.35,-15,-10,-15,-40,601.7883113633918,610.8118917647057,610.8118917647057,613.7518186212113,619.2369623775867,0,0,0,0,599.5236718745211,622.9656000000008,646.4075281254804,619.6873752873483,570.5331791586958,0,0,0,0,614.6192175486333,626.5573176470589,626.5573176470589,613.7518186212113,619.2369623775867,0,0,0,0,611.8464128262132,626.5345647058822,626.5345647058822,616.0312369482082,605.6895980602035,0,0,0,0,3.204440235398674,,,,,,,616.0312369482082,605.6895980602035,0,0,0,0,616.0312369482082,605.6895980602035,0,0,0,0,0
1763130600,599.57,613.35,597.18,610.29,205.24971768105485,164.1997741448439,307.8745765215823,,610.29,-15,-10,-15,-25,601.1134973779623,610.0693788235301,610.0693788235301,613.7518186212113,619.2369623775867,0,0,0,0,599.5236718745211,622.9656000000008,646.4075281254804,619.6873752873483,570.5331791586958,0,0,0,0,613.7972449494367,625.4794588235291,625.4794588235291,613.7518186212113,619.2369623775867,0,0,0,0,611.8464128262132,626.5345647058822,626.5345647058822,616.0312369482082,605.6895980602035,0,0,0,0,3.204440235398674,,,,,,,616.0312369482082,605.6895980602035,0,0,0,0,616.0312369482082,605.6895980602035,0,0,0,0,0
1763145000,610.22,612.35,607.72,608.82,205.24971768105485,164.1997741448439,307.8745765215823,,608.82,-20,-10,-20,-30,600.539351330882,609.3454541176475,609.3454541176475,613.7518186212113,619.2369623775867,0,0,0,0,599.5236718745211,622.9656000000008,646.4075281254804,619.6873752873483,570.5331791586958,0,0,0,0,612.8226198996442,623.9535058823523,623.9535058823523,613.7518186212113,619.2369623775867,0,0,0,0,611.5607653747747,625.6532235294115,625.6532235294115,616.0312369482082,605.6895980602035,0,0,0,0,4.627882550786048,,,,,,,616.0312369482082,605.6895980602035,0,0,0,0,616.0312369482082,605.6895980602035,0,0,0,0,0
1763389800,606.3,612.47,605.04,605.93,193.77610885815466,155.02088708652374,290.664163287232,,605.93,-15,-10,-15,-25,599.8461821599815,608.5020470588237,608.5020470588237,613.7518186212113,619.2369623775867,0,0,0,0,599.5236718745211,622.9656000000008,646.4075281254804,619.6873752873483,570.5331791586958,0,0,0,0,611.6032253118412,622.6392470588232,622.6392470588232,613.7518186212113,619.2369623775867,0,0,0,0,611.5607653747747,625.6532235294115,625.6532235294115,616.0312369482082,605.6895980602035,0,0,0,0,4.627882550786048,,,,,,,616.0312369482082,605.6895980602035,0,0,0,0,616.0312369482082,605.6895980602035,0,0,0,0,0
1763404200,605.9,607.6,599.88,603.65,193.77610885815466,155.02088708652374,290.664163287232,,603.65,-20,-10,-20,-45,597.9503419822104,606.8803341176474,606.8803341176474,608.8555522997351,619.2369623775867,0,0,0,0,599.9408552686292,622.8500705882353,645.7592859078414,619.6873752873483,570.5331791586958,0,0,0,0,610.1599438022454,621.1583764705872,621.1583764705872,608.8555522997351,619.2369623775867,0,0,0,0,610.8429680783504,624.4033411764705,624.4033411764705,614.6950340607501,605.6895980602035,0,0,0,0,4.586518452376439,,,,,,,614.6950340607501,605.6895980602035,0,0,0,0,614.6950340607501,605.6895980602035,0,0,0,0,0
1763476200,599.62,602.3,591.34,599.8,189.45896378844662,151.5671710307573,284.1884456826699,,599.8,-15,-10,-15,-40,595.1491248481385,604.6536800000003,604.6536800000003,607.1038180543634,619.2369623775867,0,0,0,0,599.9408552686292,622.8500705882353,645.7592859078414,619.6873752873483,570.5331791586958,0,0,0,0,608.318314707548,619.3799764705876,619.3799764705876,607.1038180543634,619.2369623775867,0,0,0,0,610.8429680783504,624.4033411764705,624.4033411764705,609.7675316278393,605.6895980602035,0,0,0,0,4.433980467717348,,,,,,,609.7675316278393,605.6895980602035,0,0,0,0,609.7675316278393,605.6895980602035,0,0,0,0,0
1763490600,599.85,601.77,596.19,596.31,189.45896378844662,151.5671710307573,284.1884456826699,,596.31,-20,-35,-45,-85,592.9470010706817,602.7750258823529,602.7750258823529,604.7975778121807,612.7320029204071,0,0,0,0,599.9408552686292,622.8500705882353,645.7592859078414,612.7243543395878,570.5331791586958,0,0,0,0,606.0519766980537,617.1725647058822,617.1725647058822,604.7975778121807,612.7320029204071,0,0,0,0,609.458191054077,622.590023529412,622.590023529412,609.1027079401365,605.6895980602035,0,0,0,0,2.887848611949799,,,,,,,609.1027079401365,605.6895980602035,0,0,1,0,609.1027079401365,605.6895980602035,0,0,0,0,0
1763562600,597.07,606.16,594.59,596.78,190.95575819267316,152.76460655413854,286.43363728900977,,596.78,-15,-20,-25,-50,591.3609904173147,601.2948658823532,601.2948658823532,604.7975778121807,612.7320029204071,0,0,0,0,599.9408552686292,622.8500705882353,645.7592859078414,612.7243543395878,570.5331791586958,0,0,0,0,603.8414950887981,614.9998117647061,614.9998117647061,604.7975778121807,612.7320029204071,0,0,0,0,609.458191054077,622.590023529412,622.590023529412,609.1027079401365,605.6895980602035,0,0,0,0,2.887848611949799,,,,,,,609.1027079401365,605.6895980602035,0,0,0,0,609.1027079401365,605.6895980602035,0,0,0,0,0
1763577000,596.75,602.32,596.1,599.78,190.95575819267316,152.76460655413854,286.43363728900977,,599.78,-20,-20,-30,-55,590.9482058059717,600.5820705882352,600.5820705882352,604.7975778121807,612.7320029204071,0,0,0,0,600.0801338409096,622.5219058823533,622.5219058823533,612.7243543395878,570.5331791586958,0,0,0,0,602.0113843900203,613.2319058823523,613.2319058823523,604.7975778121807,612.7320029204071,0,0,0,0,608.3848758885592,621.0235529411763,621.0235529411763,609.1027079401365,605.6895980602035,0,0,0,0,2.887848611949799,,,,,,,609.1027079401365,605.6895980602035,0,0,0,0,609.1027079401365,605.6895980602035,0,0,0,0,0
1763649000,611.62,614.02,589.83,594.52,188.16281917200388,150.5302553376031,282.2442287580058,,594.52,-15,-20,-25,-40,590.7912303526612,600.0285458823524,600.0285458823524,604.7975778121807,612.7320029204071,0,0,0,0,600.0801338409096,622.5219058823533,622.5219058823533,612.7243543395878,570.5331791586958,0,0,0,0,599.6133807020761,611.0703764705884,611.0703764705884,604.7975778121807,612.7320029204071,0,0,0,0,608.3848758885592,621.0235529411763,621.0235529411763,609.1027079401365,605.6895980602035,0,0,0,0,2.887848611949799,,,,,,,609.1027079401365,605.6895980602035,0,0,1,0,609.1027079401365,605.6895980602035,0,0,0,0,0
1763663400,594.45,595.01,584.75,585.66,188.16281917200388,150.5302553376031,282.2442287580058,,585.66,-20,-20,-30,-70,587.0492627749669,597.1782917647058,597.1782917647058,596.6273159445111,612.7320029204071,0,0,0,0,600.0801338409096,622.5219058823533,622.5219058823533,612.7243543395878,570.5331791586958,0,0,0,0,596.1379677831184,608.1430117647056,608.1430117647056,596.6273159445111,612.7320029204071,0,0,0,0,605.8618707926977,618.4445882352945,618.4445882352945,603.8436849614285,605.6895980602035,0,0,0,0,-4.774952072041763,,,,,,,603.8436849614285,605.6895980602035,0,0,0,0,603.8436849614285,605.6895980602035,0,0,0,0,0
1763735400,587.49,592.61,580.75,588.97,177.77034821045044,142.21627856836037,266.6555223156756,,588.97,-15,-10,-15,-25,583.6512821331129,594.5057552941179,594.5057552941179,596.6273159445111,612.7320029204071,0,0,0,0,600.0801338409096,622.5219058823533,622.5219058823533,612.7243543395878,570.5331791586958,0,0,0,0,593.1449240381271,605.5415529411755,605.5415529411755,596.6273159445111,612.7320029204071,0,0,0,0,605.8618707926977,618.4445882352945,618.4445882352945,601.6598503213265,605.6895980602035,0,0,0,0,-4.842555840759352,,,,,,,601.6598503213265,605.6895980602035,0,0,0,0,601.6598503213265,605.6895980602035,0,0,0,0,0
1763749800,588.93,596.98,588.56,590.15,177.77034821045044,142.21627856836037,266.6555223156756,,590.15,-20,-25,-65,-70,582.0434196926998,592.9900188235292,592.9900188235292,596.6273159445111,609.1390635627313,0,0,0,0,599.4536016121878,621.2857176470588,621.2857176470588,609.1395686895315,570.5331791586958,0,0,0,0,590.3970511056888,603.1804941176467,603.1804941176467,596.6273159445111,609.1390635627313,0,0,0,0,603.8260614152156,616.3067294117643,616.3067294117643,601.6598503213265,605.6895980602035,0,0,0,0,-5.627958377589534,,,,,,,601.6598503213265,605.6895980602035,0,0,0,0,601.6598503213265,605.6895980602035,0,0,0,0,0
1763994600,595.28,605.7,595.16,605.17,178.25362497833723,142.60289998266978,267.3804374675058,,605.17,0,-20,-10,-35,583.4196192962715,593.8380705882355,604.2565218801994,596.6273159445111,609.1390635627313,0,0,0,0,599.4536016121878,621.2857176470588,621.2857176470588,609.1395686895315,570.5331791586958,0,0,0,0,589.508950836791,602.3572,602.3572,596.6273159445111,609.1390635627313,0,0,0,0,603.8260614152156,616.3067294117643,616.3067294117643,601.6598503213265,605.6895980602035,0,0,0,0,-5.627958377589534,,,,,,,601.6598503213265,605.6895980602035,0,0,0,0,601.6598503213265,605.6895980602035,0,0,0,0,0
1764009000,605.17,606.68,604.24,605.34,178.25362497833723,142.60289998266978,267.3804374675058,,605.34,-15,-20,-25,-35,583.7726494467732,594.111345882353,604.4500423179328,598.8209460728846,609.1390635627313,0,0,0,0,599.4536016121878,621.2857176470588,621.2857176470588,609.1395686895315,570.5331791586958,0,0,0,0,588.6255165375426,601.5312235294111,614.4369305212797,598.8209460728846,609.1390635627313,0,0,0,0,603.2456705282037,615.533341176471,615.533341176471,601.6598503213265,605.6895980602035,0,0,0,0,-5.627958377589534,,,,,,,601.6598503213265,605.6895980602035,0,0,0,0,601.6598503213265,605.6895980602035,0,0,0,0,0
1764081000,603.51,608.41,597.34,607.51,181.35246226622743,145.08196981298195,272.02869339934114,,607.51,-10,-20,-20,-35,584.1748515612061,594.4432094117652,604.7115672623244,598.8209460728846,609.1390635627313,0,0,0,0,599.4536016121878,621.2857176470588,621.2857176470588,609.1395686895315,570.5331791586958,0,0,0,0,587.9407307647906,600.8747294117652,613.8087280587398,598.8209460728846,609.1390635627313,0,0,0,0,603.2456705282037,615.533341176471,615.533341176471,601.6598503213265,605.6895980602035,0,0,0,0,-5.627958377589534,,,,,,,601.6598503213265,605.6895980602035,0,0,0,0,601.6598503213265,605.6895980602035,0,0,0,0,0
1764095400,607.53,610.26,605.46,608.88,181.35246226622743,145.08196981298195,272.02869339934114,,608.88,-10,-20,-20,-10,584.1894952086689,594.4265082352947,604.6635212619206,602.3415251662759,609.1390635627313,0,0,0,0,600.0626565790295,621.4676470588242,642.872637538619,609.1395686895315,570.5331791586958,0,0,0,0,587.3916627725104,600.3416941176467,613.2917254627831,602.3415251662759,609.1390635627313,0,0,0,0,602.9301450118604,614.9978588235291,627.0655726351978,601.6598503213265,605.6895980602035,0,0,0,0,-4.712627613036777,,,,,,,601.6598503213265,605.6895980602035,0,0,0,0,601.6598503213265,605.6895980602035,0,0,0,0,0
1764167400,612.49,616.19,610.4,615.515,179.3993472172533,143.51947777380266,269.09902082587996,,615.515,10,-10,10,35,585.5193704757182,595.8867882352944,606.2542059948705,608.3896824137788,609.1390635627313,0,0,0,0,600.0626565790295,621.4676470588242,642.872637538619,609.1395686895315,570.5331791586958,0,0,0,0,587.1263489956452,599.9641999999992,612.8020510043532,608.3896824137788,609.1390635627313,0,0,0,0,602.9301450118604,614.9978588235291,627.0655726351978,601.6957693037616,605.6895980602035,0,0,0,0,-4.711515688838616,,,,,,,601.6957693037616,605.6895980602035,0,0,1,0,601.6957693037616,605.6895980602035,0,0,0,0,0
1764181800,615.53,615.85,614.06,614.3,179.3993472172533,143.51947777380266,269.09902082587996,,614.3,-10,-10,-10,35,587.9567019084336,598.1361764705887,608.3156510327437,609.2597771833092,609.1390635627313,0,0,0,0,600.0626565790295,621.4676470588242,642.872637538619,609.1395686895315,570.5331791586958,0,0,0,0,586.8134564506613,599.5851999999993,612.3569435493373,609.2597771833092,609.1390635627313,0,0,0,0,602.9624950553241,614.7912470588235,626.6199990623229,605.8496429249215,605.6895980602035,0,0,0,0,17.91707349388168,,,,,,,605.8496429249215,605.6895980602035,0,0,0,0,605.8496429249215,605.6895980602035,0,0,0,0,1
1764340200,616.11,619.24,615.42,619.15,187.74004240429218,150.19203392343374,281.6100636064383,,619.15,15,-10,15,40,591.3208323488254,601.2138941176471,611.1069558864688,611.6571037958125,609.1390635627313,0,0,0,0,601.2037574923204,622.489011764706,643.7742660370916,609.1395686895315,570.5331791586958,0,0,0,0,586.9608666687095,599.7257764705873,612.4906862724652,611.6571037958125,609.1390635627313,0,0,0,0,603.3474855670898,615.1270117647059,626.906537962322,607.4432398588557,605.6895980602035,0,0,0,0,17.966405598324222,,,,,,,607.4432398588557,605.6895980602035,0,0,0,0,607.4432398588557,605.6895980602035,0,0,0,0,0
1764599400,613.62,619.45,612.52,618.64,185.77722283324516,148.62177826659612,278.66583424986777,,618.64,10,-10,10,35,594.2399716677634,604.0206941176472,613.801416567531,611.9141864361852,609.1390635627313,0,0,0,0,601.2037574923204,622.489011764706,643.7742660370916,609.1395686895315,570.5331791586958,0,0,0,0,587.0889337196991,599.849976470588,612.6110192214769,611.9141864361852,609.1390635627313,0,0,0,0,603.3474855670898,615.1270117647059,626.906537962322,607.4432398588557,605.6895980602035,0,0,0,0,17.966405598324222,,,,,,,607.4432398588557,605.6895980602035,0,0,0,0,607.4432398588557,605.6895980602035,0,0,0,0,0
1764613800,618.68,619.36,616.08,617.2,185.77722283324516,148.62177826659612,278.66583424986777,,617.2,15,-10,15,25,597.385737541874,606.9218235294118,616.4579095169495,611.9141864361852,609.1390635627313,0,0,0,0,601.2037574923204,622.489011764706,643.7742660370916,609.1395686895315,570.5331791586958,0,0,0,0,587.3773284089697,600.1354941176464,612.8936598263232,611.9141864361852,609.1390635627313,0,0,0,0,603.6465213031134,615.4061647058822,627.165808108651,608.5081506946257,605.6895980602035,0,0,0,0,17.999371457791902,,,,,,,608.5081506946257,605.6895980602035,0,0,0,0,608.5081506946257,605.6895980602035,0,0,0,0,0
1764685800,619.46,623.75,617.59,621.2,177.2263332935206,141.78106663481648,265.8394999402809,,621.2,10,-10,10,35,600.6726153130437,610.1845529411762,619.6964905693087,613.7108263849486,609.1390635627313,0,0,0,0,601.2037574923204,622.489011764706,643.7742660370916,609.1395686895315,570.5331791586958,0,0,0,0,587.9116613752872,600.6964941176471,613.4813268600071,613.7108263849486,609.1390635627313,0,0,0,0,603.6465213031134,615.4061647058822,627.165808108651,610.0911399307238,605.6895980602035,0,0,0,0,18.51961670766063,,,,,,,610.0911399307238,605.6895980602035,0,0,0,0,610.0911399307238,605.6895980602035,0,0,0,0,0
1764700200,621.15,623.22,620.38,622.04,177.2263332935206,141.78106663481648,265.8394999402809,,622.04,15,-10,15,40,604.24667657106,613.865705882353,623.4847351936461,617.6115654401357,609.1390635627313,0,0,0,0,602.3995260774922,623.4936705882351,644.587815098978,609.1395686895315,570.5331791586958,0,0,0,0,588.9777772575882,601.696435294117,614.4150933306458,617.6115654401357,609.1390635627313,0,0,0,0,604.278626021434,616.1324235294118,627.9862210373896,613.2139156499578,605.6895980602035,0,0,0,0,18.61628675932267,,,,,,,613.2139156499578,605.6895980602035,0,0,0,0,613.2139156499578,605.6895980602035,0,0,0,0,0
1764772200,619.62,623.08,618.05,622.81,187.63951387196542,150.11161109757234,281.45927080794814,,622.81,10,-10,10,20,606.4784219986477,616.5619176470585,626.6454132954693,617.6115654401357,609.1390635627313,0,0,0,0,602.3995260774922,623.4936705882351,644.587815098978,609.1395686895315,570.5331791586958,0,0,0,0,590.1957450766221,602.8268705882347,615.4579960998473,617.6115654401357,609.1390635627313,0,0,0,0,604.278626021434,616.1324235294118,627.9862210373896,613.2139156499578,605.6895980602035,0,0,0,0,18.61628675932267,,,,,,,613.2139156499578,605.6895980602035,0,0,0,0,613.2139156499578,605.6895980602035,0,0,0,0,0
1764786600,622.82,624.22,622.72,623.53,187.63951387196542,150.11161109757234,281.45927080794814,,623.53,15,-10,15,40,608.650854966284,619.2738941176468,629.8969332690097,619.4031460989097,609.1390635627313,0,0,0,0,602.3995260774922,623.4936705882351,644.587815098978,609.1395686895315,570.5331791586958,0,0,0,0,591.7340581062745,604.1868352941174,616.6396124819603,619.4031460989097,609.1390635627313,0,0,0,0,604.8687395688634,616.7701176470591,628.6714957252549,616.1003150247085,605.6895980602035,0,0,0,0,18.705639438401032,,,,,,,616.1003150247085,605.6895980602035,0,0,0,0,616.1003150247085,605.6895980602035,0,0,0,0,0
1764858600,624.93,624.93,619.96,622.78,192.20987383197482,153.76789906557985,288.3148107479622,,622.78,10,-10,10,20,610.8689195555058,621.8664117647058,632.8639039739058,619.4031460989097,609.1390635627313,0,0,0,0,602.3995260774922,623.4936705882351,644.587815098978,609.1395686895315,570.5331791586958,0,0,0,0,593.3046910279965,605.540376470588,617.7760619131794,619.4031460989097,609.1390635627313,0,0,0,0,604.8687395688634,616.7701176470591,628.6714957252549,616.1003150247085,605.6895980602035,0,0,0,0,18.705639438401032,,,,,,,616.1003150247085,605.6895980602035,0,0,0,0,616.1003150247085,605.6895980602035,0,0,0,0,0
1764873000,622.76,623.015,619.55,622.88,192.20987383197482,153.76789906557985,288.3148107479622,,622.88,15,5,30,40,612.8152860844816,624.161164705882,635.5070433272824,619.4031460989097,609.2949793325683,0,0,0,0,603.5821066698826,624.5125882352937,645.4430698007048,609.3184069789099,570.5331791586958,0,0,0,0,595.0397557855086,606.9955176470583,618.9512795086079,619.4031460989097,609.2949793325683,0,0,0,0,605.3514991274579,617.2192000000003,629.0869008725427,616.1003150247085,605.6895980602035,0,0,0,0,18.74482171033351,,,,,,,616.1003150247085,605.6895980602035,0,0,0,0,616.1003150247085,605.6895980602035,0,0,0,0,0
1764945000,624.36,628.92,623.73,625.96,189.35346169830893,151.48276935864715,284.0301925474634,,625.96,10,-10,10,35,614.835042364933,626.6529294117644,638.4708164585958,620.5252311248707,609.2949793325683,0,0,0,0,603.5821066698826,624.5125882352937,645.4430698007048,609.3184069789099,570.5331791586958,0,0,0,0,597.0986035226492,608.7699294117645,620.4412553008797,620.5252311248707,609.2949793325683,0,0,0,0,605.3514991274579,617.2192000000003,629.0869008725427,617.4625627220424,605.6895980602035,0,0,0,0,18.786992063608217,,,,,,,617.4625627220424,605.6895980602035,0,0,0,0,617.4625627220424,605.6895980602035,0,0,0,0,0
1764959400,625.95,626.29,624.33,625.54,189.35346169830893,151.48276935864715,284.0301925474634,,625.54,15,15,60,70,616.4527551724817,628.6062941176465,640.7598330628113,621.487520714812,613.7696236659564,0,0,0,0,603.5821066698826,624.5125882352937,645.4430698007048,613.7978064804165,570.5331791586958,0,0,0,0,598.7763548442947,610.3232823529411,621.8702098615875,621.487520714812,613.7696236659564,0,0,0,0,605.9046836752543,617.6995529411765,629.4944222070988,618.3702368133252,605.6895980602035,0,0,0,0,19.79649687409761,,,,,,,618.3702368133252,605.6895980602035,0,0,0,0,618.3702368133252,605.6895980602035,0,0,0,0,0
1765204200,627.21,628.83,622.38,623.3,185.84061918049952,148.6724953443996,278.7609287707493,,623.3,10,0,20,35,617.5536630240573,629.7636823529414,641.9737016818254,621.487520714812,613.7696236659564,0,0,0,0,603.5821066698826,624.5125882352937,645.4430698007048,613.7978064804165,570.5331791586958,0,0,0,0,600.0311919770907,611.5279764705875,623.0247609640844,621.487520714812,613.7696236659564,0,0,0,0,605.9046836752543,617.6995529411765,629.4944222070988,618.3702368133252,605.6895980602035,0,0,0,0,19.79649687409761,,,,,,,618.3702368133252,605.6895980602035,0,0,0,0,618.3702368133252,605.6895980602035,0,0,0,0,0
1765218600,623.21,624.27,621.69,624.23,185.84061918049952,148.6724953443996,278.7609287707493,,624.23,15,0,25,40,618.453771445962,630.5803647058821,642.7069579658021,621.487520714812,613.7696236659564,0,0,0,0,604.7927138574569,625.6829411764706,646.5731684954844,613.7978064804165,570.5331791586958,0,0,0,0,601.4230537952413,612.8588352941176,624.2946167929939,621.487520714812,613.7696236659564,0,0,0,0,606.3783557235894,618.1091529411768,629.8399501587643,618.3702368133252,605.6895980602035,0,0,0,0,19.79649687409761,,,,,,,618.3702368133252,605.6895980602035,0,0,0,0,618.3702368133252,605.6895980602035,0,0,0,0,0
1765290600,623.01,625.81,621,625.64,186.3407711232404,149.07261689859232,279.51115668486057,,625.64,10,0,20,35,619.404079456817,631.4406235294119,643.4771676020068,621.487520714812,613.7696236659564,0,0,0,0,604.7927138574569,625.6829411764706,646.5731684954844,613.7978064804165,570.5331791586958,0,0,0,0,603.0370350303806,614.3873411764706,625.7376473225606,621.487520714812,613.7696236659564,0,0,0,0,606.3783557235894,618.1091529411768,629.8399501587643,618.3702368133252,605.6895980602035,0,0,0,0,19.79649687409761,,,,,,,618.3702368133252,605.6895980602035,0,0,0,0,618.3702368133252,605.6895980602035,0,0,0,0,0
1765305000,625.64,625.87,624.63,625.11,186.3407711232404,149.07261689859232,279.51115668486057,,625.11,15,0,25,55,620.2489486671433,632.2070235294115,644.1650983916796,621.8498663997871,613.7696236659564,0,0,0,0,604.7927138574569,625.6829411764706,646.5731684954844,613.7978064804165,570.5331791586958,0,0,0,0,604.8866449123915,616.0275176470585,627.1683903817255,621.8498663997871,613.7696236659564,0,0,0,0,606.8965770418637,618.622329411765,630.3480817816663,619.2637420248172,605.6895980602035,0,0,0,0,19.824156623859093,,,,,,,619.2637420248172,605.6895980602035,0,0,0,0,619.2637420248172,605.6895980602035,0,0,0,0,0
1765377000,623.83,624.67,620.99,622.88,190.57385150362512,152.4590812029001,285.8607772554377,,622.88,10,-10,10,10,620.7576173121483,632.4123647058817,644.0671120996151,621.8498663997871,613.7696236659564,0,0,0,0,604.7927138574569,625.6829411764706,646.5731684954844,613.7978064804165,570.5331791586958,0,0,0,0,606.5773433496408,617.484305882353,628.3912684150653,621.8498663997871,613.7696236659564,0,0,0,0,606.8965770418637,618.622329411765,630.3480817816663,619.2637420248172,605.6895980602035,0,0,0,0,19.824156623859093,,,,,,,619.2637420248172,605.6895980602035,0,0,0,0,619.2637420248172,605.6895980602035,0,0,0,0,0
1765391400,622.85,630.2,622.59,627.6,190.57385150362512,152.4590812029001,285.8607772554377,,627.6,15,-10,15,40,621.6625955318807,632.1202000000002,642.5778044681197,624.2243246106913,613.7696236659564,0,0,0,0,606.1137862705885,627.0596470588235,648.0055078470585,613.7978064804165,570.5331791586958,0,0,0,0,607.8219162500425,618.864929411765,629.9079425734876,624.2243246106913,613.7696236659564,0,0,0,0,607.5449309433914,619.3379529411764,631.1309749389613,619.2637420248172,605.6895980602035,0,0,0,0,19.824156623859093,,,,,,,619.2637420248172,605.6895980602035,0,0,0,0,619.2637420248172,605.6895980602035,0,0,0,0,0
1765463400,623.84,623.97,617.73,623.36,189.18345884949886,151.3467670795991,283.7751882742483,,623.36,10,-10,10,20,621.7956430493238,630.4726235294116,639.1496040094995,624.2243246106913,613.7696236659564,0,0,0,0,606.1137862705885,627.0596470588235,648.0055078470585,613.7978064804165,570.5331791586958,0,0,0,0,608.7473028619137,619.8476470588236,630.9479912557334,624.2243246106913,613.7696236659564,0,0,0,0,607.5449309433914,619.3379529411764,631.1309749389613,619.2637420248172,605.6895980602035,0,0,0,0,19.824156623859093,,,,,,,619.2637420248172,605.6895980602035,0,0,0,0,619.2637420248172,605.6895980602035,0,0,0,0,0
1765477800,623.32,625.79,623.08,625.61,189.18345884949886,151.3467670795991,283.7751882742483,,625.61,15,-10,15,25,622.5362375022698,629.335705882353,636.1351742624361,624.2243246106913,613.7696236659564,0,0,0,0,606.1137862705885,627.0596470588235,648.0055078470585,613.7978064804165,570.5331791586958,0,0,0,0,610.139922695379,621.2441058823537,632.3482890693283,624.2243246106913,613.7696236659564,0,0,0,0,608.1018427005391,619.9470588235297,631.7922749465203,619.2637420248172,605.6895980602035,0,0,0,0,19.800647260699602,,,,,,,619.2637420248172,605.6895980602035,0,0,0,0,619.2637420248172,605.6895980602035,0,0,0,0,0
1765549800,622.08,623.535,611.36,616.73,190.22682547765126,152.181460382121,285.3402382164769,,616.73,-10,-10,-10,-25,621.3316616562488,627.4694235294115,627.4694235294115,621.8026169235653,613.7696236659564,0,0,0,0,606.1137862705885,627.0596470588235,648.0055078470585,613.7978064804165,570.5331791586958,0,0,0,0,610.8418447252404,621.8686352941174,621.8686352941174,621.8026169235653,613.7696236659564,0,0,0,0,608.1018427005391,619.9470588235297,631.7922749465203,619.2637420248172,605.6895980602035,0,0,0,0,19.800647260699602,,,,,,,619.2637420248172,605.6895980602035,0,0,0,0,619.2637420248172,605.6895980602035,0,0,0,0,0
1765564200,616.73,616.84,612.03,613.57,190.22682547765126,152.181460382121,285.3402382164769,,613.57,-15,-10,-15,-40,619.7697498175404,625.3082470588239,625.3082470588239,617.9727666330741,613.7696236659564,0,0,0,0,606.5950267956682,627.1863999999998,647.7777732043314,613.7978064804165,570.5331791586958,0,0,0,0,610.8347008474542,621.8614470588235,621.8614470588235,617.9727666330741,613.7696236659564,0,0,0,0,607.8778192989228,619.6741647058824,619.6741647058824,619.2637420248172,605.6895980602035,0,0,0,0,19.211803395197528,,,,,,,619.2637420248172,605.6895980602035,0,0,0,0,619.2637420248172,605.6895980602035,0,0,0,0,0
1765809000,618.4,618.42,609.33,610.86,181.15038076540438,144.92030461232352,271.72557114810655,,610.86,-10,-10,-10,-20,618.0360027690419,622.9455647058821,622.9455647058821,617.9727666330741,613.7696236659564,0,0,0,0,606.5950267956682,627.1863999999998,647.7777732043314,613.7978064804165,570.5331791586958,0,0,0,0,610.5471396692512,621.5772705882357,621.5772705882357,617.9727666330741,613.7696236659564,0,0,0,0,607.8778192989228,619.6741647058824,619.6741647058824,619.2637420248172,605.6895980602035,0,0,0,0,19.211803395197528,,,,,,,619.2637420248172,605.6895980602035,0,0,0,0,619.2637420248172,605.6895980602035,0,0,0,0,0
1765823400,610.86,612.86,610.41,610.46,181.15038076540438,144.92030461232352,271.72557114810655,,610.46,-15,-10,-15,-40,615.7963869897753,620.4894470588235,620.4894470588235,615.5647037121832,613.7696236659564,0,0,0,0,606.5950267956682,627.1863999999998,647.7777732043314,613.7978064804165,570.5331791586958,0,0,0,0,609.9968793815126,620.9483647058828,620.9483647058828,615.5647037121832,613.7696236659564,0,0,0,0,607.328211658674,619.0415529411764,619.0415529411764,618.8695127947254,605.6895980602035,0,0,0,0,19.199599457590057,,,,,,,618.8695127947254,605.6895980602035,0,0,0,0,618.8695127947254,605.6895980602035,0,0,0,0,0
1765895400,608.26,612.49,606.92,607.64,177.51626647031122,142.013013176249,266.27439970546686,,607.64,-10,-10,-10,-35,612.9104772946329,618.1201411764706,618.1201411764706,615.3766067722396,613.7696236659564,0,0,0,0,606.5950267956682,627.1863999999998,647.7777732043314,613.7978064804165,570.5331791586958,0,0,0,0,609.3526371297562,620.3232,620.3232,615.3766067722396,613.7696236659564,0,0,0,0,607.328211658674,619.0415529411764,619.0415529411764,618.4681190236737,605.6895980602035,0,0,0,0,19.18717373122572,,,,,,,618.4681190236737,605.6895980602035,0,0,0,0,618.4681190236737,605.6895980602035,0,0,0,0,0
1765909800,607.64,613.51,607.58,611.815,177.51626647031122,142.013013176249,266.27439970546686,,611.815,-15,-10,-15,-25,611.0116657181012,616.3802705882358,616.3802705882358,615.3766067722396,613.7696236659564,0,0,0,0,606.9173398119716,627.1531529411764,647.3889660703811,613.7978064804165,570.5331791586958,0,0,0,0,609.565043486673,620.4847764705879,620.4847764705879,615.3766067722396,613.7696236659564,0,0,0,0,606.9801779851244,618.6667764705883,618.6667764705883,618.4681190236737,605.6895980602035,0,0,0,0,19.18717373122572,,,,,,,618.4681190236737,605.6895980602035,0,0,0,0,618.4681190236737,605.6895980602035,0,0,0,0,0
1765981800,613.06,613.64,602.72,603.4,180.4797842383717,144.38382739069738,270.71967635755755,,603.4,-10,-10,-10,-55,607.5192758654925,613.7345764705882,613.7345764705882,609.4678172121495,613.7696236659564,0,0,0,0,606.9173398119716,627.1531529411764,647.3889660703811,613.7978064804165,570.5331791586958,0,0,0,0,609.1800698870572,620.097011764706,620.097011764706,609.4678172121495,613.7696236659564,0,0,0,0,606.9801779851244,618.6667764705883,618.6667764705883,618.4681190236737,605.6895980602035,0,0,0,0,4.187173731225721,,,,,,,618.4681190236737,605.6895980602035,0,0,0,0,618.4681190236737,605.6895980602035,0,0,0,0,0
1765996200,603.42,603.56,600.29,600.34,180.4797842383717,144.38382739069738,270.71967635755755,,600.34,-15,-10,-15,-40,603.5690750682338,610.7534235294121,610.7534235294121,606.4771995349657,613.7696236659564,0,0,0,0,606.9173398119716,627.1531529411764,647.3889660703811,613.7978064804165,570.5331791586958,0,0,0,0,608.4550662873784,619.4467294117643,619.4467294117643,606.4771995349657,613.7696236659564,0,0,0,0,605.5094603581239,617.2739764705892,617.2739764705892,609.6694961716512,605.6895980602035,0,0,0,0,3.9147995993209093,,,,,,,609.6694961716512,605.6895980602035,0,0,0,0,609.6694961716512,605.6895980602035,0,0,0,0,0
1766068200,609.75,612.93,606.92,611.73,177.08740130622746,141.66992104498198,265.6311019593412,,611.73,0,-10,0,-10,602.1664707599111,609.4866,609.4866,606.4771995349657,613.7696236659564,0,0,0,0,606.9173398119716,627.1531529411764,647.3889660703811,613.7978064804165,570.5331791586958,0,0,0,0,608.8149395275767,619.7333176470592,619.7333176470592,606.4771995349657,613.7696236659564,0,0,0,0,605.5094603581239,617.2739764705892,617.2739764705892,609.6694961716512,605.6895980602035,0,0,0,0,3.9147995993209093,,,,,,,609.6694961716512,605.6895980602035,0,0,1,0,609.6694961716512,605.6895980602035,0,0,0,0,0
1766082600,611.83,612.7,607.72,609.14,177.08740130622746,141.66992104498198,265.6311019593412,,609.14,-15,-10,-15,-25,600.6940464878211,608.2120352941176,608.2120352941176,606.4771995349657,613.7696236659564,0,0,0,0,607.0150790935168,626.8437411764709,626.8437411764709,613.7978064804165,570.5331791586958,0,0,0,0,608.9493826501674,619.8114352941183,619.8114352941183,606.4771995349657,613.7696236659564,0,0,0,0,605.0661209477254,616.8435529411768,616.8435529411768,609.6694961716512,605.6895980602035,0,0,0,0,3.9147995993209093,,,,,,,609.6694961716512,605.6895980602035,0,0,0,0,609.6694961716512,605.6895980602035,0,0,0,0,0
1766154600,611.95,617.62,611.89,616.99,175.5143371723238,140.41146973785905,263.27150575848566,,616.99,10,-10,10,15,600.8116844446253,608.2885058823529,615.7653273200805,610.4495690477916,613.7696236659564,0,0,0,0,607.0150790935168,626.8437411764709,626.8437411764709,613.7978064804165,570.5331791586958,0,0,0,0,609.7268562375009,620.5376235294121,631.3483908213234,610.4495690477916,613.7696236659564,0,0,0,0,605.0661209477254,616.8435529411768,616.8435529411768,609.6694961716512,605.6895980602035,0,0,0,0,3.9147995993209093,,,,,,,609.6694961716512,605.6895980602035,0,0,0,0,609.6694961716512,605.6895980602035,0,0,0,0,0
1766169000,617,617.48,616.28,617.26,175.5143371723238,140.41146973785905,263.27150575848566,,617.26,15,-5,15,40,601.0526987510095,608.4850235294115,615.9173483078134,612.2694753524324,613.7696236659564,0,0,0,0,607.0150790935168,626.8437411764709,626.8437411764709,613.7978064804165,570.5331791586958,0,0,0,0,609.9486215533269,620.7651058823529,631.581590211379,612.2694753524324,613.7696236659564,0,0,0,0,605.224891968888,617.005529411765,628.786166854642,610.0629011308171,605.6895980602035,0,0,0,0,3.926978020426347,,,,,,,610.0629011308171,605.6895980602035,0,0,0,0,610.0629011308171,605.6895980602035,0,0,0,0,0
1766413800,621.36,621.64,617.77,619.19,182.07700960088707,145.66160768070966,273.1155144013306,,619.19,10,-10,10,55,601.8720823902829,609.2132823529415,616.5544823156001,614.8607210946994,613.7696236659564,0,0,0,0,607.0150790935168,626.8437411764709,626.8437411764709,613.7978064804165,570.5331791586958,0,0,0,0,610.2981185580541,621.1418117647061,631.9855049713581,614.8607210946994,613.7696236659564,0,0,0,0,605.224891968888,617.005529411765,628.786166854642,611.6841224786158,605.6895980602035,0,0,0,0,18.977165278666508,,,,,,,611.6841224786158,605.6895980602035,0,0,0,0,611.6841224786158,605.6895980602035,0,0,0,0,0
1766428200,619.17,619.71,618.86,619.17,182.07700960088707,145.66160768070966,273.1155144013306,,619.17,5,-10,5,30,602.5210151129978,609.8082941176474,617.095573122297,615.4518972704296,613.7696236659564,0,0,0,0,607.6756139138486,627.1300941176474,646.5845743214463,613.7978064804165,570.5331791586958,0,0,0,0,610.6906666279853,621.5690588235295,632.4474510190738,615.4518972704296,613.7696236659564,0,0,0,0,605.1853596172942,616.4722823529414,627.7592050885886,613.1481137301433,605.6895980602035,0,0,0,0,19.022485251230098,,,,,,,613.1481137301433,605.6895980602035,0,0,0,0,613.1481137301433,605.6895980602035,0,0,0,0,0
1766500200,618.2,621.4,617.78,621.17,181.97056589658132,145.57645271726506,272.955848844872,,621.17,10,-10,10,35,603.414700921753,610.6735176470584,617.9323343723637,616.9245950954215,613.7696236659564,0,0,0,0,607.6756139138486,627.1300941176474,646.5845743214463,613.7978064804165,570.5331791586958,0,0,0,0,611.1442474616291,622.0719058823528,632.9995643030765,616.9245950954215,613.7696236659564,0,0,0,0,605.1853596172942,616.4722823529414,627.7592050885886,613.1481137301433,605.6895980602035,0,0,0,0,19.022485251230098,,,,,,,613.1481137301433,605.6895980602035,0,0,0,0,613.1481137301433,605.6895980602035,0,0,0,0,0
1766514600,621.18,622.4,621.11,622.22,181.97056589658132,145.57645271726506,272.955848844872,,622.22,15,-10,15,40,604.8634329515162,612.0049294117647,619.1464258720132,618.8152376077868,613.7696236659564,0,0,0,0,607.6756139138486,627.1300941176474,646.5845743214463,613.7978064804165,570.5331791586958,0,0,0,0,611.5551339985467,622.5116235294122,633.4681130602777,618.8152376077868,613.7696236659564,0,0,0,0,605.3927418027602,616.5947058823537,627.7966699619471,615.8527103081337,605.6895980602035,0,0,0,0,19.106209961048013,,,,,,,615.8527103081337,605.6895980602035,0,0,0,0,615.8527103081337,605.6895980602035,0,0,0,0,0
1766586600,621.99,624.28,621.71,623.92,179.60673139379836,143.68538511503868,269.41009709069755,,623.92,10,-10,10,35,606.5593824764153,613.6248588235294,620.6903351706435,620.5581385495713,613.7696236659564,0,0,0,0,608.5381054958712,627.6190117647056,646.6999180335401,613.7978064804165,570.5331791586958,0,0,0,0,611.9857581543333,622.9538117647064,633.9218653750795,620.5581385495713,613.7696236659564,0,0,0,0,605.6323120351069,616.6507529411768,627.6691938472468,616.6446595718386,605.6895980602035,0,0,0,0,19.130725899149017,,,,,,,616.6446595718386,605.6895980602035,0,0,0,0,616.6446595718386,605.6895980602035,0,0,0,0,0
1766759400,624.66,625.51,623.14,624.01,179.04956073838733,143.23964859070986,268.574341107581,,624.01,10,-10,10,35,608.1056676540976,615.1888117647059,622.2719558753141,620.9165582391712,613.7696236659564,0,0,0,0,608.5381054958712,627.6190117647056,646.6999180335401,613.7978064804165,570.5331791586958,0,0,0,0,612.3224300979033,623.201294117647,634.0801581373906,620.9165582391712,613.7696236659564,0,0,0,0,605.6323120351069,616.6507529411768,627.6691938472468,618.2671838881357,605.6895980602035,0,0,0,0,19.18095349266887,,,,,,,618.2671838881357,605.6895980602035,0,0,0,0,618.2671838881357,605.6895980602035,0,0,0,0,0
1766773800,623.99,624.67,623.67,623.84,179.04956073838733,143.23964859070986,268.574341107581,,623.84,15,5,30,55,609.6088785458769,616.7049999999998,623.8011214541227,621.4782326506589,614.9530124603972,0,0,0,0,608.5381054958712,627.6190117647056,646.6999180335401,614.9372348222394,570.5331791586958,0,0,0,0,612.5830744075321,623.2390117647061,633.8949491218801,621.4782326506589,614.9530124603972,0,0,0,0,605.8845862867898,616.8114823529415,627.7383784190932,619.0738136104118,605.6895980602035,0,0,0,0,19.45556500720957,,,,,,,619.0738136104118,605.6895980602035,0,0,0,0,619.0738136104118,605.6895980602035,0,0,0,0,0
1767018600,620.11,622.78,618.73,620.02,180.5184537730515,144.41476301844122,270.77768065957724,,620.02,10,-10,10,20,610.8200413652318,617.7580588235295,624.6960762818272,621.4782326506589,614.9530124603972,0,0,0,0,608.5381054958712,627.6190117647056,646.6999180335401,614.9372348222394,570.5331791586958,0,0,0,0,612.5674940888109,622.9341411764708,633.3007882641307,621.4782326506589,614.9530124603972,0,0,0,0,605.8845862867898,616.8114823529415,627.7383784190932,619.0738136104118,605.6895980602035,0,0,0,0,19.45556500720957,,,,,,,619.0738136104118,605.6895980602035,0,0,0,0,619.0738136104118,605.6895980602035,0,0,0,0,0
1767033000,620.025,621.69,619.59,620.88,180.5184537730515,144.41476301844122,270.77768065957724,,620.88,5,-10,5,15,612.1925404842804,618.9902,625.7878595157196,621.4782326506589,614.9530124603972,0,0,0,0,609.1784447015749,627.8583529411771,646.5382611807794,614.9372348222394,570.5331791586958,0,0,0,0,612.602602702567,622.7613647058829,632.9201267091988,621.4782326506589,614.9530124603972,0,0,0,0,605.8777562331693,616.597529411765,627.3173025903607,619.0738136104118,605.6895980602035,0,0,0,0,19.45556500720957,,,,,,,619.0738136104118,605.6895980602035,0,0,0,0,619.0738136104118,605.6895980602035,0,0,0,0,0
1767105000,619.85,622.18,619.39,620.87,179.04188633935792,143.23350907148634,268.5628295090369,,620.87,10,-10,10,10,613.4373103082415,620.1693529411764,626.9013955741112,621.4782326506589,614.9530124603972,0,0,0,0,609.1784447015749,627.8583529411771,646.5382611807794,614.9372348222394,570.5331791586958,0,0,0,0,612.6017979138363,622.3277647058826,632.0537314979289,621.4782326506589,614.9530124603972,0,0,0,0,605.8777562331693,616.597529411765,627.3173025903607,619.0738136104118,605.6895980602035,0,0,0,0,19.45556500720957,,,,,,,619.0738136104118,605.6895980602035,0,0,0,0,619.0738136104118,605.6895980602035,0,0,0,0,0
1767119400,620.87,621.02,619.22,619.4,179.04188633935792,143.23350907148634,268.5628295090369,,619.4,5,-10,5,5,615.1436878504928,621.5168588235297,621.5168588235297,621.4782326506589,614.9530124603972,0,0,0,0,609.1784447015749,627.8583529411771,646.5382611807794,614.9372348222394,570.5331791586958,0,0,0,0,612.6576972467011,621.3636235294116,630.0695498121221,621.4782326506589,614.9530124603972,0,0,0,0,605.7908681269806,616.3802352941176,626.9696024612546,619.0738136104118,605.6895980602035,0,0,0,0,19.45556500720957,,,,,,,619.0738136104118,605.6895980602035,0,0,0,0,619.0738136104118,605.6895980602035,0,0,0,0,0
1767191400,619.65,619.95,616.46,617.84,181.5768223320924,145.26145786567392,272.3652334981386,,617.84,10,-10,10,-5,615.8053241690067,622.094952941176,622.094952941176,620.1143534009057,614.9530124603972,0,0,0,0,609.1784447015749,627.8583529411771,646.5382611807794,614.9372348222394,570.5331791586958,0,0,0,0,612.585845784597,620.3313647058823,620.3313647058823,620.1143534009057,614.9530124603972,0,0,0,0,605.7908681269806,616.3802352941176,626.9696024612546,619.0738136104118,605.6895980602035,0,0,0,0,19.45556500720957,,,,,,,619.0738136104118,605.6895980602035,0,0,0,0,619.0738136104118,605.6895980602035,0,0,0,0,0
1767205800,617.86,618.6,614.05,614.26,181.5768223320924,145.26145786567392,272.3652334981386,,614.26,-15,-10,-15,-40,616.483025587513,622.5231882352934,622.5231882352934,617.9650292079237,614.9530124603972,0,0,0,0,609.4009147909977,627.751529411765,646.1021440325322,614.9372348222394,570.5331791586958,0,0,0,0,612.2825263036573,619.0004000000009,619.0004000000009,617.9650292079237,614.9530124603972,0,0,0,0,605.4618563365092,616.0333176470591,616.0333176470591,619.0738136104118,605.6895980602035,0,0,0,0,19.45556500720957,,,,,,,619.0738136104118,605.6895980602035,0,0,0,0,619.0738136104118,605.6895980602035,0,0,0,0,0
1767364200,620.07,622.85,610.78,611.71,182.2594030453433,145.80752243627464,273.38910456801494,,611.71,-10,-10,-10,-35,615.8041703645812,621.8832588235293,621.8832588235293,616.8476527354036,614.9530124603972,0,0,0,0,609.4009147909977,627.751529411765,646.1021440325322,614.9372348222394,570.5331791586958,0,0,0,0,611.4848880279617,618.0155058823538,618.0155058823538,616.8476527354036,614.9530124603972,0,0,0,0,605.4618563365092,616.0333176470591,616.0333176470591,619.0738136104118,605.6895980602035,0,0,0,0,19.45556500720957,,,,,,,619.0738136104118,605.6895980602035,0,0,0,0,619.0738136104118,605.6895980602035,0,0,0,0,0
1767378600,611.75,614.7,610.15,613.1,182.2594030453433,145.80752243627464,273.38910456801494,,613.1,25,-10,-15,-25,615.2609756969124,621.3403882352934,621.3403882352934,616.8476527354036,614.9530124603972,0,0,0,0,609.4009147909977,627.751529411765,646.1021440325322,614.9372348222394,581.2989566834525,0,0,0,0,610.8130670786607,617.129952941177,617.129952941177,616.8476527354036,614.9530124603972,0,0,0,0,605.0232575693726,615.581082352941,615.581082352941,619.0738136104118,605.6895980602035,0,0,0,0,16.960362746189183,,,,,,,619.0738136104118,605.6895980602035,0,0,0,0,619.0738136104118,605.6895980602035,0,0,0,0,0
1767623400,619.3,620.79,616.72,618.39,188.08212575814738,150.4657006065179,282.12318863722106,,618.39,35,-10,10,0,615.5347064289117,621.6051882352941,627.6756700416765,616.8476527354036,614.9530124603972,0,0,0,0,609.4009147909977,627.751529411765,646.1021440325322,614.9372348222394,581.2989566834525,0,0,0,0,610.592196059254,616.7236941176475,622.855192176041,616.8476527354036,614.9530124603972,0,0,0,0,605.0232575693726,615.581082352941,615.581082352941,619.0738136104118,605.6895980602035,0,0,0,0,16.960362746189183,,,,,,,619.0738136104118,605.6895980602035,0,0,0,0,619.0738136104118,605.6895980602035,0,0,0,0,0
1767637800,618.38,618.87,617.035,617.97,188.08212575814738,150.4657006065179,282.12318863722106,,617.97,35,-10,10,0,615.4863547385056,621.4699647058821,627.4535746732587,616.8476527354036,614.9530124603972,0,0,0,0,609.8663492374096,628.0568941176471,646.2474389978845,614.9372348222394,581.2989566834525,0,0,0,0,610.3334491890911,616.3140235294126,622.294597869734,616.8476527354036,614.9530124603972,0,0,0,0,604.8235608694072,615.2672941176477,625.7110273658882,619.0738136104118,605.6895980602035,0,0,0,0,16.81057807325793,,,,,,,619.0738136104118,605.6895980602035,0,0,0,0,619.0738136104118,605.6895980602035,0,0,0,0,0
1767709800,619.21,622.785,618.54,622.14,192.9534861026354,154.36278888210833,289.43022915395306,,622.14,35,-10,10,10,615.7024722281107,621.4976352941173,627.292798360124,616.8476527354036,614.9530124603972,0,0,0,0,609.8663492374096,628.0568941176471,646.2474389978845,614.9372348222394,581.2989566834525,0,0,0,0,610.4867540664053,616.4721529411767,622.457551815948,616.8476527354036,614.9530124603972,0,0,0,0,604.8235608694072,615.2672941176477,625.7110273658882,619.0738136104118,605.6895980602035,0,0,0,0,16.81057807325793,,,,,,,619.0738136104118,605.6895980602035,0,0,0,0,619.0738136104118,605.6895980602035,0,0,0,0,0
1767724200,622.15,624.02,621.92,623.48,192.9534861026354,154.36278888210833,289.43022915395306,,623.48,40,-10,15,40,616.2294029725583,622.0568705882353,627.8843382039122,620.4194349181626,614.9530124603972,0,0,0,0,609.8663492374096,628.0568941176471,646.2474389978845,614.9372348222394,581.2989566834525,0,0,0,0,610.6809919672613,616.6701411764705,622.6592903856796,620.4194349181626,614.9530124603972,0,0,0,0,605.100313866772,615.5493176470587,625.9983214273454,619.0738136104118,605.6895980602035,0,0,0,0,16.81057807325793,,,,,,,619.0738136104118,605.6895980602035,0,0,0,0,619.0738136104118,605.6895980602035,0,0,0,0,0
1767796200,623.04,627.94,622.57,626.37,192.77391173941135,154.2191293915291,289.160867609117,,626.37,10,-10,10,35,616.8817124336825,622.2622352941178,627.642758154553,622.501783169232,614.9530124603972,0,0,0,0,609.8663492374096,628.0568941176471,646.2474389978845,614.9372348222394,581.2989566834525,0,0,0,0,611.1841793519181,617.2649294117648,623.3456794716114,622.501783169232,614.9530124603972,0,0,0,0,605.100313866772,615.5493176470587,625.9983214273454,619.0738136104118,605.6895980602035,0,0,0,0,16.81057807325793,,,,,,,619.0738136104118,605.6895980602035,0,0,0,0,619.0738136104118,605.6895980602035,0,0,0,0,0
1767810600,626.39,627.54,623.62,624.01,192.77391173941135,154.2191293915291,289.160867609117,,624.01,15,5,30,40,617.5579241595261,621.7764941176472,625.9950640757683,622.501783169232,615.0060285347961,0,0,0,0,610.6288713698542,628.7348,646.8407286301457,615.0091777756129,581.2989566834525,0,0,0,0,611.5184158197783,617.6390823529421,623.7597488861059,622.501783169232,615.0060285347961,0,0,0,0,605.6122450591162,616.1085176470591,626.604790235002,619.0943516255027,605.6895980602035,0,0,0,0,16.826684157169407,,,,,,,619.0943516255027,605.6895980602035,0,0,0,0,619.0943516255027,605.6895980602035,0,0,0,0,0
1767882600,623.03,623.42,617.8,619.89,187.73845202166862,150.1907616173349,281.6076780325029,,619.89,10,-10,10,20,617.2658147551136,621.1887529411766,621.1887529411766,622.501783169232,615.0060285347961,0,0,0,0,610.6288713698542,628.7348,646.8407286301457,615.0091777756129,581.2989566834525,0,0,0,0,611.507643971477,617.6230941176476,623.7385442638182,622.501783169232,615.0060285347961,0,0,0,0,605.6122450591162,616.1085176470591,626.604790235002,619.0943516255027,605.6895980602035,0,0,0,0,16.826684157169407,,,,,,,619.0943516255027,605.6895980602035,0,0,0,0,619.0943516255027,605.6895980602035,0,0,0,0,0
1767897000,619.9,620.84,618.41,620.43,187.73845202166862,150.1907616173349,281.6076780325029,,620.43,15,-10,15,25,617.1303548071731,620.5064470588236,623.882539310474,622.501783169232,615.0060285347961,0,0,0,0,610.6288713698542,628.7348,646.8407286301457,615.0091777756129,581.2989566834525,0,0,0,0,611.6914313499645,617.8027058823533,623.913980414742,622.501783169232,615.0060285347961,0,0,0,0,606.4257039282332,616.8153882352944,627.2050725423557,619.0943516255027,605.6895980602035,0,0,0,0,16.826684157169407,,,,,,,619.0943516255027,605.6895980602035,0,0,0,0,619.0943516255027,605.6895980602035,0,0,0,0,0
1767969000,621.41,626.68,619.08,626.07,187.0914129826358,149.67313038610865,280.6371194739537,,626.07,10,-10,10,10,617.6043916624244,621.0748941176474,624.5453965728705,622.501783169232,615.0060285347961,0,0,0,0,610.6288713698542,628.7348,646.8407286301457,615.0091777756129,581.2989566834525,0,0,0,0,612.2805544187219,618.4556588235295,624.6307632283371,622.501783169232,615.0060285347961,0,0,0,0,606.4257039282332,616.8153882352944,627.2050725423557,619.0943516255027,605.6895980602035,0,0,0,0,16.826684157169407,,,,,,,619.0943516255027,605.6895980602035,0,0,0,0,619.0943516255027,605.6895980602035,0,0,0,0,0
1767983400,626.06,627.88,626.04,626.63,187.0914129826358,149.67313038610865,280.6371194739537,,626.63,15,-10,15,30,618.1961826738611,621.8451529411769,625.4941232084927,623.8395513954551,615.0060285347961,0,0,0,0,611.4471592695878,629.4018823529409,647.356605436294,615.0091777756129,581.2989566834525,0,0,0,0,612.9312243588221,619.1734117647061,625.4155991705901,623.8395513954551,615.0060285347961,0,0,0,0,607.9810304446047,618.2132470588232,628.4454636730417,621.5350137124109,605.6895980602035,0,0,0,0,18.399359748617584,,,,,,,621.5350137124109,605.6895980602035,0,0,0,0,621.5350137124109,605.6895980602035,0,0,0,0,0
1768228200,622.31,628.27,622.26,628.12,186.80581060921043,149.44464848736834,280.20871591381564,,628.12,10,-10,10,10,618.9085171025802,622.7820941176469,626.6556711327137,623.8395513954551,615.0060285347961,0,0,0,0,611.4471592695878,629.4018823529409,647.356605436294,615.0091777756129,581.2989566834525,0,0,0,0,613.6900124587307,620.0266705882354,626.3633287177402,623.8395513954551,615.0060285347961,0,0,0,0,607.9810304446047,618.2132470588232,628.4454636730417,621.5350137124109,605.6895980602035,0,0,0,0,18.399359748617584,,,,,,,621.5350137124109,605.6895980602035,0,0,0,0,621.5350137124109,605.6895980602035,0,0,0,0,0
1768242600,628.13,628.84,627.18,627.18,186.80581060921043,149.44464848736834,280.20871591381564,,627.18,15,-10,15,30,619.5727503740874,623.6346588235292,627.696567272971,624.6717982564925,615.0060285347961,0,0,0,0,611.4471592695878,629.4018823529409,647.356605436294,615.0091777756129,581.2989566834525,0,0,0,0,614.3530423740065,620.7661411764714,627.1792399789363,624.6717982564925,615.0060285347961,0,0,0,0,609.799581245393,619.7802352941177,629.7608893428423,622.7784046805992,605.6895980602035,0,0,0,0,18.437850719451816,,,,,,,622.7784046805992,605.6895980602035,0,0,0,0,622.7784046805992,605.6895980602035,0,0,0,0,0
1768314600,627.27,629.47,623.88,625.42,187.39809378557658,149.91847502846127,281.0971406783649,,625.42,10,-10,10,10,620.1109685556462,624.2613411764702,628.4117137972942,624.6717982564925,615.0060285347961,0,0,0,0,611.4471592695878,629.4018823529409,647.356605436294,615.0091777756129,581.2989566834525,0,0,0,0,614.912866113234,621.3626000000005,627.812333886767,624.6717982564925,615.0060285347961,0,0,0,0,609.799581245393,619.7802352941177,629.7608893428423,622.7784046805992,605.6895980602035,0,0,0,0,18.437850719451816,,,,,,,622.7784046805992,605.6895980602035,0,0,0,0,622.7784046805992,605.6895980602035,0,0,0,0,0
1768329000,625.41,626.28,623.7,626.14,187.39809378557658,149.91847502846127,281.0971406783649,,626.14,15,5,30,30,620.638862001633,624.8529411764707,629.0670203513084,624.6717982564925,616.3300666644709,0,0,0,0,612.1789365642068,629.4721647058826,646.7653928475585,616.3330816964099,581.2989566834525,0,0,0,0,615.6788212311563,622.1321882352951,628.5855552394338,624.6717982564925,616.3300666644709,0,0,0,0,610.9221612536082,620.9064470588232,630.8907328640382,622.7784046805992,605.6895980602035,0,0,0,0,18.722537261887393,,,,,,,622.7784046805992,605.6895980602035,0,0,0,0,622.7784046805992,605.6895980602035,0,0,0,0,0
1768401000,622.29,623.45,614.86,616.38,196.05309957066976,156.84247965653583,294.07964935600467,,616.38,-10,-10,-10,-25,620.0559555062272,624.3392705882354,624.3392705882354,622.0549789610628,616.3300666644709,0,0,0,0,612.1789365642068,629.4721647058826,646.7653928475585,616.3330816964099,581.2989566834525,0,0,0,0,615.7163802760443,622.126717647059,622.126717647059,622.0549789610628,616.3300666644709,0,0,0,0,610.9221612536082,620.9064470588232,630.8907328640382,622.7784046805992,605.6895980602035,0,0,0,0,18.722537261887393,,,,,,,622.7784046805992,605.6895980602035,0,0,0,0,622.7784046805992,605.6895980602035,0,0,0,0,0
1768415400,616.37,619.8,614.56,619.62,196.05309957066976,156.84247965653583,294.07964935600467,,619.62,-5,-10,-5,-5,619.8699736077373,624.151223529411,624.151223529411,622.0549789610628,616.3300666644709,0,0,0,0,612.1789365642068,629.4721647058826,646.7653928475585,616.3330816964099,581.2989566834525,0,0,0,0,615.919046309515,622.3047764705884,622.3047764705884,622.0549789610628,616.3300666644709,0,0,0,0,611.7991144721959,621.6335529411764,631.4679914101569,622.7784046805992,605.6895980602035,0,0,0,0,18.713255081967787,,,,,,,622.7784046805992,605.6895980602035,0,0,0,0,622.7784046805992,605.6895980602035,0,0,0,0,0
1768487400,626.62,627.27,623.76,625.99,199.3789748685688,159.50317989485507,299.0684623028532,,625.99,10,-10,10,0,620.7583006068179,625.1133882352945,629.468475863771,622.0549789610628,616.3300666644709,0,0,0,0,612.1789365642068,629.4721647058826,646.7653928475585,616.3330816964099,581.2989566834525,0,0,0,0,616.6056385483294,623.0233058823532,629.440973216377,622.0549789610628,616.3300666644709,0,0,0,0,611.7991144721959,621.6335529411764,631.4679914101569,622.7784046805992,605.6895980602035,0,0,0,0,18.713255081967787,,,,,,,622.7784046805992,605.6895980602035,0,0,0,0,622.7784046805992,605.6895980602035,0,0,0,0,0
1768501800,625.99,626.31,620.62,621.62,199.3789748685688,159.50317989485507,299.0684623028532,,621.62,-5,-10,-5,-15,620.7099246639019,625.0574117647059,625.0574117647059,622.0549789610628,616.3300666644709,0,0,0,0,612.5871588422597,629.296964705882,646.0067705695044,616.3330816964099,581.2989566834525,0,0,0,0,617.0918503127455,623.4547764705887,623.4547764705887,622.0549789610628,616.3300666644709,0,0,0,0,613.0671385221098,622.6766117647059,632.286085007302,622.7784046805992,605.6895980602035,0,0,0,0,18.713255081967787,,,,,,,622.7784046805992,605.6895980602035,0,0,0,0,622.7784046805992,605.6895980602035,0,0,0,0,0
1768573800,625.5,626.08,618.89,621.885,196.68455639356546,157.34764511485238,295.0268345903482,,621.885,-10,-10,-10,-20,620.7470388434429,625.0945294117654,625.0945294117654,622.0549789610628,616.3300666644709,0,0,0,0,612.5871588422597,629.296964705882,646.0067705695044,616.3330816964099,581.2989566834525,0,0,0,0,617.5758015679033,623.8950823529416,630.2143631379798,622.0549789610628,616.3300666644709,0,0,0,0,613.0671385221098,622.6766117647059,632.286085007302,622.7784046805992,605.6895980602035,0,0,0,0,18.713255081967787,,,,,,,622.7784046805992,605.6895980602035,0,0,0,0,622.7784046805992,605.6895980602035,0,0,0,0,0
1768588200,621.88,622.56,620.76,621.05,196.68455639356546,157.34764511485238,295.0268345903482,,621.05,35,-10,-5,-5,620.7264251463099,625.0734941176473,625.0734941176473,622.0549789610628,616.3300666644709,0,0,0,0,612.5871588422597,629.296964705882,646.0067705695044,616.3330816964099,586.5640312060631,0,0,0,0,617.8859499690985,624.1889411764713,624.1889411764713,622.0549789610628,616.3300666644709,0,0,0,0,613.5640332413703,623.1903294117643,632.8166255821583,622.7784046805992,605.6895980602035,0,0,0,0,17.523616492803914,,,,,,,622.7784046805992,605.6895980602035,0,0,0,0,622.7784046805992,605.6895980602035,0,0,0,0,0
1768919400,610.53,615.04,610.32,610.7,190.37875811597053,152.30300649277643,285.5681371739558,,610.7,15,-10,-10,-35,618.8876197833547,623.5760352941179,623.5760352941179,618.9208688954074,616.3300666644709,0,0,0,0,612.5871588422597,629.296964705882,646.0067705695044,616.3330816964099,586.5640312060631,0,0,0,0,617.5789920279594,623.8722588235299,623.8722588235299,618.9208688954074,616.3300666644709,0,0,0,0,613.5640332413703,623.1903294117643,632.8166255821583,620.4647620537876,605.6895980602035,0,0,0,0,17.451994329584252,,,,,,,620.4647620537876,605.6895980602035,0,0,0,0,620.4647620537876,605.6895980602035,0,0,0,0,0
1768933800,610.68,610.86,607.05,608.01,190.37875811597053,152.30300649277643,285.5681371739558,,608.01,10,-10,-15,-60,615.9401781196651,621.2699411764709,621.2699411764709,611.8120695930065,616.3300666644709,0,0,0,0,612.0081550144193,627.9648470588239,627.9648470588239,616.3330816964099,586.5640312060631,0,0,0,0,616.7807657755292,623.2168705882362,623.2168705882362,611.8120695930065,616.3300666644709,0,0,0,0,613.1957557066888,622.8355764705879,622.8355764705879,616.1694219070886,605.6895980602035,0,0,0,0,2.319025845382875,,,,,,,616.1694219070886,605.6895980602035,0,0,1,0,616.1694219070886,605.6895980602035,0,0,0,0,0
1769005800,609.47,616.61,607.87,610.41,181.54480051585787,145.23584041268631,272.3172007737868,,610.41,10,0,-15,-25,614.1473572110392,619.5798941176467,619.5798941176467,611.8120695930065,616.3300666644709,0,0,0,0,612.0081550144193,627.9648470588239,627.9648470588239,616.3330816964099,586.5640312060631,0,0,0,0,616.422242194387,622.8739529411766,622.8739529411766,611.8120695930065,616.3300666644709,0,0,0,0,613.1957557066888,622.8355764705879,622.8355764705879,616.1694219070886,605.6895980602035,0,0,0,0,2.319025845382875,,,,,,,616.1694219070886,605.6895980602035,0,0,0,0,616.1694219070886,605.6895980602035,0,0,0,0,0
1769020200,610.46,620.41,609.7,616.06,181.54480051585787,145.23584041268631,272.3172007737868,,616.06,20,-10,-5,-15,612.9697221588283,618.2047176470594,618.2047176470594,611.8120695930065,616.3300666644709,0,0,0,0,612.0081550144193,627.9648470588239,627.9648470588239,616.3330816964099,586.5640312060631,0,0,0,0,616.1948844522634,622.6503058823532,622.6503058823532,611.8120695930065,616.3300666644709,0,0,0,0,613.0699833203885,622.6904941176471,622.6904941176471,616.1694219070886,605.6895980602035,0,0,0,0,2.1482139199215284,,,,,,,616.1694219070886,605.6895980602035,0,0,0,0,616.1694219070886,605.6895980602035,0,0,0,0,0
1769092200,622.37,622.44,617.78,621.66,183.57547832070833,146.86038265656666,275.3632174810625,,621.66,-10,-10,-10,-5,612.6616230006713,617.682694117647,622.7037652346227,616.0984715326216,616.3300666644709,0,0,0,0,612.0081550144193,627.9648470588239,627.9648470588239,616.3330816964099,586.5640312060631,0,0,0,0,616.2973311287949,622.7366588235292,629.1759865182635,616.0984715326216,616.3300666644709,0,0,0,0,613.0699833203885,622.6904941176471,622.6904941176471,616.1694219070886,605.6895980602035,0,0,0,0,2.1482139199215284,,,,,,,616.1694219070886,605.6895980602035,0,0,0,0,616.1694219070886,605.6895980602035,0,0,0,0,0
1769106600,621.64,622.02,618.93,620.78,183.57547832070833,146.86038265656666,275.3632174810625,,620.78,-5,-10,-5,-15,612.3680433775697,617.3777058823533,622.3873683871369,616.0984715326216,616.3300666644709,0,0,0,0,612.2895755818255,627.7142352941177,643.1388950064098,616.3330816964099,586.5640312060631,0,0,0,0,616.2690434099886,622.6272470588236,628.9854507076586,616.0984715326216,616.3300666644709,0,0,0,0,613.2053119964796,622.8052235294119,632.4051350623442,616.1694219070886,605.6895980602035,0,0,0,0,2.1482139199215284,,,,,,,616.1694219070886,605.6895980602035,0,0,0,0,616.1694219070886,605.6895980602035,0,0,0,0,0
1769178600,619.73,625.4,618.65,623.2,183.8634541237987,147.09076329903897,275.7951811856981,,623.2,10,-10,10,55,612.5058516745793,617.4971411764703,622.4884306783614,617.2761681446066,616.3300666644709,0,0,0,0,612.2895755818255,627.7142352941177,643.1388950064098,616.3330816964099,586.5640312060631,0,0,0,0,616.3820816725931,622.6664000000003,628.9507183274075,617.2761681446066,616.3300666644709,0,0,0,0,613.2053119964796,622.8052235294119,632.4051350623442,616.1694219070886,605.6895980602035,0,0,0,0,17.148213919921528,,,,,,,616.1694219070886,605.6895980602035,0,0,0,0,616.1694219070886,605.6895980602035,0,0,0,0,0
1769193000,623.28,623.73,621.74,622.8,183.8634541237987,147.09076329903897,275.7951811856981,,622.8,-5,-10,-5,20,612.6477064340543,617.6397058823529,622.6317053306516,617.9515429410128,616.3300666644709,0,0,0,0,612.2895755818255,627.7142352941177,643.1388950064098,616.3330816964099,586.5640312060631,0,0,0,0,616.4296166940953,622.531717647059,628.6338186000228,617.9515429410128,616.3300666644709,0,0,0,0,613.9930447624155,623.5858117647051,633.1785787669947,616.1916335181966,605.6895980602035,0,0,0,0,17.148901512559092,,,,,,,616.1916335181966,605.6895980602035,0,0,0,0,616.1916335181966,605.6895980602035,0,0,0,0,0
1769437800,623.21,627.6,622.12,626.98,177.70854176654663,142.1668334132373,266.56281264981993,,626.98,10,-10,10,35,613.5416718078916,618.6352117647061,623.7287517215207,622.3741365154651,616.3300666644709,0,0,0,0,612.2895755818255,627.7142352941177,643.1388950064098,616.3330816964099,586.5640312060631,0,0,0,0,616.7432656820503,622.8529294117648,628.9625931414793,622.3741365154651,616.3300666644709,0,0,0,0,613.9930447624155,623.5858117647051,633.1785787669947,616.5765168383253,605.6895980602035,0,0,0,0,17.16081613396835,,,,,,,616.5765168383253,605.6895980602035,0,0,0,0,616.5765168383253,605.6895980602035,0,0,0,0,0
1769452200,626.97,627.55,625.41,625.46,177.70854176654663,142.1668334132373,266.56281264981993,,625.46,15,-10,15,40,614.556789042953,619.6491411764716,624.7414933099902,622.4181267643604,616.3300666644709,0,0,0,0,612.9677679032691,627.2673882352943,641.5670085673196,616.3330816964099,586.5640312060631,0,0,0,0,616.9610264653867,622.6838352941181,628.4066441228496,622.4181267643604,616.3300666644709,0,0,0,0,614.8627436904991,624.5139529411765,634.1651621918539,620.109622778445,605.6895980602035,0,0,0,0,17.98397170625908,,,,,,,620.109622778445,605.6895980602035,0,0,0,0,620.109622778445,605.6895980602035,0,0,0,0,0
1769524200,628.91,631.83,627.34,631.13,181.30667885676203,145.04534308540963,271.96001828514306,,631.13,10,-10,10,35,615.942109751634,621.3542941176466,626.7664784836593,626.7167946433309,616.3300666644709,0,0,0,0,612.9677679032691,627.2673882352943,641.5670085673196,616.3330816964099,586.5640312060631,0,0,0,0,617.5540361711076,622.7806941176473,628.007352064187,626.7167946433309,616.3300666644709,0,0,0,0,614.8627436904991,624.5139529411765,634.1651621918539,621.9632211514132,605.6895980602035,0,0,0,0,18.041352532352946,,,,,,,621.9632211514132,605.6895980602035,0,0,0,0,621.9632211514132,605.6895980602035,0,0,0,0,0
1769538600,631.15,632.04,630.92,631.09,181.30667885676203,145.04534308540963,271.96001828514306,,631.09,15,15,40,80,616.9083636278095,622.6011882352936,628.2940128427778,627.7706545649128,619.3537197643769,0,0,0,0,612.9677679032691,627.2673882352943,641.5670085673196,619.4768028229172,586.5640312060631,0,0,0,0,617.9747567039901,623.2576000000001,628.5404432960102,627.7706545649128,619.3537197643769,0,0,0,0,616.002884442224,625.8535999999996,635.7043155577752,625.8472767834551,605.6895980602035,0,0,0,0,18.831533257034803,,,,,,,625.8472767834551,605.6895980602035,0,0,0,0,625.8472767834551,605.6895980602035,0,0,0,0,0
1769610600,635.46,636.6,631.82,633.25,183.18693303195823,146.5495464255666,274.78039954793735,,633.25,10,0,20,60,618.0618632175374,624.1403176470585,630.2187720765796,629.6720363817047,619.3537197643769,0,0,0,0,612.9677679032691,627.2673882352943,641.5670085673196,619.4768028229172,586.5640312060631,0,0,0,0,618.4599413049015,623.7530705882356,629.0461998715697,629.6720363817047,619.3537197643769,0,0,0,0,616.002884442224,625.8535999999996,635.7043155577752,626.7160427274941,605.6895980602035,0,0,0,0,18.858427166890447,,,,,,,626.7160427274941,605.6895980602035,0,0,0,0,626.7160427274941,605.6895980602035,0,0,0,0,0
1769625000,633.27,634.49,632.09,632.97,183.18693303195823,146.5495464255666,274.78039954793735,,632.97,30,20,40,55,619.549810229846,625.9441058823535,632.338401534861,629.6720363817047,624.0034540669213,0,0,0,0,613.9013435863113,627.6666823529408,641.4320211195703,624.124888335566,586.5640312060631,0,0,0,0,618.9838491299537,624.4840705882356,629.9842920465175,629.6720363817047,624.0034540669213,0,0,0,0,616.7727001384591,626.8246823529407,636.8766645674224,627.179182532673,605.6895980602035,0,0,0,0,19.863296750898005,,,,,,,627.179182532673,605.6895980602035,0,0,0,0,627.179182532673,605.6895980602035,0,0,0,0,0
1769697000,632.65,633.68,618.28,625.8,183.2259041470953,146.58072331767625,274.8388562206429,,625.8,-10,0,0,15,620.0047896533592,626.3642470588234,626.3642470588234,629.6720363817047,624.0034540669213,0,0,0,0,613.9013435863113,627.6666823529408,641.4320211195703,624.124888335566,586.5640312060631,0,0,0,0,619.1374810375439,624.6315411764708,630.1256013153977,629.6720363817047,624.0034540669213,0,0,0,0,616.7727001384591,626.8246823529407,636.8766645674224,627.179182532673,605.6895980602035,0,0,0,0,19.863296750898005,,,,,,,627.179182532673,605.6895980602035,0,0,0,0,627.179182532673,605.6895980602035,0,0,0,0,0
1769711400,625.8,629.98,625.18,629.35,183.2259041470953,146.58072331767625,274.8388562206429,,629.35,15,0,25,40,621.0620317461339,627.4329999999999,633.8039682538658,629.6720363817047,624.0034540669213,0,0,0,0,613.9013435863113,627.6666823529408,641.4320211195703,624.124888335566,586.5640312060631,0,0,0,0,619.5312945742409,625.1117647058825,630.6922348375241,629.6720363817047,624.0034540669213,0,0,0,0,617.3313910917342,627.4614823529408,637.5915736141475,627.179182532673,605.6895980602035,0,0,0,0,19.863296750898005,,,,,,,627.179182532673,605.6895980602035,0,0,0,0,627.179182532673,605.6895980602035,0,0,0,0,0
1769783400,625.69,628.229,619.31,621.72,173.54238124351824,138.8339049948146,260.31357186527737,,621.72,-10,0,0,15,621.5294343785719,627.8389529411771,627.8389529411771,629.6720363817047,624.0034540669213,0,0,0,0,613.9013435863113,627.6666823529408,641.4320211195703,624.124888335566,586.5640312060631,0,0,0,0,619.4089829703497,624.9748352941183,624.9748352941183,629.6720363817047,624.0034540669213,0,0,0,0,617.3313910917342,627.4614823529408,637.5915736141475,627.179182532673,605.6895980602035,0,0,0,0,19.863296750898005,,,,,,,627.179182532673,605.6895980602035,0,0,0,0,627.179182532673,605.6895980602035,0,0,0,0,0
1769797800,621.72,624.37,619.33,621.7,173.54238124351824,138.8339049948146,260.31357186527737,,621.7,-15,0,-5,-5,621.4616432190651,627.7576588235295,627.7576588235295,627.3196850823903,624.0034540669213,0,0,0,0,614.1554946266873,627.1938352941175,640.2321759615478,624.124888335566,586.5640312060631,0,0,0,0,619.3457161830336,624.9103529411764,624.9103529411764,627.3196850823903,624.0034540669213,0,0,0,0,617.3007445592812,627.2548705882356,627.2548705882356,627.179182532673,605.6895980602035,0,0,0,0,19.863296750898005,,,,,,,627.179182532673,605.6895980602035,0,0,0,0,627.179182532673,605.6895980602035,0,0,0,0,0
1770042600,618.7,628.31,618.66,627.64,157.52880276052937,126.0230422084235,236.29320414079405,,627.64,10,-10,10,10,622.3358063019663,628.6781529411762,635.0204995803862,627.3196850823903,624.0034540669213,0,0,0,0,614.1554946266873,627.1938352941175,640.2321759615478,624.124888335566,586.5640312060631,0,0,0,0,619.7289826815618,625.3478470588235,630.9667114360852,627.3196850823903,624.0034540669213,0,0,0,0,617.3007445592812,627.2548705882356,627.2548705882356,627.179182532673,605.6895980602035,0,0,0,0,19.863296750898005,,,,,,,627.179182532673,605.6895980602035,0,0,0,0,627.179182532673,605.6895980602035,0,0,0,0,0
1770057000,627.6,628.49,625.45,626.23,157.52880276052937,126.0230422084235,236.29320414079405,,626.23,-10,-10,-10,-10,622.5011630859913,628.7765058823529,635.0518486787146,627.3196850823903,624.0034540669213,0,0,0,0,614.1554946266873,627.1938352941175,640.2321759615478,624.124888335566,586.5640312060631,0,0,0,0,620.0887337845378,625.7311058823527,631.3734779801676,627.3196850823903,624.0034540669213,0,0,0,0,617.509623390252,627.0429647058822,636.5763060215124,627.179182532673,605.6895980602035,0,0,0,0,19.863296750898005,,,,,,,627.179182532673,605.6895980602035,0,0,0,0,627.179182532673,605.6895980602035,0,0,0,0,0
1770129000,628.25,628.68,613.26,613.74,161.26260309345386,129.0100824747631,241.89390464018078,,613.74,-10,-10,-10,-55,620.8708353369939,627.2696588235301,627.2696588235301,623.2353950844843,624.0034540669213,0,0,0,0,614.1554946266873,627.1938352941175,640.2321759615478,624.124888335566,586.5640312060631,0,0,0,0,619.3830578298345,625.1427176470585,625.1427176470585,623.2353950844843,624.0034540669213,0,0,0,0,617.509623390252,627.0429647058822,636.5763060215124,627.179182532673,605.6895980602035,0,0,0,0,4.863296750898005,,,,,,,627.179182532673,605.6895980602035,0,0,1,0,627.179182532673,605.6895980602035,0,0,0,0,0
1770143400,613.64,616.77,610.96,616.46,161.26260309345386,129.0100824747631,241.89390464018078,,616.46,-15,-10,-15,-40,619.7504590077548,626.3071647058827,626.3071647058827,618.905724007021,624.0034540669213,0,0,0,0,614.0254659556791,626.2775999999997,626.2775999999997,624.124888335566,586.5640312060631,0,0,0,0,618.9771906727372,624.782894117647,624.782894117647,618.905724007021,624.0034540669213,0,0,0,0,616.9922397520694,626.156305882353,626.156305882353,623.2985926827214,605.6895980602035,0,0,0,0,4.34120097419098,,,,,,,623.2985926827214,605.6895980602035,0,0,0,0,623.2985926827214,605.6895980602035,0,0,0,0,0
1770215400,615.02,615.1,600.48,604.31,155.0889591319624,124.07116730556993,232.63343869794363,,604.31,-15,-10,-15,-40,616.4896433541054,623.7745529411761,623.7745529411761,614.1037994327352,624.0034540669213,0,0,0,0,614.0254659556791,626.2775999999997,626.2775999999997,624.124888335566,586.5640312060631,0,0,0,0,617.0424428532701,623.3442235294118,623.3442235294118,614.1037994327352,624.0034540669213,0,0,0,0,616.9922397520694,626.156305882353,626.156305882353,622.3036932053842,605.6895980602035,0,0,0,0,4.310402417868047,,,,,,,622.3036932053842,605.6895980602035,0,0,0,0,622.3036932053842,605.6895980602035,0,0,0,0,0
1770229800,604.31,609.27,601.71,605.63,155.0889591319624,124.07116730556993,232.63343869794363,,605.63,-20,-10,-20,-45,613.4809316555643,621.3811529411763,621.3811529411763,613.231388286389,624.0034540669213,0,0,0,0,614.0254659556791,626.2775999999997,626.2775999999997,624.124888335566,586.5640312060631,0,0,0,0,615.3944238297643,622.0794117647056,622.0794117647056,613.231388286389,624.0034540669213,0,0,0,0,615.7434965055653,623.8262117647058,623.8262117647058,616.4991436907139,605.6895980602035,0,0,0,0,3.536394716963987,,,,,,,616.4991436907139,605.6895980602035,0,0,0,0,616.4991436907139,605.6895980602035,0,0,0,0,0
1770301800,600.21,604.8,593,599.31,149.59284850389398,119.67427880311519,224.38927275584098,,599.31,-15,-15,-15,-40,609.1438968791882,618.0960235294117,618.0960235294117,608.5492072469374,624.0034540669213,0,0,0,0,614.0254659556791,626.2775999999997,626.2775999999997,624.124888335566,586.5640312060631,0,0,0,0,613.0015737646709,620.3593529411766,620.3593529411766,608.5492072469374,624.0034540669213,0,0,0,0,615.7434965055653,623.8262117647058,623.8262117647058,612.4149191413771,605.6895980602035,0,0,0,0,3.4099616222809686,,,,,,,612.4149191413771,605.6895980602035,0,0,0,0,612.4149191413771,605.6895980602035,0,0,0,0,0
1770316200,599.22,601.86,595.3,597.05,149.59284850389398,119.67427880311519,224.38927275584098,,597.05,-20,-45,-45,-85,603.8986044560148,613.856094117647,613.856094117647,603.1733980853695,614.6950045824466,0,0,0,0,612.112619529239,624.0021411764701,624.0021411764701,614.6410918598298,586.5640312060631,0,0,0,0,610.3807360860513,618.4557411764703,618.4557411764703,603.1733980853695,614.6950045824466,0,0,0,0,613.3195917485591,620.9477882352937,620.9477882352937,609.399567774136,605.6895980602035,0,0,0,0,1.2955681993798975,,,,,,,609.399567774136,605.6895980602035,0,0,1,0,609.399567774136,605.6895980602035,0,0,0,0,0
1770388200,600.19,608.99,598.78,608.19,128.17476035978922,102.53980828783138,192.26214053968383,,608.19,-15,-25,-25,-50,600.9287051959664,610.924423529412,610.924423529412,603.1733980853695,614.6950045824466,0,0,0,0,612.112619529239,624.0021411764701,624.0021411764701,614.6410918598298,586.5640312060631,0,0,0,0,609.1603433863645,617.4073058823527,617.4073058823527,603.1733980853695,614.6950045824466,0,0,0,0,613.3195917485591,620.9477882352937,620.9477882352937,609.399567774136,605.6895980602035,0,0,0,0,1.2955681993798975,,,,,,,609.399567774136,605.6895980602035,0,0,0,0,609.399567774136,605.6895980602035,0,0,0,0,0
1770402600,608.19,611.4,607.37,609.55,128.17476035978922,102.53980828783138,192.26214053968383,,609.55,-20,-25,-30,-55,598.6120837466488,608.7307764705882,608.7307764705882,603.1733980853695,614.6950045824466,0,0,0,0,612.112619529239,624.0021411764701,624.0021411764701,614.6410918598298,586.5640312060631,0,0,0,0,608.0034516519529,616.3439764705879,616.3439764705879,603.1733980853695,614.6950045824466,0,0,0,0,612.1498078439824,619.6364941176466,619.6364941176466,609.399567774136,605.6895980602035,0,0,0,0,1.2955681993798975,,,,,,,609.399567774136,605.6895980602035,0,0,0,0,609.399567774136,605.6895980602035,0,0,0,0,0
1770647400,607.52,616.19,605.07,614.41,143.80158801789713,115.04127041431771,215.7023820268457,,614.41,0,-10,-10,-10,597.5159995346257,607.6629882352942,617.8099769359626,608.4942159850162,614.6950045824466,0,0,0,0,612.112619529239,624.0021411764701,624.0021411764701,614.6410918598298,586.5640312060631,0,0,0,0,607.272420872111,615.5670941176471,615.5670941176471,608.4942159850162,614.6950045824466,0,0,0,0,612.1498078439824,619.6364941176466,619.6364941176466,609.399567774136,605.6895980602035,0,0,0,0,1.2955681993798975,,,,,,,609.399567774136,605.6895980602035,0,0,0,0,609.399567774136,605.6895980602035,0,0,0,0,0
1770661800,614.41,616.46,614.12,614.33,143.80158801789713,115.04127041431771,215.7023820268457,,614.33,-15,-20,-25,-25,596.8522575742585,607.0389411764711,617.2256247786837,609.5113392932028,614.6950045824466,0,0,0,0,611.7534561567514,623.2255999999995,623.2255999999995,614.6410918598298,586.5640312060631,0,0,0,0,606.5577155538246,614.8332470588233,614.8332470588233,609.5113392932028,614.6950045824466,0,0,0,0,611.4538989809723,618.8264470588235,618.8264470588235,609.399567774136,605.6895980602035,0,0,0,0,1.2955681993798975,,,,,,,609.399567774136,605.6895980602035,0,0,0,0,609.399567774136,605.6895980602035,0,0,0,0,0
1770733800,615.32,617.01,612.44,613.3,143.3641094310927,114.69128754487416,215.04616414663903,,613.3,-10,-10,-10,0,596.038036289843,606.277364705882,616.5166931219209,609.5113392932028,614.6950045824466,0,0,0,0,611.7534561567514,623.2255999999995,623.2255999999995,614.6410918598298,586.5640312060631,0,0,0,0,605.9001366638038,614.2281294117645,614.2281294117645,609.5113392932028,614.6950045824466,0,0,0,0,611.4538989809723,618.8264470588235,618.8264470588235,609.399567774136,605.6895980602035,0,0,0,0,1.2955681993798975,,,,,,,609.399567774136,605.6895980602035,0,0,0,0,609.399567774136,605.6895980602035,0,0,0,0,0
1770748200,613.25,614.03,611.01,611.51,143.3641094310927,114.69128754487416,215.04616414663903,,611.51,-15,-15,-15,-5,595.2638941824821,605.5528470588242,605.5528470588242,609.5113392932028,614.6950045824466,0,0,0,0,611.7534561567514,623.2255999999995,623.2255999999995,614.6410918598298,586.5640312060631,0,0,0,0,605.0698815442479,613.4792000000001,613.4792000000001,609.5113392932028,614.6950045824466,0,0,0,0,610.575246558065,617.997529411765,617.997529411765,609.399567774136,605.6895980602035,0,0,0,0,1.2955681993798975,,,,,,,609.399567774136,605.6895980602035,0,0,0,0,609.399567774136,605.6895980602035,0,0,0,0,0
1770820200,616.4,617.52,607.69,612.99,140.71227290461397,112.56981832369118,211.06840935692094,,612.99,-10,-10,-10,0,594.5164095965936,604.8553882352945,615.1943668739955,609.5113392932028,614.6950045824466,0,0,0,0,611.7534561567514,623.2255999999995,623.2255999999995,614.6410918598298,586.5640312060631,0,0,0,0,604.5682561224093,613.0271882352938,613.0271882352938,609.5113392932028,614.6950045824466,0,0,0,0,610.575246558065,617.997529411765,617.997529411765,609.399567774136,605.6895980602035,0,0,0,0,1.2955681993798975,,,,,,,609.399567774136,605.6895980602035,0,0,0,0,609.399567774136,605.6895980602035,0,0,0,0,0
1770834600,612.99,614.98,612.45,612.96,140.71227290461397,112.56981832369118,211.06840935692094,,612.96,-15,-10,-15,-15,594.554327824999,604.7825647058819,615.0108015867648,609.5113392932028,614.6950045824466,0,0,0,0,611.2919560962915,622.466258823529,622.466258823529,614.6410918598298,586.5640312060631,0,0,0,0,604.1534289010978,612.6479764705875,612.6479764705875,609.5113392932028,614.6950045824466,0,0,0,0,610.0271888152639,617.501741176471,617.501741176471,609.399567774136,605.6895980602035,0,0,0,0,1.2955681993798975,,,,,,,609.399567774136,605.6895980602035,0,0,0,0,609.399567774136,605.6895980602035,0,0,0,0,0
1770906600,614.71,615.81,601.54,602.5,137.07771406966813,109.6621712557345,205.6165711045022,,602.5,-10,-10,-10,-10,592.5877933620485,603.1013176470587,603.1013176470587,609.5113392932028,614.6950045824466,0,0,0,0,611.2919560962915,622.466258823529,622.466258823529,614.6410918598298,586.5640312060631,0,0,0,0,602.832630055264,611.5969294117647,611.5969294117647,609.5113392932028,614.6950045824466,0,0,0,0,610.0271888152639,617.501741176471,617.501741176471,609.399567774136,605.6895980602035,0,0,0,0,1.2955681993798975,,,,,,,609.399567774136,605.6895980602035,0,0,0,0,609.399567774136,605.6895980602035,0,0,0,0,0
1770921000,602.47,604.96,599.57,600.64,137.07771406966813,109.6621712557345,205.6165711045022,,600.64,-15,-10,-15,-40,591.4079720213672,601.91265882353,601.91265882353,606.8413844686316,614.6950045824466,0,0,0,0,611.2919560962915,622.466258823529,622.466258823529,614.6410918598298,586.5640312060631,0,0,0,0,601.2581778683253,610.3632235294118,610.3632235294118,606.8413844686316,614.6950045824466,0,0,0,0,608.0553113240985,615.9689411764706,615.9689411764706,609.399567774136,605.6895980602035,0,0,0,0,2.508197508097835,,,,,,,609.399567774136,605.6895980602035,0,0,0,0,609.399567774136,605.6895980602035,0,0,0,0,0
1770993000,600.43,606.43,596.42,605.49,135.3121291447731,108.2497033158185,202.96819371715966,,605.49,-15,-15,-15,-25,591.2844858508545,601.4966352941178,601.4966352941178,606.8413844686316,614.6950045824466,0,0,0,0,611.2919560962915,622.466258823529,622.466258823529,614.6410918598298,586.5640312060631,0,0,0,0,600.1105041733114,609.3962941176467,609.3962941176467,606.8413844686316,614.6950045824466,0,0,0,0,608.0553113240985,615.9689411764706,615.9689411764706,609.399567774136,605.6895980602035,0,0,0,0,2.508197508097835,,,,,,,609.399567774136,605.6895980602035,0,0,0,0,609.399567774136,605.6895980602035,0,0,0,0,0
1771007400,605.495,606.47,600.09,601.78,135.3121291447731,108.2497033158185,202.96819371715966,,601.78,-20,-20,-20,-45,591.3261922131796,601.0685882352943,601.0685882352943,606.6641048471623,614.6950045824466,0,0,0,0,609.8911690961163,621.0713882352945,621.0713882352945,614.6410918598298,586.5640312060631,0,0,0,0,598.6329465217462,608.1967764705885,608.1967764705885,606.6641048471623,614.6950045824466,0,0,0,0,606.516237599735,614.7676235294114,614.7676235294114,609.399567774136,605.6895980602035,0,0,0,0,2.508197508097835,,,,,,,609.399567774136,605.6895980602035,0,0,0,0,609.399567774136,605.6895980602035,0,0,0,0,0
1771338600,598.375,602.2,593.34,601.03,140.79961535151907,112.63969228121526,211.1994230272786,,601.03,-15,-15,-15,-40,591.6661866786694,600.796611764706,600.796611764706,606.3956822406656,614.6950045824466,0,0,0,0,609.8911690961163,621.0713882352945,621.0713882352945,614.6410918598298,586.5640312060631,0,0,0,0,597.4301127173006,607.2085058823525,607.2085058823525,606.3956822406656,614.6950045824466,0,0,0,0,606.516237599735,614.7676235294114,614.7676235294114,609.399567774136,605.6895980602035,0,0,0,0,2.508197508097835,,,,,,,609.399567774136,605.6895980602035,0,0,0,0,609.399567774136,605.6895980602035,0,0,0,0,0
1771353000,601.06,603.95,600.27,601.21,140.79961535151907,112.63969228121526,211.1994230272786,,601.21,-20,-30,-35,-60,591.1446954881039,600.1531764705885,600.1531764705885,606.2621954013902,614.3609097650063,0,0,0,0,609.8911690961163,621.0713882352945,621.0713882352945,614.332196096575,586.5640312060631,0,0,0,0,596.3686308795451,606.3155294117646,606.3155294117646,606.2621954013902,614.3609097650063,0,0,0,0,605.0616829253378,613.6262117647061,613.6262117647061,609.399567774136,605.6895980602035,0,0,0,0,2.442370133160685,,,,,,,609.399567774136,605.6895980602035,0,0,0,0,609.399567774136,605.6895980602035,0,0,0,0,0
1771425000,602.12,609.77,600.73,608.21,137.91296783876754,110.33037427101404,206.8694517581513,,608.21,0,-15,0,0,592.8297664822167,601.1662352941178,609.5027041060189,606.2621954013902,614.3609097650063,0,0,0,0,609.8911690961163,621.0713882352945,621.0713882352945,614.332196096575,586.5640312060631,0,0,0,0,596.1959837025547,606.0854941176474,606.0854941176474,606.2621954013902,614.3609097650063,0,0,0,0,605.0616829253378,613.6262117647061,613.6262117647061,609.399567774136,605.6895980602035,0,0,0,0,2.442370133160685,,,,,,,609.399567774136,605.6895980602035,0,0,1,0,609.399567774136,605.6895980602035,0,0,0,0,0
1771439400,608.23,608.52,603.25,605.7,137.91296783876754,110.33037427101404,206.8694517581513,,605.7,-15,-15,-15,-15,593.4707871646866,601.4198117647057,601.4198117647057,606.2621954013902,614.3609097650063,0,0,0,0,608.7814305452127,619.7336705882352,619.7336705882352,614.332196096575,586.5640312060631,0,0,0,0,595.7854416335161,605.6698117647059,605.6698117647059,606.2621954013902,614.3609097650063,0,0,0,0,604.1559556596673,612.8625176470583,612.8625176470583,609.399567774136,605.6895980602035,0,0,0,0,2.442370133160685,,,,,,,609.399567774136,605.6895980602035,0,0,0,0,609.399567774136,605.6895980602035,0,0,0,0,0
1771511400,602.8,605.81,600.73,601.705,135.79098041847257,108.63278433477807,203.68647062770884,,601.705,-10,-15,-10,-10,593.6293089575645,601.3293058823535,601.3293058823535,606.2621954013902,614.3609097650063,0,0,0,0,608.7814305452127,619.7336705882352,619.7336705882352,614.332196096575,586.5640312060631,0,0,0,0,594.9296006052798,604.9240705882356,604.9240705882356,606.2621954013902,614.3609097650063,0,0,0,0,604.1559556596673,612.8625176470583,612.8625176470583,609.399567774136,605.6895980602035,0,0,0,0,2.442370133160685,,,,,,,609.399567774136,605.6895980602035,0,0,0,0,609.399567774136,605.6895980602035,0,0,0,0,0
1771525800,601.67,603.55,600.82,603.48,135.79098041847257,108.63278433477807,203.68647062770884,,603.48,-5,-20,-5,-5,595.1607453496277,601.9334470588228,601.9334470588228,606.2621954013902,614.3609097650063,0,0,0,0,608.7814305452127,619.7336705882352,619.7336705882352,614.332196096575,586.5640312060631,0,0,0,0,594.3792937340341,604.4007529411765,604.4007529411765,606.2621954013902,614.3609097650063,0,0,0,0,603.2000012671168,612.0606352941177,612.0606352941177,609.399567774136,605.6895980602035,0,0,0,0,2.442370133160685,,,,,,,609.399567774136,605.6895980602035,0,0,0,0,609.399567774136,605.6895980602035,0,0,0,0,0
1771597800,600.11,610.35,599.24,606.15,136.87687222080734,109.50149777664588,205.315308331211,,606.15,-10,-15,-10,-10,597.6525244051111,603.2558470588233,608.8591697125355,606.2621954013902,614.3609097650063,0,0,0,0,608.7814305452127,619.7336705882352,619.7336705882352,614.332196096575,586.5640312060631,0,0,0,0,593.6486827201197,603.7476705882353,603.7476705882353,606.2621954013902,614.3609097650063,0,0,0,0,603.2000012671168,612.0606352941177,612.0606352941177,609.399567774136,605.6895980602035,0,0,0,0,2.442370133160685,,,,,,,609.399567774136,605.6895980602035,0,0,1,0,609.399567774136,605.6895980602035,0,0,0,0,0
1771612200,606.19,609.91,605.28,608.79,136.87687222080734,109.50149777664588,205.315308331211,,608.79,-15,-15,-15,-15,598.8681457722182,604.1724823529412,609.4768189336642,606.2621954013902,614.3609097650063,0,0,0,0,607.9304272668611,618.6024470588231,618.6024470588231,614.332196096575,586.5640312060631,0,0,0,0,593.3400814930669,603.4532470588231,613.5664126245792,606.2621954013902,614.3609097650063,0,0,0,0,602.7945884490479,611.6771764705879,611.6771764705879,609.399567774136,605.6895980602035,0,0,0,0,2.442370133160685,,,,,,,609.399567774136,605.6895980602035,0,0,0,0,609.399567774136,605.6895980602035,0,0,0,0,0
1771857000,606.58,608,599.05,602.46,138.24563923576193,110.59651138860954,207.3684588536429,,602.46,-10,-15,-10,-10,599.0969643716596,604.1720117647056,604.1720117647056,606.2621954013902,614.3609097650063,0,0,0,0,607.9304272668611,618.6024470588231,618.6024470588231,614.332196096575,586.5640312060631,0,0,0,0,592.8205816214046,602.9476000000001,602.9476000000001,606.2621954013902,614.3609097650063,0,0,0,0,602.7945884490479,611.6771764705879,611.6771764705879,609.399567774136,605.6895980602035,0,0,0,0,2.442370133160685,,,,,,,609.399567774136,605.6895980602035,0,0,0,0,609.399567774136,605.6895980602035,0,0,0,0,0
1771871400,602.45,602.67,599.305,601.4,138.24563923576193,110.59651138860954,207.3684588536429,,601.4,-15,-15,-15,-30,598.2277153791957,603.3925529411757,603.3925529411757,606.0134911429205,614.3609097650063,0,0,0,0,607.9304272668611,618.6024470588231,618.6024470588231,614.332196096575,586.5640312060631,0,0,0,0,592.0108674670325,602.2402117647064,602.2402117647064,606.0134911429205,614.3609097650063,0,0,0,0,601.7165739023552,610.7863294117648,610.7863294117648,609.399567774136,605.6895980602035,0,0,0,0,2.442370133160685,,,,,,,609.399567774136,605.6895980602035,0,0,0,0,609.399567774136,605.6895980602035,0,0,0,0,0
1771943400,602.37,608.99,599.74,607.56,132.01472637778264,105.61178110222612,198.02208956667397,,607.56,0,-15,0,0,598.5216824631001,603.6933294117648,608.8649763604295,606.0134911429205,614.3609097650063,0,0,0,0,607.9304272668611,618.6024470588231,618.6024470588231,614.332196096575,586.5640312060631,0,0,0,0,591.867517626834,602.0693058823525,602.0693058823525,606.0134911429205,614.3609097650063,0,0,0,0,601.7165739023552,610.7863294117648,610.7863294117648,609.399567774136,605.6895980602035,0,0,0,0,2.442370133160685,,,,,,,609.399567774136,605.6895980602035,0,0,1,0,609.399567774136,605.6895980602035,0,0,0,0,0
1771957800,607.57,608.82,606.82,607.84,132.01472637778264,105.61178110222612,198.02208956667397,,607.84,-15,-20,-15,-15,598.4098658869441,603.4398941176471,608.4699223483501,606.0134911429205,614.3609097650063,0,0,0,0,607.0173656343267,617.5440235294116,617.5440235294116,614.332196096575,586.5640312060631,0,0,0,0,591.7440803078456,601.9204470588232,612.0968138098009,606.0134911429205,614.3609097650063,0,0,0,0,601.5460767914725,610.5551058823526,610.5551058823526,609.399567774136,605.6895980602035,0,0,0,0,2.481866558122975,,,,,,,609.399567774136,605.6895980602035,0,0,0,0,609.399567774136,605.6895980602035,0,0,0,0,0
1772029800,611.11,615.88,611.01,615.41,130.77288842055898,104.6183107364472,196.1593326308385,,615.41,10,0,10,35,599.0738559736619,604.022482352941,608.97110873222,610.0351623499683,614.3609097650063,0,0,0,0,607.0173656343267,617.5440235294116,617.5440235294116,614.332196096575,586.5640312060631,0,0,0,0,591.8030972546895,601.9764588235298,612.1498203923701,610.0351623499683,614.3609097650063,0,0,0,0,601.5460767914725,610.5551058823526,610.5551058823526,609.399567774136,605.6895980602035,0,0,0,0,2.481866558122975,,,,,,,609.399567774136,605.6895980602035,0,0,0,0,609.399567774136,605.6895980602035,0,0,0,0,0
1772044200,615.39,616.86,615.31,616.54,130.77288842055898,104.6183107364472,196.1593326308385,,616.54,15,-10,15,40,600.2028784810987,605.4807647058828,610.758650930667,611.905828760942,614.3609097650063,0,0,0,0,607.0173656343267,617.5440235294116,617.5440235294116,614.332196096575,586.5640312060631,0,0,0,0,591.848932639981,602.0015294117644,612.1541261835479,611.905828760942,614.3609097650063,0,0,0,0,602.064843004436,610.9732000000002,619.8815569955644,609.399567774136,605.6895980602035,0,0,0,0,2.481866558122975,,,,,,,609.399567774136,605.6895980602035,0,0,0,0,609.399567774136,605.6895980602035,0,0,0,0,0
1772116200,615.53,615.59,603.98,605.35,139.00821799565162,111.2065743965213,208.51232699347742,,605.35,-10,-10,-10,0,600.3151865464367,605.5898941176467,605.5898941176467,611.905828760942,614.3609097650063,0,0,0,0,607.0173656343267,617.5440235294116,617.5440235294116,614.332196096575,586.5640312060631,0,0,0,0,591.0247332536982,601.2336588235294,601.2336588235294,611.905828760942,614.3609097650063,0,0,0,0,602.064843004436,610.9732000000002,619.8815569955644,609.399567774136,605.6895980602035,0,0,0,0,2.481866558122975,,,,,,,609.399567774136,605.6895980602035,0,0,0,0,609.399567774136,605.6895980602035,0,0,0,0,0
1772130600,605.35,609.66,605.07,609.28,139.00821799565162,111.2065743965213,208.51232699347742,,609.28,-15,0,-15,-5,601.3491993871709,606.4177058823526,611.4862123775343,611.905828760942,614.3609097650063,0,0,0,0,606.3089688343482,616.7887294117642,616.7887294117642,614.332196096575,586.5640312060631,0,0,0,0,590.7898543369198,601.008847058824,611.2278397807282,611.905828760942,614.3609097650063,0,0,0,0,601.4036390435236,610.3561411764708,610.3561411764708,609.399567774136,605.6895980602035,0,0,0,0,2.481866558122975,,,,,,,609.399567774136,605.6895980602035,0,0,1,0,609.399567774136,605.6895980602035,0,0,0,0,0
1772202600,602.95,608.32,602.19,605.31,137.95795460700148,110.36636368560119,206.9369319105022,,605.31,-10,-10,-10,0,602.080166756916,606.9031411764701,606.9031411764701,611.905828760942,614.3609097650063,0,0,0,0,606.3089688343482,616.7887294117642,616.7887294117642,614.332196096575,586.5640312060631,0,0,0,0,590.505956630231,600.7157294117643,600.7157294117643,611.905828760942,614.3609097650063,0,0,0,0,601.4036390435236,610.3561411764708,610.3561411764708,609.399567774136,605.6895980602035,0,0,0,0,2.481866558122975,,,,,,,609.399567774136,605.6895980602035,0,0,0,0,609.399567774136,605.6895980602035,0,0,0,0,0
1772217000,605.28,608.03,604.42,607.38,137.95795460700148,110.36636368560119,206.9369319105022,,607.38,-15,-15,-15,-30,603.0115335199237,607.595211764706,607.595211764706,611.8509117494561,614.3609097650063,0,0,0,0,606.3089688343482,616.7887294117642,616.7887294117642,614.332196096575,586.5640312060631,0,0,0,0,590.4078735201855,600.5866117647051,600.5866117647051,611.8509117494561,614.3609097650063,0,0,0,0,600.472033697384,609.4747764705878,609.4747764705878,609.399567774136,605.6895980602035,0,0,0,0,2.481866558122975,,,,,,,609.399567774136,605.6895980602035,0,0,1,0,609.399567774136,605.6895980602035,0,0,0,0,0